# laptime, ego_x_pos, ego_y_pos, actual speed, expected speed, tracking error, nosie, completion, steering, slip_angle
0.000000  ,-0.286853 ,-0.010608 ,7.985059  ,8.000000  ,0.113736  ,0.000000  ,100.000000,-0.144540 ,3.371157  
0.000000  ,-0.286853 ,-0.010608 ,7.985059  ,8.000000  ,0.113736  ,-0.000000 ,100.000000,-0.144540 ,22.653996 
0.020000  ,-0.136174 ,0.042352  ,7.986446  ,8.000000  ,0.000000  ,0.000000  ,100.000000,-0.160164 ,2.312005  
0.040000  ,0.014643  ,0.094996  ,7.987704  ,8.000000  ,0.079520  ,0.000000  ,0.000000  ,-0.141870 ,0.932455  
0.060000  ,0.165888  ,0.146472  ,7.988846  ,8.000000  ,0.023747  ,-0.000000 ,0.120000  ,-0.144265 ,0.773233  
0.080000  ,0.317741  ,0.196195  ,7.989881  ,8.000000  ,0.027743  ,0.000000  ,0.230000  ,-0.138724 ,2.723979  
0.100000  ,0.470336  ,0.243657  ,7.990821  ,8.000000  ,0.066072  ,0.000000  ,0.230000  ,-0.127102 ,4.708556  
0.120000  ,0.623827  ,0.288195  ,7.991673  ,8.000000  ,0.101335  ,0.000000  ,0.350000  ,-0.109774 ,6.583221  
0.140000  ,0.778316  ,0.329197  ,7.992446  ,8.000000  ,0.132747  ,0.000000  ,0.460000  ,-0.085582 ,8.289085  
0.160000  ,0.933795  ,0.366328  ,7.993147  ,8.000000  ,0.158979  ,-0.000000 ,0.580000  ,-0.065610 ,9.722194  
0.180000  ,1.090229  ,0.399269  ,7.993784  ,8.000000  ,0.180143  ,0.000000  ,0.690000  ,-0.044043 ,10.782157 
0.200000  ,1.247539  ,0.427793  ,7.994361  ,8.000000  ,0.195341  ,0.000000  ,0.690000  ,-0.021821 ,-11.456460
0.220000  ,1.405632  ,0.451681  ,7.994884  ,8.000000  ,0.205641  ,0.000000  ,0.810000  ,-0.014532 ,-11.795719
0.240000  ,1.564331  ,0.471221  ,7.995359  ,8.000000  ,0.210958  ,-0.000000 ,0.930000  ,0.003399  ,-11.765253
0.260000  ,1.723498  ,0.486591  ,7.995790  ,8.000000  ,0.211560  ,-0.000000 ,1.040000  ,0.019099  ,-11.332244
0.280000  ,1.883009  ,0.497962  ,7.996181  ,8.000000  ,0.207720  ,-0.000000 ,1.160000  ,0.033096  ,-10.597860
0.300000  ,2.042739  ,0.505846  ,7.996535  ,8.000000  ,0.199922  ,0.000000  ,1.160000  ,0.043892  ,-9.616264 
0.320000  ,2.202596  ,0.510764  ,7.996857  ,8.000000  ,0.189114  ,-0.000000 ,1.270000  ,0.030052  ,-8.390198 
0.340000  ,2.362515  ,0.513292  ,7.997149  ,8.000000  ,0.175799  ,-0.000000 ,1.390000  ,0.033960  ,-6.969207 
0.360000  ,2.522459  ,0.513762  ,7.997414  ,8.000000  ,0.160384  ,0.000000  ,1.500000  ,0.036195  ,-5.495957 
0.380000  ,2.682405  ,0.512687  ,7.997654  ,8.000000  ,0.143449  ,0.000000  ,1.620000  ,0.036883  ,-4.089728 
0.400000  ,2.842348  ,0.510701  ,7.997872  ,8.000000  ,0.125955  ,-0.000000 ,1.620000  ,0.034993  ,-2.749136 
0.420000  ,3.002289  ,0.508261  ,7.998069  ,8.000000  ,0.108101  ,0.000000  ,1.740000  ,0.030801  ,-1.473940 
0.440000  ,3.162233  ,0.505806  ,7.998248  ,8.000000  ,0.090493  ,-0.000000 ,1.850000  ,0.016164  ,-0.301009 
0.460000  ,3.322184  ,0.503578  ,7.998411  ,8.000000  ,0.073429  ,0.000000  ,1.970000  ,0.011925  ,0.699339  
0.480000  ,3.482144  ,0.501765  ,7.998559  ,8.000000  ,0.057153  ,0.000000  ,2.080000  ,0.008004  ,1.455391  
0.500000  ,3.642112  ,0.500621  ,7.998692  ,8.000000  ,0.042586  ,0.000000  ,2.080000  ,0.004034  ,1.974915  
0.520000  ,3.802087  ,0.500321  ,7.998814  ,8.000000  ,0.029032  ,0.000000  ,2.200000  ,-0.000303 ,2.314087  
0.540000  ,3.962063  ,0.500978  ,7.998924  ,8.000000  ,0.017015  ,0.000000  ,2.310000  ,-0.003375 ,2.518384  
0.560000  ,4.122033  ,0.502634  ,7.999024  ,8.000000  ,0.006627  ,-0.000000 ,2.430000  ,-0.007241 ,2.614854  
0.580000  ,4.281996  ,0.505058  ,7.999114  ,8.000000  ,0.002314  ,-0.000000 ,2.550000  ,-0.009974 ,2.553146  
0.600000  ,4.441948  ,0.508199  ,7.999197  ,8.000000  ,0.008909  ,-0.000000 ,2.550000  ,-0.011866 ,2.313572  
0.620000  ,4.601888  ,0.511973  ,7.999271  ,8.000000  ,0.014629  ,0.000000  ,2.660000  ,-0.013335 ,1.961076  
0.640000  ,4.761817  ,0.516257  ,7.999339  ,8.000000  ,0.018985  ,-0.000000 ,2.780000  ,-0.008342 ,1.550244  
0.660000  ,4.921737  ,0.520908  ,7.999400  ,8.000000  ,0.022076  ,0.000000  ,2.890000  ,-0.009374 ,1.119850  
0.680000  ,5.081651  ,0.525778  ,7.999456  ,8.000000  ,0.024011  ,-0.000000 ,3.010000  ,-0.010833 ,0.696424  
0.700000  ,5.241564  ,0.530724  ,7.999506  ,8.000000  ,0.023776  ,0.000000  ,3.010000  ,-0.012838 ,0.297176  
0.720000  ,5.401480  ,0.535607  ,7.999552  ,8.000000  ,0.023291  ,-0.000000 ,3.120000  ,-0.015478 ,0.067638  
0.740000  ,5.561403  ,0.540304  ,7.999594  ,8.000000  ,0.021919  ,-0.000000 ,3.240000  ,-0.011268 ,0.392832  
0.760000  ,5.721335  ,0.544703  ,7.999632  ,8.000000  ,0.019737  ,-0.000000 ,3.360000  ,-0.014888 ,0.676810  
0.780000  ,5.881277  ,0.548707  ,7.999666  ,8.000000  ,0.016814  ,-0.000000 ,3.470000  ,-0.019240 ,0.920423  
0.800000  ,6.041232  ,0.552235  ,7.999697  ,8.000000  ,0.011917  ,-0.000000 ,3.470000  ,-0.024331 ,1.126101  
0.820000  ,6.201199  ,0.555215  ,7.999725  ,8.000000  ,0.007200  ,0.000000  ,3.590000  ,-0.030160 ,-1.297203 
0.840000  ,6.361176  ,0.557589  ,7.999750  ,8.000000  ,0.000000  ,-0.000000 ,3.700000  ,-0.027872 ,-1.437545 
0.860000  ,6.521161  ,0.559310  ,7.999774  ,8.000000  ,0.004102  ,0.000000  ,3.820000  ,-0.034592 ,-1.551074 
0.880000  ,6.681154  ,0.560340  ,7.999795  ,8.000000  ,0.010644  ,0.000000  ,3.940000  ,-0.042001 ,-1.641636 
0.900000  ,6.841149  ,0.560489  ,7.999814  ,8.000000  ,0.019007  ,0.000000  ,3.940000  ,-0.048750 ,-1.763574 
0.920000  ,7.001143  ,0.559561  ,7.999831  ,8.000000  ,0.026685  ,0.000000  ,4.050000  ,-0.053807 ,-1.984603 
0.940000  ,7.161126  ,0.557480  ,7.999847  ,8.000000  ,0.034549  ,0.000000  ,4.170000  ,-0.048233 ,-2.301026 
0.960000  ,7.321087  ,0.554135  ,7.999861  ,8.000000  ,0.042500  ,-0.000000 ,4.280000  ,-0.051117 ,-2.665889 
0.980000  ,7.481014  ,0.549399  ,7.999874  ,8.000000  ,0.050423  ,-0.000000 ,4.400000  ,-0.053256 ,-3.045916 
1.000000  ,7.640889  ,0.543144  ,7.999886  ,8.000000  ,0.059683  ,0.000000  ,4.400000  ,-0.054768 ,-3.418414 
1.020000  ,7.800690  ,0.535242  ,7.999896  ,8.000000  ,0.067668  ,0.000000  ,4.510000  ,-0.049021 ,-3.768728 
1.040000  ,7.960395  ,0.525573  ,7.999906  ,8.000000  ,0.075270  ,-0.000000 ,4.630000  ,-0.049950 ,-4.088198 
1.060000  ,8.119975  ,0.514032  ,7.999915  ,8.000000  ,0.082389  ,-0.000000 ,4.750000  ,-0.050429 ,-4.372523 
1.080000  ,8.279401  ,0.500521  ,7.999922  ,8.000000  ,0.088941  ,-0.000000 ,4.860000  ,-0.050460 ,-4.620487 
1.100000  ,8.438640  ,0.484960  ,7.999930  ,8.000000  ,0.096469  ,0.000000  ,4.860000  ,-0.050032 ,-4.832961 
1.120000  ,8.597657  ,0.467279  ,7.999936  ,8.000000  ,0.102200  ,-0.000000 ,4.980000  ,-0.045955 ,-5.012165 
1.140000  ,8.756418  ,0.447420  ,7.999942  ,8.000000  ,0.107183  ,-0.000000 ,5.090000  ,-0.045038 ,-5.161099 
1.160000  ,8.914884  ,0.425338  ,7.999948  ,8.000000  ,0.111372  ,-0.000000 ,5.210000  ,-0.043683 ,-5.283148 
1.180000  ,9.073019  ,0.400995  ,7.999952  ,8.000000  ,0.114731  ,0.000000  ,5.320000  ,-0.041948 ,-5.381790 
1.200000  ,9.230785  ,0.374364  ,7.999957  ,8.000000  ,0.118903  ,0.000000  ,5.320000  ,-0.039887 ,-5.460403 
1.220000  ,9.388143  ,0.345424  ,7.999961  ,8.000000  ,0.120995  ,0.000000  ,5.440000  ,-0.036945 ,-5.522149 
1.240000  ,9.545057  ,0.314160  ,7.999964  ,8.000000  ,0.122160  ,0.000000  ,5.560000  ,-0.034416 ,-5.569893 
1.260000  ,9.701488  ,0.280565  ,7.999968  ,8.000000  ,0.122365  ,-0.000000 ,5.670000  ,-0.031623 ,-5.606179 
1.280000  ,9.857398  ,0.244632  ,7.999971  ,8.000000  ,0.122851  ,0.000000  ,5.670000  ,-0.028598 ,-5.633215 
1.300000  ,10.012790 ,0.206516  ,7.999973  ,7.952409  ,0.121820  ,0.000000  ,5.790000  ,-0.026940 ,-5.602149 
1.320000  ,10.167507 ,0.166428  ,7.983601  ,7.889594  ,0.120221  ,0.000000  ,5.900000  ,-0.027515 ,-5.479088 
1.340000  ,10.321224 ,0.124507  ,7.951241  ,7.826314  ,0.118147  ,0.000000  ,6.020000  ,-0.028128 ,-5.308418 
1.360000  ,10.473681 ,0.080898  ,7.908238  ,7.762534  ,0.115699  ,-0.000000 ,6.130000  ,-0.029069 ,-5.148295 
1.380000  ,10.624704 ,0.035721  ,7.858083  ,7.762534  ,0.114669  ,0.000000  ,6.130000  ,-0.029759 ,-5.022511 
1.400000  ,10.774397 ,-0.011001 ,7.825193  ,7.698239  ,0.112435  ,-0.000000 ,6.250000  ,-0.030329 ,-4.901421 
1.420000  ,10.922800 ,-0.059228 ,7.781493  ,7.633426  ,0.110058  ,-0.000000 ,6.370000  ,-0.031388 ,-4.780845 
1.440000  ,11.069742 ,-0.108847 ,7.730525  ,7.568103  ,0.107586  ,-0.000000 ,6.480000  ,-0.032613 ,-4.687106 
1.460000  ,11.215102 ,-0.159768 ,7.674615  ,7.502290  ,0.105045  ,0.000000  ,6.600000  ,-0.033872 ,-4.626903 
1.480000  ,11.358735 ,-0.212092 ,7.615297  ,7.502290  ,0.104611  ,0.000000  ,6.600000  ,-0.031469 ,-4.653227 
1.500000  ,11.500736 ,-0.266017 ,7.576397  ,7.436025  ,0.102222  ,0.000000  ,6.710000  ,-0.028346 ,-4.797133 
1.520000  ,11.641219 ,-0.321434 ,7.528078  ,7.369377  ,0.099530  ,0.000000  ,6.830000  ,-0.024927 ,-4.993721 
1.540000  ,11.780058 ,-0.378173 ,7.473449  ,7.302453  ,0.096610  ,0.000000  ,6.940000  ,-0.022313 ,-5.148280 
1.560000  ,11.917122 ,-0.436221 ,7.414588  ,7.302453  ,0.095815  ,0.000000  ,6.940000  ,-0.019505 ,-5.237950 
1.580000  ,12.052537 ,-0.495655 ,7.375988  ,7.235408  ,0.093099  ,-0.000000 ,7.060000  ,-0.017650 ,-5.250573 
1.600000  ,12.186366 ,-0.556495 ,7.327597  ,7.168452  ,0.089992  ,0.000000  ,7.180000  ,-0.016519 ,-5.201567 
1.620000  ,12.318454 ,-0.618635 ,7.272815  ,7.168452  ,0.088317  ,-0.000000 ,7.180000  ,-0.015381 ,-5.136652 
1.640000  ,12.448916 ,-0.682094 ,7.236891  ,7.101858  ,0.085345  ,0.000000  ,7.290000  ,-0.014563 ,-5.036652 
1.660000  ,12.577810 ,-0.746852 ,7.190409  ,7.035971  ,0.081987  ,-0.000000 ,7.410000  ,-0.014523 ,-4.908833 
1.680000  ,12.704991 ,-0.812770 ,7.137248  ,6.971217  ,0.078258  ,-0.000000 ,7.520000  ,-0.014103 ,-4.789420 
1.700000  ,12.830369 ,-0.879737 ,7.080096  ,6.971217  ,0.076557  ,-0.000000 ,7.520000  ,-0.013791 ,-4.689526 
1.720000  ,12.954097 ,-0.947787 ,7.042617  ,6.908125  ,0.073165  ,-0.000000 ,7.640000  ,-0.014518 ,-4.576330 
1.740000  ,13.076260 ,-1.016912 ,6.996322  ,6.847325  ,0.069446  ,-0.000000 ,7.750000  ,-0.016457 ,-4.447020 
1.760000  ,13.196752 ,-1.086984 ,6.945034  ,6.847325  ,0.067581  ,-0.000000 ,7.750000  ,-0.015358 ,-4.327468 
1.780000  ,13.315700 ,-1.158023 ,6.911400  ,6.789478  ,0.064435  ,0.000000  ,7.870000  ,-0.018188 ,-4.195583 
1.800000  ,13.433183 ,-1.230013 ,6.869432  ,6.735191  ,0.061055  ,-0.000000 ,7.990000  ,-0.022795 ,-4.051772 
1.820000  ,13.549113 ,-1.302829 ,6.823223  ,6.735191  ,0.059579  ,0.000000  ,7.990000  ,-0.021808 ,-3.918499 
1.840000  ,13.663612 ,-1.376488 ,6.792920  ,6.684994  ,0.057152  ,-0.000000 ,8.100000  ,-0.027966 ,-3.777985 
1.860000  ,13.776761 ,-1.450976 ,6.755770  ,6.639334  ,0.054633  ,0.000000  ,8.220000  ,-0.036585 ,-3.630327 
1.880000  ,13.888501 ,-1.526184 ,6.715690  ,6.639334  ,0.054310  ,-0.000000 ,8.220000  ,-0.035632 ,-3.492695 
1.900000  ,13.998854 ,-1.602263 ,6.689406  ,6.598564  ,0.053110  ,0.000000  ,8.330000  ,-0.045023 ,-3.392814 
1.920000  ,14.107802 ,-1.679343 ,6.658136  ,6.562931  ,0.051669  ,0.000000  ,8.450000  ,-0.041180 ,-3.394954 
1.940000  ,14.215283 ,-1.757370 ,6.625364  ,6.562931  ,0.052598  ,0.000000  ,8.450000  ,-0.048623 ,-3.512373 
1.960000  ,14.321346 ,-1.836419 ,6.603873  ,6.532558  ,0.052479  ,0.000000  ,8.560000  ,-0.057805 ,-3.679946 
1.980000  ,14.426005 ,-1.916560 ,6.579325  ,6.507433  ,0.052114  ,-0.000000 ,8.680000  ,-0.051454 ,-3.861233 
2.000000  ,14.529183 ,-1.997803 ,6.554578  ,6.507433  ,0.054684  ,0.000000  ,8.680000  ,-0.061564 ,-4.044156 
2.020000  ,14.630896 ,-2.080231 ,6.538350  ,6.487378  ,0.055875  ,-0.000000 ,8.800000  ,-0.074575 ,-4.205131 
2.040000  ,14.731145 ,-2.163907 ,6.520804  ,6.472041  ,0.056765  ,0.000000  ,8.910000  ,-0.068260 ,-4.335826 
2.060000  ,14.829861 ,-2.248860 ,6.504019  ,6.472041  ,0.061474  ,0.000000  ,8.910000  ,-0.083143 ,-4.447973 
2.080000  ,14.926876 ,-2.335337 ,6.493011  ,6.460940  ,0.064019  ,-0.000000 ,9.030000  ,-0.098253 ,-4.592206 
2.100000  ,15.022155 ,-2.423400 ,6.481972  ,6.453522  ,0.065963  ,-0.000000 ,9.140000  ,-0.088269 ,-4.825385 
2.120000  ,15.115512 ,-2.513197 ,6.472179  ,6.453522  ,0.072592  ,-0.000000 ,9.140000  ,-0.099951 ,-5.140128 
2.140000  ,15.206878 ,-2.604793 ,6.465757  ,6.449157  ,0.076014  ,0.000000  ,9.260000  ,-0.111043 ,-5.516415 
2.160000  ,15.296144 ,-2.698268 ,6.460043  ,6.447123  ,0.078559  ,0.000000  ,9.380000  ,-0.097154 ,-5.907474 
2.180000  ,15.383077 ,-2.793781 ,6.455595  ,6.447123  ,0.087160  ,0.000000  ,9.380000  ,-0.104609 ,-6.309487 
2.200000  ,15.467542 ,-2.891385 ,6.452679  ,6.446585  ,0.091102  ,0.000000  ,9.490000  ,-0.089891 ,-6.734176 
2.220000  ,15.549394 ,-2.991127 ,6.450581  ,6.446585  ,0.098655  ,0.000000  ,9.490000  ,-0.093973 ,-7.142186 
2.240000  ,15.628603 ,-3.092937 ,6.449206  ,6.446585  ,0.103713  ,-0.000000 ,9.610000  ,-0.098071 ,-7.476546 
2.260000  ,15.705153 ,-3.196733 ,6.448304  ,6.446585  ,0.107786  ,-0.000000 ,9.720000  ,-0.086762 ,-7.669753 
2.280000  ,15.778818 ,-3.302577 ,6.447712  ,6.446585  ,0.115632  ,-0.000000 ,9.720000  ,-0.090826 ,-7.755362 
2.300000  ,15.849531 ,-3.410405 ,6.447324  ,6.447112  ,0.119866  ,0.000000  ,9.840000  ,-0.093948 ,-7.808799 
2.320000  ,15.917353 ,-3.520069 ,6.447251  ,6.449264  ,0.122834  ,-0.000000 ,9.950000  ,-0.084319 ,-7.809743 
2.340000  ,15.982239 ,-3.631497 ,6.447438  ,6.449264  ,0.129835  ,0.000000  ,9.950000  ,-0.087472 ,-7.732447 
2.360000  ,16.044171 ,-3.744598 ,6.447608  ,6.454146  ,0.132617  ,-0.000000 ,10.070000 ,-0.080165 ,-7.612480 
2.380000  ,16.103143 ,-3.859278 ,6.448215  ,6.462850  ,0.134052  ,-0.000000 ,10.190000 ,-0.081885 ,-7.473092 
2.400000  ,16.159164 ,-3.975451 ,6.449573  ,6.462850  ,0.139653  ,0.000000  ,10.190000 ,-0.082856 ,-7.327707 
2.420000  ,16.212244 ,-4.093025 ,6.450806  ,6.476401  ,0.140571  ,-0.000000 ,10.300000 ,-0.075587 ,-7.186391 
2.440000  ,16.262397 ,-4.211917 ,6.453182  ,6.476401  ,0.143705  ,-0.000000 ,10.300000 ,-0.074329 ,-7.053663 
2.460000  ,16.309637 ,-4.332044 ,6.455338  ,6.495685  ,0.143903  ,-0.000000 ,10.420000 ,-0.071463 ,-6.932609 
2.480000  ,16.353977 ,-4.453335 ,6.459083  ,6.521445  ,0.142679  ,0.000000  ,10.530000 ,-0.063664 ,-6.822842 
2.500000  ,16.395438 ,-4.575741 ,6.464873  ,6.521445  ,0.143784  ,-0.000000 ,10.530000 ,-0.058456 ,-6.719187 
2.520000  ,16.434057 ,-4.699190 ,6.470125  ,6.554296  ,0.141546  ,-0.000000 ,10.650000 ,-0.051548 ,-6.616745 
2.540000  ,16.470095 ,-4.823553 ,6.477940  ,6.594732  ,0.138153  ,0.000000  ,10.760000 ,-0.046053 ,-6.460565 
2.560000  ,16.503628 ,-4.948808 ,6.488782  ,6.594732  ,0.137324  ,-0.000000 ,10.760000 ,-0.041401 ,-6.190404 
2.580000  ,16.534733 ,-5.074901 ,6.498619  ,6.643137  ,0.133262  ,0.000000  ,10.880000 ,-0.036578 ,-5.860237 
2.600000  ,16.563513 ,-5.201784 ,6.512036  ,6.643137  ,0.130340  ,-0.000000 ,10.880000 ,-0.034473 ,-5.511122 
2.620000  ,16.590075 ,-5.329412 ,6.524207  ,6.699789  ,0.125662  ,0.000000  ,11.000000 ,-0.029076 ,-5.170968 
2.640000  ,16.614525 ,-5.457751 ,6.540508  ,6.764857  ,0.120056  ,-0.000000 ,11.110000 ,-0.023001 ,-4.854117 
2.660000  ,16.637124 ,-5.586808 ,6.561336  ,6.764857  ,0.115811  ,-0.000000 ,11.110000 ,-0.022270 ,-4.525775 
2.680000  ,16.658121 ,-5.716537 ,6.580231  ,6.838369  ,0.110138  ,-0.000000 ,11.230000 ,-0.018527 ,-4.139791 
2.700000  ,16.677647 ,-5.846929 ,6.604196  ,6.920189  ,0.104050  ,0.000000  ,11.340000 ,-0.015743 ,-3.698960 
2.720000  ,16.695861 ,-5.978051 ,6.633533  ,6.920189  ,0.099415  ,0.000000  ,11.340000 ,-0.018224 ,-3.245793 
2.740000  ,16.712913 ,-6.109892 ,6.660146  ,7.010084  ,0.093648  ,-0.000000 ,11.460000 ,-0.015930 ,-2.816059 
2.760000  ,16.728948 ,-6.242457 ,6.692633  ,7.107788  ,0.087757  ,-0.000000 ,11.570000 ,-0.013515 ,-2.428638 
2.780000  ,16.744104 ,-6.375841 ,6.731176  ,7.107788  ,0.083148  ,-0.000000 ,11.570000 ,-0.015453 ,-2.087261 
2.800000  ,16.758495 ,-6.510049 ,6.766140  ,7.213021  ,0.077765  ,-0.000000 ,11.690000 ,-0.012237 ,-1.798148 
2.820000  ,16.772215 ,-6.645097 ,6.807628  ,7.325473  ,0.072406  ,0.000000  ,11.810000 ,-0.008380 ,-1.560737 
2.840000  ,16.785353 ,-6.781103 ,6.855704  ,7.325473  ,0.067909  ,0.000000  ,11.810000 ,-0.009114 ,-1.367219 
2.860000  ,16.797972 ,-6.918078 ,6.899317  ,7.444799  ,0.062893  ,0.000000  ,11.920000 ,-0.004081 ,-1.215017 
2.880000  ,16.810120 ,-7.056043 ,6.949959  ,7.570609  ,0.057850  ,0.000000  ,12.040000 ,0.001826  ,-1.099017 
2.900000  ,16.821845 ,-7.195132 ,7.007580  ,7.570609  ,0.053072  ,0.000000  ,12.040000 ,0.008719  ,-1.010143 
2.920000  ,16.833197 ,-7.335354 ,7.059851  ,7.702456  ,0.047889  ,-0.000000 ,12.150000 ,0.008744  ,-0.938197 
2.940000  ,16.844431 ,-7.476709 ,7.119510  ,7.839837  ,0.042716  ,-0.000000 ,12.270000 ,0.014292  ,-0.823478 
2.960000  ,16.855625 ,-7.619338 ,7.186384  ,7.982220  ,0.037569  ,-0.000000 ,12.380000 ,0.018704  ,-0.620031 
2.980000  ,16.866864 ,-7.763375 ,7.260269  ,7.982220  ,0.032069  ,-0.000000 ,12.380000 ,0.022770  ,-0.371352 
3.000000  ,16.878237 ,-7.908815 ,7.327294  ,8.000000  ,0.026505  ,-0.000000 ,12.500000 ,0.019396  ,-0.115016 
3.020000  ,16.889827 ,-8.055536 ,7.389747  ,8.000000  ,0.020798  ,0.000000  ,12.620000 ,0.022943  ,0.126070  
3.040000  ,16.901710 ,-8.203428 ,7.446403  ,8.000000  ,0.014861  ,0.000000  ,12.730000 ,0.026343  ,0.340416  
3.060000  ,16.913951 ,-8.352374 ,7.497798  ,8.000000  ,0.007941  ,-0.000000 ,12.730000 ,0.029623  ,0.523934  
3.080000  ,16.926608 ,-8.502268 ,7.544422  ,8.000000  ,0.000000  ,-0.000000 ,12.850000 ,0.027168  ,0.677067  
3.100000  ,16.939727 ,-8.653015 ,7.586717  ,8.000000  ,0.005535  ,-0.000000 ,12.960000 ,0.030480  ,0.802758  
3.120000  ,16.953346 ,-8.804527 ,7.625086  ,8.000000  ,0.012424  ,0.000000  ,13.080000 ,0.033617  ,0.905077  
3.140000  ,16.967494 ,-8.956725 ,7.659893  ,8.000000  ,0.019752  ,0.000000  ,13.080000 ,0.036537  ,0.988358  
3.160000  ,16.982344 ,-9.109522 ,7.691468  ,8.000000  ,0.026522  ,0.000000  ,13.190000 ,0.033845  ,1.101121  
3.180000  ,16.998078 ,-9.262836 ,7.720112  ,8.000000  ,0.032842  ,0.000000  ,13.310000 ,0.033375  ,1.304832  
3.200000  ,17.014768 ,-9.416598 ,7.746096  ,8.000000  ,0.038605  ,-0.000000 ,13.430000 ,0.030829  ,1.597005  
3.220000  ,17.032518 ,-9.570739 ,7.769668  ,8.000000  ,0.043926  ,0.000000  ,13.430000 ,0.026403  ,1.933310  
3.240000  ,17.051291 ,-9.725212 ,7.791052  ,8.000000  ,0.048359  ,-0.000000 ,13.540000 ,0.021567  ,2.236353  
3.260000  ,17.071041 ,-9.879974 ,7.810451  ,8.000000  ,0.052102  ,-0.000000 ,13.660000 ,0.018455  ,2.425676  
3.280000  ,17.091825 ,-10.034974,7.828048  ,8.000000  ,0.055074  ,-0.000000 ,13.770000 ,0.015473  ,2.494546  
3.300000  ,17.113660 ,-10.190168,7.844012  ,8.000000  ,0.057233  ,0.000000  ,13.890000 ,0.012528  ,2.483712  
3.320000  ,17.136538 ,-10.345519,7.858494  ,8.000000  ,0.058724  ,-0.000000 ,13.890000 ,0.009426  ,2.423901  
3.340000  ,17.160432 ,-10.500996,7.871631  ,8.000000  ,0.059251  ,-0.000000 ,14.000000 ,0.009438  ,2.337537  
3.360000  ,17.185310 ,-10.656573,7.883549  ,8.000000  ,0.058957  ,-0.000000 ,14.120000 ,0.006057  ,2.240385  
3.380000  ,17.211136 ,-10.812225,7.894360  ,8.000000  ,0.057863  ,0.000000  ,14.240000 ,0.002118  ,2.143038  
3.400000  ,17.237874 ,-10.967932,7.904168  ,8.000000  ,0.056066  ,0.000000  ,14.240000 ,-0.002449 ,2.052172  
3.420000  ,17.265491 ,-11.123676,7.913065  ,8.000000  ,0.053442  ,-0.000000 ,14.350000 ,-0.007699 ,1.971598  
3.440000  ,17.293930 ,-11.279444,7.921136  ,8.000000  ,0.050086  ,-0.000000 ,14.470000 ,-0.007603 ,1.894101  
3.460000  ,17.322909 ,-11.435269,7.928457  ,8.000000  ,0.046263  ,-0.000000 ,14.580000 ,-0.011438 ,1.743680  
3.480000  ,17.352347 ,-11.591150,7.935099  ,8.000000  ,0.042030  ,-0.000000 ,14.700000 ,-0.014014 ,1.478416  
3.500000  ,17.382149 ,-11.747090,7.941125  ,8.000000  ,0.037403  ,-0.000000 ,14.700000 ,-0.015624 ,1.144783  
3.520000  ,17.412200 ,-11.903100,7.946590  ,8.000000  ,0.032523  ,0.000000  ,14.810000 ,-0.016495 ,0.782861  
3.540000  ,17.442375 ,-12.059193,7.951549  ,8.000000  ,0.027480  ,0.000000  ,14.930000 ,-0.011972 ,0.420196  
3.560000  ,17.472549 ,-12.215381,7.956047  ,8.000000  ,0.022381  ,0.000000  ,15.050000 ,-0.012299 ,0.074758  
3.580000  ,17.502604 ,-12.371680,7.960128  ,8.000000  ,0.017324  ,-0.000000 ,15.160000 ,-0.012286 ,-0.242621 
3.600000  ,17.532432 ,-12.528101,7.963829  ,8.000000  ,0.012253  ,-0.000000 ,15.160000 ,-0.011966 ,-0.526295 
3.620000  ,17.561937 ,-12.684656,7.967187  ,8.000000  ,0.007474  ,-0.000000 ,15.280000 ,-0.011353 ,-0.774270 
3.640000  ,17.591034 ,-12.841352,7.970234  ,8.000000  ,0.000000  ,0.000000  ,15.390000 ,-0.008310 ,-0.987021 
3.660000  ,17.619649 ,-12.998195,7.972997  ,8.000000  ,0.001184  ,-0.000000 ,15.510000 ,-0.007614 ,-1.166597 
3.680000  ,17.647723 ,-13.155190,7.975504  ,8.000000  ,0.004951  ,0.000000  ,15.620000 ,-0.006580 ,-1.315966 
3.700000  ,17.675202 ,-13.312339,7.977778  ,8.000000  ,0.008465  ,0.000000  ,15.620000 ,-0.005180 ,-1.438544 
3.720000  ,17.702045 ,-13.469641,7.979841  ,8.000000  ,0.011382  ,-0.000000 ,15.740000 ,-0.003382 ,-1.537862 
3.740000  ,17.728218 ,-13.627096,7.981713  ,8.000000  ,0.013790  ,0.000000  ,15.860000 ,-0.001720 ,-1.617355 
3.760000  ,17.753691 ,-13.784702,7.983411  ,8.000000  ,0.015662  ,-0.000000 ,15.970000 ,0.000452  ,-1.680220 
3.780000  ,17.778444 ,-13.942456,7.984951  ,8.000000  ,0.016973  ,0.000000  ,16.090000 ,0.003123  ,-1.729346 
3.800000  ,17.802485 ,-14.100349,7.986348  ,8.000000  ,0.017867  ,-0.000000 ,16.090000 ,0.006099  ,-1.758069 
3.820000  ,17.826062 ,-14.258340,7.987615  ,8.000000  ,0.018328  ,-0.000000 ,16.200000 ,0.007269  ,-1.690093 
3.840000  ,17.849225 ,-14.416415,7.988765  ,8.000000  ,0.018500  ,0.000000  ,16.320000 ,0.004504  ,-1.485548 
3.860000  ,17.872045 ,-14.574563,7.989808  ,8.000000  ,0.018445  ,0.000000  ,16.440000 ,0.003060  ,-1.194006 
3.880000  ,17.894623 ,-14.732766,7.990754  ,8.000000  ,0.018254  ,-0.000000 ,16.550000 ,0.000801  ,-0.858673 
3.900000  ,17.917073 ,-14.891005,7.991613  ,8.000000  ,0.018075  ,-0.000000 ,16.550000 ,-0.002074 ,-0.510095 
3.920000  ,17.939514 ,-15.049262,7.992391  ,8.000000  ,0.017896  ,-0.000000 ,16.670000 ,-0.005408 ,-0.169034 
3.940000  ,17.962035 ,-15.207523,7.993098  ,8.000000  ,0.017838  ,-0.000000 ,16.780000 ,-0.009338 ,0.141946  
3.960000  ,17.984481 ,-15.365808,7.993739  ,8.000000  ,0.017724  ,-0.000000 ,16.900000 ,-0.010434 ,0.336322  
3.980000  ,18.006891 ,-15.524110,7.994320  ,8.000000  ,0.017572  ,-0.000000 ,17.010000 ,-0.009659 ,0.368517  
4.000000  ,18.029272 ,-15.682427,7.994847  ,8.000000  ,0.017244  ,0.000000  ,17.010000 ,-0.007277 ,0.285612  
4.020000  ,18.051594 ,-15.840763,7.995326  ,8.000000  ,0.016822  ,0.000000  ,17.130000 ,-0.003528 ,0.130498  
4.040000  ,18.073804 ,-15.999125,7.995760  ,8.000000  ,0.016172  ,0.000000  ,17.250000 ,-0.000734 ,-0.065134 
4.060000  ,18.095833 ,-16.157519,7.996153  ,8.000000  ,0.015194  ,0.000000  ,17.360000 ,0.004487  ,-0.278471 
4.080000  ,18.117609 ,-16.315956,7.996510  ,8.000000  ,0.013783  ,0.000000  ,17.480000 ,0.010562  ,-0.493625 
4.100000  ,18.139085 ,-16.474441,7.996834  ,8.000000  ,0.011517  ,-0.000000 ,17.480000 ,0.017177  ,-0.690775 
4.120000  ,18.160454 ,-16.632947,7.997128  ,8.000000  ,0.009052  ,-0.000000 ,17.590000 ,0.022113  ,-0.784516 
4.140000  ,18.181711 ,-16.791474,7.997395  ,8.000000  ,0.000000  ,-0.000000 ,17.710000 ,0.020897  ,-0.729431 
4.160000  ,18.202877 ,-16.950017,7.997637  ,8.000000  ,0.002833  ,0.000000  ,17.820000 ,0.023126  ,-0.572103 
4.180000  ,18.224008 ,-17.108570,7.997856  ,8.000000  ,0.000850  ,0.000000  ,17.940000 ,0.024496  ,-0.354492 
4.200000  ,18.245179 ,-17.267122,7.998055  ,8.000000  ,0.005041  ,0.000000  ,17.940000 ,0.025151  ,-0.107115 
4.220000  ,18.266474 ,-17.425661,7.998236  ,8.000000  ,0.009173  ,-0.000000 ,18.060000 ,0.025199  ,0.148484  
4.240000  ,18.287981 ,-17.584175,7.998399  ,8.000000  ,0.013331  ,-0.000000 ,18.170000 ,0.021805  ,0.397692  
4.260000  ,18.309783 ,-17.742652,7.998548  ,8.000000  ,0.017409  ,-0.000000 ,18.290000 ,0.021362  ,0.631150  
4.280000  ,18.331960 ,-17.901080,7.998683  ,8.000000  ,0.021310  ,-0.000000 ,18.400000 ,0.020515  ,0.843404  
4.300000  ,18.354583 ,-18.059447,7.998805  ,8.000000  ,0.025106  ,-0.000000 ,18.400000 ,0.019288  ,1.031832  
4.320000  ,18.377716 ,-18.217743,7.998916  ,8.000000  ,0.028432  ,0.000000  ,18.520000 ,0.017703  ,1.195807  
4.340000  ,18.401414 ,-18.375957,7.999017  ,8.000000  ,0.031342  ,0.000000  ,18.630000 ,0.015410  ,1.336044  
4.360000  ,18.425724 ,-18.534080,7.999108  ,8.000000  ,0.033779  ,0.000000  ,18.750000 ,0.013591  ,1.454116  
4.380000  ,18.450684 ,-18.692104,7.999191  ,8.000000  ,0.035696  ,0.000000  ,18.870000 ,0.011422  ,1.552088  
4.400000  ,18.476328 ,-18.850020,7.999266  ,8.000000  ,0.037198  ,0.000000  ,18.870000 ,0.008899  ,1.632252  
4.420000  ,18.502682 ,-19.007820,7.999334  ,8.000000  ,0.038020  ,0.000000  ,18.980000 ,0.006014  ,1.696949  
4.440000  ,18.529767 ,-19.165498,7.999396  ,8.000000  ,0.038238  ,0.000000  ,19.100000 ,0.004646  ,1.748440  
4.460000  ,18.557599 ,-19.323047,7.999452  ,8.000000  ,0.037839  ,0.000000  ,19.210000 ,0.001389  ,1.788829  
4.480000  ,18.586191 ,-19.480461,7.999503  ,8.000000  ,0.036816  ,0.000000  ,19.330000 ,-0.002282 ,1.820019  
4.500000  ,18.615554 ,-19.637734,7.999549  ,8.000000  ,0.035376  ,0.000000  ,19.330000 ,-0.006396 ,1.843695  
4.520000  ,18.645667 ,-19.794866,7.999591  ,8.000000  ,0.033225  ,0.000000  ,19.440000 ,-0.010743 ,1.852064  
4.540000  ,18.676276 ,-19.951903,7.999629  ,8.000000  ,0.030762  ,-0.000000 ,19.560000 ,-0.009391 ,1.767453  
4.560000  ,18.707324 ,-20.108854,7.999663  ,8.000000  ,0.028049  ,0.000000  ,19.680000 ,-0.010208 ,1.549107  
4.580000  ,18.738736 ,-20.265734,7.999695  ,8.000000  ,0.025171  ,0.000000  ,19.790000 ,-0.009862 ,1.246011  
4.600000  ,18.770407 ,-20.422562,7.999723  ,8.000000  ,0.022424  ,0.000000  ,19.790000 ,-0.008623 ,0.900903  
4.620000  ,18.802222 ,-20.579361,7.999749  ,8.000000  ,0.019582  ,0.000000  ,19.910000 ,-0.006722 ,0.543973  
4.640000  ,18.834060 ,-20.736157,7.999772  ,8.000000  ,0.016898  ,0.000000  ,20.020000 ,-0.002298 ,0.195722  
4.660000  ,18.865804 ,-20.892972,7.999793  ,8.000000  ,0.014478  ,0.000000  ,20.140000 ,-0.000018 ,-0.130702 
4.680000  ,18.897344 ,-21.049828,7.999812  ,8.000000  ,0.012421  ,-0.000000 ,20.250000 ,0.002478  ,-0.427618 
4.700000  ,18.928594 ,-21.206743,7.999830  ,8.000000  ,0.010824  ,0.000000  ,20.250000 ,0.005009  ,-0.686684 
4.720000  ,18.959674 ,-21.363692,7.999846  ,8.000000  ,0.009407  ,0.000000  ,20.370000 ,0.005840  ,-0.842150 
4.740000  ,18.990620 ,-21.520668,7.999860  ,8.000000  ,0.008154  ,-0.000000 ,20.490000 ,0.005229  ,-0.841865 
4.760000  ,19.021436 ,-21.677669,7.999873  ,8.000000  ,0.007022  ,0.000000  ,20.600000 ,0.002581  ,-0.715368 
4.780000  ,19.052166 ,-21.834688,7.999885  ,8.000000  ,0.005922  ,-0.000000 ,20.720000 ,-0.001272 ,-0.511290 
4.800000  ,19.082880 ,-21.991710,7.999895  ,8.000000  ,0.004390  ,0.000000  ,20.720000 ,-0.006101 ,-0.265358 
4.820000  ,19.113506 ,-22.148750,7.999905  ,8.000000  ,0.002858  ,0.000000  ,20.830000 ,-0.010334 ,-0.053861 
4.840000  ,19.143965 ,-22.305822,7.999914  ,8.000000  ,0.000000  ,0.000000  ,20.950000 ,-0.010691 ,0.041115  
4.860000  ,19.174286 ,-22.462921,7.999922  ,8.000000  ,0.000733  ,-0.000000 ,21.060000 ,-0.011793 ,0.014580  
4.880000  ,19.204459 ,-22.620049,7.999929  ,8.000000  ,0.002858  ,-0.000000 ,21.180000 ,-0.011773 ,-0.091049 
4.900000  ,19.234446 ,-22.777212,7.999936  ,8.000000  ,0.005229  ,-0.000000 ,21.180000 ,-0.010770 ,-0.244080 
4.920000  ,19.264196 ,-22.934421,7.999942  ,8.000000  ,0.007397  ,-0.000000 ,21.300000 ,-0.008894 ,-0.421374 
4.940000  ,19.293647 ,-23.091686,7.999947  ,8.000000  ,0.009401  ,-0.000000 ,21.410000 ,-0.006181 ,-0.606517 
4.960000  ,19.322738 ,-23.249018,7.999952  ,8.000000  ,0.011133  ,-0.000000 ,21.530000 ,-0.003431 ,-0.788295 
4.980000  ,19.351406 ,-23.406428,7.999956  ,8.000000  ,0.012487  ,-0.000000 ,21.640000 ,-0.000036 ,-0.959452 
5.000000  ,19.379593 ,-23.563924,7.999961  ,8.000000  ,0.013325  ,-0.000000 ,21.640000 ,0.003979  ,-1.115682 
5.020000  ,19.407326 ,-23.721502,7.999964  ,8.000000  ,0.013688  ,0.000000  ,21.760000 ,0.007903  ,-1.229459 
5.040000  ,19.434719 ,-23.879138,7.999968  ,8.000000  ,0.013664  ,-0.000000 ,21.880000 ,0.007793  ,-1.242553 
5.060000  ,19.461845 ,-24.036822,7.999971  ,8.000000  ,0.013311  ,0.000000  ,21.990000 ,0.008668  ,-1.126444 
5.080000  ,19.488746 ,-24.194543,7.999973  ,7.960780  ,0.012659  ,-0.000000 ,22.110000 ,0.008548  ,-0.910243 
5.100000  ,19.515473 ,-24.352151,7.986482  ,7.960780  ,0.011693  ,-0.000000 ,22.110000 ,0.007646  ,-0.639871 
5.120000  ,19.542107 ,-24.509550,7.977635  ,7.803453  ,0.010648  ,0.000000  ,22.220000 ,0.003992  ,-0.345644 
5.140000  ,19.568666 ,-24.666236,7.917677  ,7.647575  ,0.009574  ,0.000000  ,22.340000 ,0.002450  ,-0.045450 
5.160000  ,19.595115 ,-24.821373,7.824702  ,7.493661  ,0.008587  ,-0.000000 ,22.450000 ,0.000505  ,0.258008  
5.180000  ,19.621460 ,-24.974417,7.710749  ,7.342216  ,0.007816  ,0.000000  ,22.570000 ,-0.001938 ,0.570912  
5.200000  ,19.647739 ,-25.125021,7.583891  ,7.342216  ,0.007168  ,0.000000  ,22.570000 ,-0.006461 ,0.899594  
5.220000  ,19.673929 ,-25.273531,7.500701  ,7.193733  ,0.006784  ,-0.000000 ,22.690000 ,-0.008250 ,1.168577  
5.240000  ,19.699976 ,-25.420137,7.395035  ,7.048698  ,0.006467  ,-0.000000 ,22.800000 ,-0.007188 ,1.290533  
5.260000  ,19.725855 ,-25.564482,7.275818  ,6.907592  ,0.006242  ,0.000000  ,22.920000 ,-0.006353 ,1.275118  
5.280000  ,19.751523 ,-25.706361,7.149066  ,6.907592  ,0.005408  ,-0.000000 ,22.920000 ,-0.001283 ,1.172841  
5.300000  ,19.777026 ,-25.846160,7.065945  ,6.770884  ,0.000000  ,-0.000000 ,23.030000 ,0.006686  ,1.001578  
5.320000  ,19.802350 ,-25.984104,6.964378  ,6.639026  ,0.004127  ,0.000000  ,23.150000 ,0.010123  ,0.783687  
5.340000  ,19.827563 ,-26.119892,6.852384  ,6.639026  ,0.002524  ,0.000000  ,23.150000 ,0.020236  ,0.595778  
5.360000  ,19.852814 ,-26.253807,6.778941  ,6.512478  ,0.000000  ,-0.000000 ,23.260000 ,0.031540  ,0.520192  
5.380000  ,19.878094 ,-26.386025,6.687218  ,6.391627  ,0.000008  ,-0.000000 ,23.380000 ,0.030454  ,0.564850  
5.400000  ,19.903359 ,-26.516271,6.585469  ,6.391627  ,0.002760  ,0.000000  ,23.380000 ,0.041646  ,0.687488  
5.420000  ,19.928688 ,-26.644806,6.518744  ,6.276770  ,0.000000  ,-0.000000 ,23.500000 ,0.056093  ,0.846949  
5.440000  ,19.954188 ,-26.771768,6.435451  ,6.168197  ,0.007636  ,0.000000  ,23.610000 ,0.053190  ,1.028966  
5.460000  ,19.980147 ,-26.896843,6.343456  ,6.168197  ,0.012259  ,-0.000000 ,23.610000 ,0.065627  ,1.299346  
5.480000  ,20.006706 ,-27.020252,6.283128  ,6.066153  ,0.015684  ,0.000000  ,23.730000 ,0.058074  ,1.698412  
5.500000  ,20.034177 ,-27.142068,6.208440  ,5.970835  ,0.018505  ,-0.000000 ,23.840000 ,0.068341  ,2.201576  
5.520000  ,20.062630 ,-27.262048,6.126650  ,5.970835  ,0.024437  ,0.000000  ,23.840000 ,0.076980  ,2.813239  
5.540000  ,20.092302 ,-27.380351,6.073015  ,5.882387  ,0.027691  ,0.000000  ,23.960000 ,0.063474  ,3.438899  
5.560000  ,20.123557 ,-27.497004,6.007396  ,5.882387  ,0.032955  ,0.000000  ,23.960000 ,0.068907  ,4.064247  
5.580000  ,20.156435 ,-27.612094,5.964365  ,5.800865  ,0.036117  ,-0.000000 ,24.070000 ,0.054977  ,4.654466  
5.600000  ,20.191126 ,-27.725604,5.908084  ,5.726218  ,0.037824  ,0.000000  ,24.190000 ,0.061682  ,5.141396  
5.620000  ,20.227673 ,-27.837277,5.845482  ,5.726218  ,0.043271  ,0.000000  ,24.190000 ,0.048180  ,5.567778  
5.640000  ,20.266082 ,-27.947238,5.804428  ,5.658269  ,0.044637  ,0.000000  ,24.310000 ,0.056261  ,5.868641  
5.660000  ,20.306449 ,-28.055514,5.754117  ,5.658269  ,0.049080  ,-0.000000 ,24.310000 ,0.066687  ,6.011300  
5.680000  ,20.348822 ,-28.162136,5.721123  ,5.596694  ,0.050175  ,0.000000  ,24.420000 ,0.057714  ,6.029954  
5.700000  ,20.393348 ,-28.267047,5.678292  ,5.596694  ,0.053494  ,-0.000000 ,24.420000 ,0.069368  ,5.995193  
5.720000  ,20.439992 ,-28.370265,5.650204  ,5.540996  ,0.054216  ,0.000000  ,24.540000 ,0.059889  ,5.958870  
5.740000  ,20.488729 ,-28.471777,5.612612  ,5.490503  ,0.052998  ,0.000000  ,24.650000 ,0.072781  ,5.921708  
5.760000  ,20.539428 ,-28.571429,5.570579  ,5.490503  ,0.057160  ,0.000000  ,24.650000 ,0.062470  ,5.899783  
5.780000  ,20.592104 ,-28.669269,5.543015  ,5.444423  ,0.055871  ,0.000000  ,24.770000 ,0.075930  ,5.861261  
5.800000  ,20.646725 ,-28.765326,5.509077  ,5.444423  ,0.059476  ,0.000000  ,24.770000 ,0.066169  ,5.796582  
5.820000  ,20.703273 ,-28.859613,5.486822  ,5.401892  ,0.058330  ,0.000000  ,24.880000 ,0.081164  ,5.708319  
5.840000  ,20.761830 ,-28.952053,5.457587  ,5.401892  ,0.061460  ,-0.000000 ,24.880000 ,0.070515  ,5.623696  
5.860000  ,20.822348 ,-29.042646,5.438415  ,5.362206  ,0.060377  ,0.000000  ,25.000000 ,0.084532  ,5.584635  
5.880000  ,20.884782 ,-29.131370,5.412182  ,5.362206  ,0.063114  ,0.000000  ,25.000000 ,0.073083  ,5.568876  
5.900000  ,20.949098 ,-29.218206,5.394979  ,5.324921  ,0.062252  ,-0.000000 ,25.120000 ,0.087163  ,5.554841  
5.920000  ,21.015252 ,-29.303121,5.370863  ,5.324921  ,0.064734  ,0.000000  ,25.120000 ,0.102762  ,5.540121  
5.940000  ,21.083207 ,-29.386093,5.355049  ,5.289795  ,0.064174  ,0.000000  ,25.230000 ,0.090188  ,5.515595  
5.960000  ,21.152934 ,-29.467072,5.332587  ,5.289795  ,0.066480  ,0.000000  ,25.230000 ,0.105882  ,5.490138  
5.980000  ,21.224563 ,-29.545876,5.317857  ,5.256780  ,0.065988  ,-0.000000 ,25.350000 ,0.090781  ,5.484886  
6.000000  ,21.297886 ,-29.622609,5.296833  ,5.225944  ,0.063242  ,-0.000000 ,25.460000 ,0.104848  ,5.554146  
6.020000  ,21.372948 ,-29.696995,5.272431  ,5.225944  ,0.067440  ,0.000000  ,25.460000 ,0.087902  ,5.615282  
6.040000  ,21.449595 ,-29.769165,5.256429  ,5.197407  ,0.064624  ,0.000000  ,25.580000 ,0.099707  ,5.708102  
6.060000  ,21.527953 ,-29.838925,5.236113  ,5.197407  ,0.068333  ,-0.000000 ,25.580000 ,0.082710  ,5.745454  
6.080000  ,21.607851 ,-29.906401,5.222789  ,5.171365  ,0.065308  ,-0.000000 ,25.690000 ,0.092481  ,5.797305  
6.100000  ,21.689387 ,-29.971389,5.205088  ,5.171365  ,0.068410  ,-0.000000 ,25.690000 ,0.075831  ,5.789445  
6.120000  ,21.772362 ,-30.034049,5.193480  ,5.148126  ,0.065094  ,-0.000000 ,25.810000 ,0.083469  ,5.796338  
6.140000  ,21.856714 ,-30.094372,5.177868  ,5.148126  ,0.067761  ,0.000000  ,25.810000 ,0.069857  ,5.722750  
6.160000  ,21.942383 ,-30.152355,5.167630  ,5.128132  ,0.064351  ,0.000000  ,25.930000 ,0.077293  ,5.595925  
6.180000  ,22.029297 ,-30.208010,5.154034  ,5.128132  ,0.066537  ,0.000000  ,25.930000 ,0.064905  ,5.447091  
6.200000  ,22.117387 ,-30.261357,5.145118  ,5.111788  ,0.063036  ,0.000000  ,26.040000 ,0.071528  ,5.291091  
6.220000  ,22.206582 ,-30.312423,5.133645  ,5.111788  ,0.064692  ,0.000000  ,26.040000 ,0.059497  ,5.139621  
6.240000  ,22.296819 ,-30.361232,5.126121  ,5.099308  ,0.061091  ,0.000000  ,26.160000 ,0.066510  ,4.996209  
6.260000  ,22.387964 ,-30.407956,5.116891  ,5.099308  ,0.062242  ,0.000000  ,26.160000 ,0.056166  ,4.847942  
6.280000  ,22.479970 ,-30.452614,5.110839  ,5.090547  ,0.058724  ,0.000000  ,26.270000 ,0.068366  ,4.658177  
6.300000  ,22.572780 ,-30.495268,5.103854  ,5.090547  ,0.059348  ,-0.000000 ,26.270000 ,0.059311  ,4.451969  
6.320000  ,22.666341 ,-30.535959,5.099273  ,5.085094  ,0.055691  ,0.000000  ,26.390000 ,0.076923  ,4.255711  
6.340000  ,22.760603 ,-30.574752,5.094392  ,5.085094  ,0.055791  ,-0.000000 ,26.390000 ,0.068143  ,4.070961  
6.360000  ,22.855524 ,-30.611683,5.091191  ,5.082298  ,0.051707  ,0.000000  ,26.500000 ,0.091728  ,3.910203  
6.380000  ,22.951115 ,-30.646662,5.088130  ,5.082298  ,0.051526  ,-0.000000 ,26.500000 ,0.081305  ,3.781591  
6.400000  ,23.047335 ,-30.679717,5.086122  ,5.081363  ,0.046692  ,0.000000  ,26.620000 ,0.108212  ,3.729001  
6.420000  ,23.144155 ,-30.710857,5.084484  ,5.081363  ,0.047075  ,-0.000000 ,26.620000 ,0.096437  ,3.718271  
6.440000  ,23.241550 ,-30.740049,5.083410  ,5.081363  ,0.042175  ,-0.000000 ,26.740000 ,0.126996  ,3.732287  
6.460000  ,23.339562 ,-30.767035,5.082705  ,5.081363  ,0.044025  ,0.000000  ,26.740000 ,0.112062  ,3.780303  
6.480000  ,23.438155 ,-30.791761,5.082243  ,5.081363  ,0.039957  ,-0.000000 ,26.850000 ,0.141351  ,3.931129  
6.500000  ,23.537295 ,-30.814165,5.081940  ,5.081363  ,0.043590  ,0.000000  ,26.850000 ,0.123902  ,4.130748  
6.520000  ,23.636971 ,-30.834015,5.081742  ,5.081451  ,0.040803  ,-0.000000 ,26.970000 ,0.151775  ,4.354419  
6.540000  ,23.737133 ,-30.851235,5.081642  ,5.081451  ,0.046172  ,-0.000000 ,26.970000 ,0.131694  ,4.616612  
6.560000  ,23.837725 ,-30.865713,5.081576  ,5.082644  ,0.044880  ,-0.000000 ,27.080000 ,0.158153  ,4.883764  
6.580000  ,23.938701 ,-30.877209,5.081675  ,5.082644  ,0.051639  ,-0.000000 ,27.080000 ,0.136114  ,5.140357  
6.600000  ,24.039982 ,-30.885623,5.081765  ,5.085916  ,0.051499  ,-0.000000 ,27.200000 ,0.158849  ,5.421179  
6.620000  ,24.141482 ,-30.890856,5.082150  ,5.085916  ,0.058933  ,-0.000000 ,27.200000 ,0.135825  ,5.691266  
6.640000  ,24.243105 ,-30.892811,5.082500  ,5.092253  ,0.059351  ,0.000000  ,27.310000 ,0.155501  ,5.933527  
6.660000  ,24.344750 ,-30.891407,5.083406  ,5.092253  ,0.066869  ,-0.000000 ,27.310000 ,0.132557  ,6.140479  
6.680000  ,24.446307 ,-30.886576,5.084227  ,5.102856  ,0.067268  ,0.000000  ,27.430000 ,0.148891  ,6.311618  
6.700000  ,24.547663 ,-30.878266,5.085956  ,5.102856  ,0.074371  ,0.000000  ,27.430000 ,0.126299  ,6.448316  
6.720000  ,24.648704 ,-30.866442,5.087525  ,5.119188  ,0.074311  ,-0.000000 ,27.550000 ,0.138602  ,6.555013  
6.740000  ,24.749337 ,-30.851232,5.090465  ,5.119188  ,0.080735  ,-0.000000 ,27.550000 ,0.117929  ,6.619474  
6.760000  ,24.849453 ,-30.832623,5.093132  ,5.142848  ,0.080175  ,-0.000000 ,27.660000 ,0.128041  ,6.611427  
6.780000  ,24.948959 ,-30.810644,5.097747  ,5.142848  ,0.085725  ,-0.000000 ,27.660000 ,0.108970  ,6.556238  
6.800000  ,25.047778 ,-30.785399,5.101934  ,5.175532  ,0.084537  ,0.000000  ,27.780000 ,0.115805  ,6.478335  
6.820000  ,25.145835 ,-30.756937,5.108767  ,5.175532  ,0.089112  ,0.000000  ,27.780000 ,0.098468  ,6.362205  
6.840000  ,25.243078 ,-30.725385,5.114965  ,5.218941  ,0.087315  ,0.000000  ,27.890000 ,0.101741  ,6.229563  
6.860000  ,25.339455 ,-30.690803,5.124618  ,5.218941  ,0.090832  ,-0.000000 ,27.890000 ,0.086149  ,6.069161  
6.880000  ,25.434916 ,-30.653263,5.133375  ,5.274721  ,0.088390  ,-0.000000 ,28.010000 ,0.084708  ,5.905720  
6.900000  ,25.529438 ,-30.612854,5.146498  ,5.274721  ,0.090631  ,0.000000  ,28.010000 ,0.070036  ,5.744914  
6.920000  ,25.623091 ,-30.569868,5.158402  ,5.344510  ,0.087699  ,0.000000  ,28.120000 ,0.065627  ,5.572889  
6.940000  ,25.715884 ,-30.524386,5.175680  ,5.344510  ,0.088908  ,0.000000  ,28.120000 ,0.055356  ,5.316946  
6.960000  ,25.807830 ,-30.476495,5.191354  ,5.429978  ,0.085599  ,0.000000  ,28.240000 ,0.048046  ,5.029149  
6.980000  ,25.899031 ,-30.426410,5.213507  ,5.429978  ,0.085687  ,0.000000  ,28.240000 ,0.040744  ,4.726996  
7.000000  ,25.989602 ,-30.374340,5.233604  ,5.532873  ,0.082281  ,-0.000000 ,28.360000 ,0.032497  ,4.384095  
7.020000  ,26.079616 ,-30.320373,5.261388  ,5.532873  ,0.081443  ,-0.000000 ,28.360000 ,0.028701  ,3.995867  
7.040000  ,26.169151 ,-30.264606,5.286593  ,5.654875  ,0.077894  ,0.000000  ,28.470000 ,0.017642  ,3.616001  
7.060000  ,26.258316 ,-30.207143,5.320783  ,5.654875  ,0.075947  ,-0.000000 ,28.470000 ,0.003106  ,3.264949  
7.080000  ,26.347331 ,-30.148259,5.351800  ,5.797498  ,0.072267  ,0.000000  ,28.590000 ,0.001884  ,2.931851  
7.100000  ,26.436320 ,-30.088032,5.393178  ,5.797498  ,0.069449  ,0.000000  ,28.590000 ,-0.013804 ,2.552605  
7.120000  ,26.525398 ,-30.026535,5.430715  ,5.961989  ,0.065498  ,0.000000  ,28.700000 ,-0.012583 ,2.174217  
7.140000  ,26.614774 ,-29.963944,5.480038  ,5.961989  ,0.061679  ,-0.000000 ,28.700000 ,-0.030630 ,1.808781  
7.160000  ,26.704653 ,-29.900434,5.524782  ,6.149668  ,0.057361  ,0.000000  ,28.820000 ,-0.049881 ,1.426556  
7.180000  ,26.795183 ,-29.836063,5.582795  ,6.361658  ,0.053313  ,-0.000000 ,28.940000 ,-0.043474 ,1.024576  
7.200000  ,26.886681 ,-29.770800,5.655104  ,6.361658  ,0.047479  ,0.000000  ,28.940000 ,-0.066077 ,0.641411  
7.220000  ,26.979411 ,-29.704893,5.720700  ,6.318189  ,0.042673  ,-0.000000 ,29.050000 ,-0.059878 ,0.273748  
7.240000  ,27.073411 ,-29.638686,5.776170  ,6.318189  ,0.035628  ,-0.000000 ,29.050000 ,-0.082521 ,0.148054  
7.260000  ,27.168646 ,-29.572399,5.826491  ,6.188966  ,0.029789  ,-0.000000 ,29.170000 ,-0.074701 ,0.609196  
7.280000  ,27.265034 ,-29.506309,5.860143  ,6.188966  ,0.021478  ,0.000000  ,29.170000 ,-0.099534 ,1.074075  
7.300000  ,27.362582 ,-29.440785,5.890670  ,6.081359  ,0.014050  ,0.000000  ,29.280000 ,-0.129071 ,1.534255  
7.320000  ,27.461253 ,-29.376087,5.908374  ,5.993145  ,0.007312  ,-0.000000 ,29.400000 ,-0.117836 ,2.020384  
7.340000  ,27.561161 ,-29.312837,5.916244  ,5.993145  ,0.004339  ,0.000000  ,29.400000 ,-0.142713 ,2.579045  
7.360000  ,27.662305 ,-29.251295,5.923383  ,5.922223  ,0.012311  ,0.000000  ,29.510000 ,-0.125122 ,3.274679  
7.380000  ,27.764710 ,-29.191744,5.922984  ,5.922223  ,0.024299  ,0.000000  ,29.510000 ,-0.146532 ,4.030665  
7.400000  ,27.868393 ,-29.134462,5.922722  ,5.866604  ,0.033491  ,-0.000000 ,29.630000 ,-0.127322 ,4.774819  
7.420000  ,27.973251 ,-29.079807,5.903405  ,5.824326  ,0.041000  ,-0.000000 ,29.750000 ,-0.147707 ,5.512549  
7.440000  ,28.079089 ,-29.028133,5.876184  ,5.824326  ,0.055332  ,-0.000000 ,29.750000 ,-0.126538 ,6.245288  
7.460000  ,28.185953 ,-28.979691,5.858333  ,5.793518  ,0.063337  ,0.000000  ,29.860000 ,-0.143741 ,6.924892  
7.480000  ,28.293872 ,-28.934686,5.836022  ,5.793518  ,0.076629  ,0.000000  ,29.860000 ,-0.160243 ,7.518689  
7.500000  ,28.402850 ,-28.893331,5.821391  ,5.772176  ,0.084587  ,-0.000000 ,29.980000 ,-0.138742 ,8.017213  
7.520000  ,28.512924 ,-28.855966,5.804450  ,5.772176  ,0.096069  ,0.000000  ,29.980000 ,-0.151686 ,8.446066  
7.540000  ,28.624098 ,-28.822978,5.793341  ,5.758248  ,0.102906  ,-0.000000 ,30.090000 ,-0.127339 ,8.880982  
7.560000  ,28.736221 ,-28.794303,5.781261  ,5.749922  ,0.106620  ,0.000000  ,30.210000 ,-0.133634 ,9.322503  
7.580000  ,28.849127 ,-28.769936,5.770473  ,5.749922  ,0.117337  ,-0.000000 ,30.210000 ,-0.113049 ,9.625817  
7.600000  ,28.962718 ,-28.750003,5.763399  ,5.745722  ,0.119755  ,-0.000000 ,30.320000 ,-0.116308 ,9.761738  
7.620000  ,29.076874 ,-28.734550,5.757314  ,5.745722  ,0.127803  ,0.000000  ,30.320000 ,-0.099375 ,-9.773028 
7.640000  ,29.191435 ,-28.723448,5.753324  ,5.744308  ,0.128892  ,-0.000000 ,30.440000 ,-0.099328 ,-9.682212 
7.660000  ,29.306263 ,-28.716674,5.750220  ,5.744308  ,0.134657  ,-0.000000 ,30.440000 ,-0.097085 ,-9.482155 
7.680000  ,29.421212 ,-28.714165,5.748185  ,5.744308  ,0.134854  ,0.000000  ,30.560000 ,-0.082910 ,-9.227901 
7.700000  ,29.536143 ,-28.715835,5.746851  ,5.744308  ,0.138524  ,-0.000000 ,30.560000 ,-0.077122 ,-8.955193 
7.720000  ,29.650923 ,-28.721563,5.745975  ,5.744308  ,0.138128  ,-0.000000 ,30.670000 ,-0.064373 ,-8.682023 
7.740000  ,29.765444 ,-28.730993,5.745401  ,5.744381  ,0.136250  ,-0.000000 ,30.790000 ,-0.057787 ,-8.383289 
7.760000  ,29.879606 ,-28.743990,5.745050  ,5.744381  ,0.137540  ,-0.000000 ,30.790000 ,-0.049493 ,-8.002579 
7.780000  ,29.993344 ,-28.760258,5.744820  ,5.746004  ,0.133805  ,-0.000000 ,30.900000 ,-0.044818 ,-7.567165 
7.800000  ,30.106617 ,-28.779491,5.744930  ,5.746004  ,0.131876  ,-0.000000 ,30.900000 ,-0.043753 ,-7.062225 
7.820000  ,30.219385 ,-28.801508,5.745029  ,5.750532  ,0.126108  ,-0.000000 ,31.020000 ,-0.040480 ,-6.504341 
7.840000  ,30.331623 ,-28.826112,5.745540  ,5.750532  ,0.121752  ,-0.000000 ,31.020000 ,-0.042386 ,-5.954392 
7.860000  ,30.443320 ,-28.853111,5.746004  ,5.759199  ,0.114600  ,0.000000  ,31.130000 ,-0.039839 ,-5.446352 
7.880000  ,30.554475 ,-28.882331,5.747229  ,5.773157  ,0.105660  ,-0.000000 ,31.250000 ,-0.043349 ,-4.995794 
7.900000  ,30.665102 ,-28.913619,5.749636  ,5.773157  ,0.101359  ,0.000000  ,31.250000 ,-0.040496 ,-4.606016 
7.920000  ,30.775212 ,-28.946845,5.751820  ,5.793533  ,0.092581  ,0.000000  ,31.370000 ,-0.045377 ,-4.276630 
7.940000  ,30.884818 ,-28.981899,5.755692  ,5.793533  ,0.088252  ,0.000000  ,31.370000 ,-0.052910 ,-4.002303 
7.960000  ,30.993930 ,-29.018689,5.759205  ,5.821094  ,0.080489  ,0.000000  ,31.480000 ,-0.048135 ,-3.777096 
7.980000  ,31.102566 ,-29.057144,5.764951  ,5.821094  ,0.076673  ,0.000000  ,31.480000 ,-0.056885 ,-3.593207 
8.000000  ,31.210737 ,-29.097205,5.770163  ,5.856205  ,0.070510  ,0.000000  ,31.600000 ,-0.051707 ,-3.444413 
8.020000  ,31.318459 ,-29.138826,5.778151  ,5.856205  ,0.067574  ,-0.000000 ,31.600000 ,-0.061521 ,-3.323594 
8.040000  ,31.425744 ,-29.181972,5.785398  ,5.898980  ,0.063417  ,-0.000000 ,31.710000 ,-0.056149 ,-3.225991 
8.060000  ,31.532608 ,-29.226615,5.795943  ,5.949390  ,0.058776  ,-0.000000 ,31.830000 ,-0.066132 ,-3.146005 
8.080000  ,31.639105 ,-29.272754,5.810188  ,5.949390  ,0.059731  ,-0.000000 ,31.830000 ,-0.077912 ,-3.075531 
8.100000  ,31.745185 ,-29.320509,5.823112  ,6.007358  ,0.057348  ,0.000000  ,31.940000 ,-0.070279 ,-3.041128 
8.120000  ,31.850794 ,-29.370009,5.840217  ,6.007358  ,0.059113  ,-0.000000 ,31.940000 ,-0.077851 ,-3.092694 
8.140000  ,31.955919 ,-29.421278,5.855734  ,6.072804  ,0.058552  ,-0.000000 ,32.060000 ,-0.067346 ,-3.234400 
8.160000  ,32.060537 ,-29.474366,5.875887  ,6.145580  ,0.057485  ,-0.000000 ,32.180000 ,-0.069871 ,-3.413476 
8.180000  ,32.164676 ,-29.529364,5.900925  ,6.145580  ,0.061683  ,0.000000  ,32.180000 ,-0.070863 ,-3.590713 
8.200000  ,32.268298 ,-29.586327,5.923638  ,6.225443  ,0.061948  ,0.000000  ,32.290000 ,-0.059321 ,-3.753357 
8.220000  ,32.371370 ,-29.645309,5.951658  ,6.225443  ,0.065728  ,-0.000000 ,32.290000 ,-0.056448 ,-3.892553 
8.240000  ,32.473933 ,-29.706225,5.977076  ,6.312029  ,0.066822  ,0.000000  ,32.410000 ,-0.047431 ,-3.980698 
8.260000  ,32.576042 ,-29.768986,6.008172  ,6.312029  ,0.070018  ,0.000000  ,32.410000 ,-0.044086 ,-3.965728 
8.280000  ,32.677701 ,-29.833587,6.036382  ,6.404903  ,0.071623  ,-0.000000 ,32.520000 ,-0.038307 ,-3.849202 
8.300000  ,32.778931 ,-29.900004,6.070595  ,6.503847  ,0.072738  ,0.000000  ,32.640000 ,-0.033680 ,-3.681237 
8.320000  ,32.879841 ,-29.968244,6.110818  ,6.503847  ,0.075258  ,-0.000000 ,32.640000 ,-0.026634 ,-3.486071 
8.340000  ,32.980464 ,-30.038259,6.147306  ,6.608875  ,0.075876  ,0.000000  ,32.750000 ,-0.017036 ,-3.292017 
8.360000  ,33.080850 ,-30.109988,6.190158  ,6.608875  ,0.076522  ,-0.000000 ,32.750000 ,-0.014019 ,-3.107163 
8.380000  ,33.181177 ,-30.183195,6.229031  ,6.720151  ,0.076035  ,0.000000  ,32.870000 ,-0.004727 ,-2.897348 
8.400000  ,33.281512 ,-30.257815,6.274626  ,6.837919  ,0.074946  ,-0.000000 ,32.990000 ,0.004072  ,-2.612951 
8.420000  ,33.382014 ,-30.333847,6.326922  ,6.837919  ,0.072842  ,-0.000000 ,32.990000 ,0.002998  ,-2.293505 
8.440000  ,33.482839 ,-30.411099,6.374362  ,6.962263  ,0.069953  ,-0.000000 ,33.100000 ,0.009937  ,-1.950614 
8.460000  ,33.584158 ,-30.489385,6.428942  ,7.093126  ,0.066395  ,-0.000000 ,33.220000 ,0.014711  ,-1.558238 
8.480000  ,33.686166 ,-30.568680,6.490604  ,7.093126  ,0.061264  ,0.000000  ,33.220000 ,0.009722  ,-1.125005 
8.500000  ,33.788964 ,-30.648875,6.546542  ,7.230231  ,0.055931  ,-0.000000 ,33.330000 ,0.012472  ,-0.704274 
8.520000  ,33.892655 ,-30.729866,6.610015  ,7.373051  ,0.050053  ,0.000000  ,33.450000 ,0.014311  ,-0.326230 
8.540000  ,33.997436 ,-30.811646,6.680854  ,7.373051  ,0.043396  ,-0.000000 ,33.450000 ,0.009977  ,-0.005266 
8.560000  ,34.103379 ,-30.894132,6.745117  ,7.340097  ,0.036866  ,0.000000  ,33.560000 ,0.011862  ,0.254843  
8.580000  ,34.210414 ,-30.977158,6.800355  ,7.180042  ,0.030271  ,-0.000000 ,33.680000 ,0.013559  ,0.459380  
8.600000  ,34.318354 ,-31.060489,6.835604  ,7.180042  ,0.023662  ,-0.000000 ,33.680000 ,0.010606  ,0.620610  
8.620000  ,34.427051 ,-31.143939,6.867582  ,7.008539  ,0.017391  ,0.000000  ,33.800000 ,0.011896  ,0.748963  
8.640000  ,34.536352 ,-31.227335,6.880668  ,6.827257  ,0.011429  ,0.000000  ,33.910000 ,0.009918  ,0.855363  
8.660000  ,34.645874 ,-31.310336,6.862283  ,6.827257  ,0.005982  ,0.000000  ,33.910000 ,0.009955  ,0.957710  
8.680000  ,34.755447 ,-31.392770,6.850226  ,6.638258  ,0.000000  ,0.000000  ,34.030000 ,0.009202  ,1.058764  
8.700000  ,34.864623 ,-31.474262,6.777261  ,6.446462  ,0.003326  ,0.000000  ,34.140000 ,0.006745  ,1.177873  
8.720000  ,34.972612 ,-31.554183,6.663392  ,6.446462  ,0.006830  ,-0.000000 ,34.140000 ,0.003148  ,1.344102  
8.740000  ,35.079458 ,-31.632511,6.588720  ,6.254050  ,0.009673  ,-0.000000 ,34.260000 ,-0.002634 ,1.530443  
8.760000  ,35.185143 ,-31.709173,6.473518  ,6.062983  ,0.011735  ,-0.000000 ,34.380000 ,-0.007127 ,1.731672  
8.780000  ,35.289037 ,-31.783911,6.332202  ,6.062983  ,0.012933  ,-0.000000 ,34.380000 ,-0.014914 ,1.926593  
8.800000  ,35.391294 ,-31.856960,6.239531  ,5.874954  ,0.013708  ,-0.000000 ,34.490000 ,-0.015936 ,1.993355  
8.820000  ,35.492023 ,-31.928362,6.114035  ,5.691372  ,0.013933  ,0.000000  ,34.610000 ,-0.022725 ,1.920504  
8.840000  ,35.590776 ,-31.997848,5.968544  ,5.691372  ,0.013381  ,0.000000  ,34.610000 ,-0.020863 ,1.790057  
8.860000  ,35.687806 ,-32.065641,5.873135  ,5.513368  ,0.012537  ,-0.000000 ,34.720000 ,-0.027905 ,1.602377  
8.880000  ,35.783220 ,-32.131890,5.749294  ,5.513368  ,0.011049  ,-0.000000 ,34.720000 ,-0.034759 ,1.377613  
8.900000  ,35.877125 ,-32.196758,5.668083  ,5.341788  ,0.009361  ,-0.000000 ,34.840000 ,-0.032361 ,1.130166  
8.920000  ,35.969519 ,-32.260379,5.555764  ,5.341788  ,0.007125  ,0.000000  ,34.840000 ,-0.040264 ,0.867202  
8.940000  ,36.060280 ,-32.323127,5.482109  ,5.177272  ,0.000000  ,-0.000000 ,34.950000 ,-0.033952 ,0.554424  
8.960000  ,36.149378 ,-32.385111,5.377177  ,5.019984  ,0.003411  ,-0.000000 ,35.070000 ,-0.040306 ,0.112532  
8.980000  ,36.236339 ,-32.446158,5.254222  ,5.019984  ,0.001181  ,0.000000  ,35.070000 ,-0.028639 ,-0.401985 
9.000000  ,36.321303 ,-32.506541,5.173592  ,4.869968  ,0.000016  ,-0.000000 ,35.190000 ,-0.035711 ,-0.924380 
9.020000  ,36.404321 ,-32.566440,5.069077  ,4.869968  ,0.001392  ,-0.000000 ,35.190000 ,-0.022954 ,-1.419949 
9.040000  ,36.485581 ,-32.625848,5.000539  ,4.727343  ,0.001639  ,-0.000000 ,35.300000 ,-0.037493 ,-1.828111 
9.060000  ,36.564922 ,-32.685093,4.906498  ,4.727343  ,0.002090  ,0.000000  ,35.300000 ,-0.026629 ,-2.080577 
9.080000  ,36.642518 ,-32.744097,4.844829  ,4.592628  ,0.000561  ,0.000000  ,35.420000 ,-0.019670 ,-2.296943 
9.100000  ,36.718218 ,-32.803106,4.758015  ,4.592628  ,0.000470  ,-0.000000 ,35.420000 ,-0.039966 ,-2.398083 
9.120000  ,36.792224 ,-32.861968,4.701085  ,4.466545  ,0.002981  ,0.000000  ,35.530000 ,-0.034215 ,-2.495411 
9.140000  ,36.864537 ,-32.920720,4.620351  ,4.466545  ,0.002219  ,0.000000  ,35.530000 ,-0.067404 ,-2.482962 
9.160000  ,36.935033 ,-32.979598,4.567407  ,4.349719  ,0.006940  ,0.000000  ,35.650000 ,-0.061098 ,-2.404266 
9.180000  ,37.003625 ,-33.038724,4.492474  ,4.349719  ,0.000000  ,0.000000  ,35.650000 ,-0.099137 ,-2.408791 
9.200000  ,37.070375 ,-33.098092,4.443334  ,4.349719  ,0.004334  ,-0.000000 ,35.650000 ,-0.086198 ,-2.502272 
9.220000  ,37.135545 ,-33.158006,4.411110  ,4.242514  ,0.006803  ,0.000000  ,35.760000 ,-0.133370 ,-2.586717 
9.240000  ,37.198762 ,-33.218662,4.353075  ,4.242514  ,0.004725  ,-0.000000 ,35.760000 ,-0.114399 ,-2.670587 
9.260000  ,37.260121 ,-33.279857,4.315017  ,4.145362  ,0.007850  ,0.000000  ,35.880000 ,-0.099198 ,-2.896745 
9.280000  ,37.319372 ,-33.341753,4.256618  ,4.145362  ,0.003957  ,-0.000000 ,35.880000 ,-0.141769 ,-3.076475 
9.300000  ,37.376454 ,-33.404366,4.218321  ,4.058818  ,0.008157  ,-0.000000 ,36.000000 ,-0.121776 ,-3.291458 
9.320000  ,37.431186 ,-33.467803,4.163416  ,4.058818  ,0.000000  ,0.000000  ,36.000000 ,-0.165508 ,-3.504139 
9.340000  ,37.483540 ,-33.532063,4.127411  ,4.058818  ,0.000361  ,0.000000  ,36.000000 ,-0.138629 ,-3.726357 
9.360000  ,37.533594 ,-33.597387,4.103800  ,3.983353  ,0.001718  ,-0.000000 ,36.110000 ,-0.115964 ,-3.873872 
9.380000  ,37.580936 ,-33.663893,4.062339  ,3.983353  ,0.002244  ,0.000000  ,36.110000 ,-0.154419 ,-3.961944 
9.400000  ,37.625825 ,-33.731266,4.035150  ,3.919271  ,0.002111  ,-0.000000 ,36.230000 ,-0.128289 ,-4.177716 
9.420000  ,37.668184 ,-33.799461,3.995262  ,3.919271  ,0.000000  ,-0.000000 ,36.230000 ,-0.172805 ,-4.274601 
9.440000  ,37.707849 ,-33.868504,3.969104  ,3.919271  ,0.005687  ,-0.000000 ,36.230000 ,-0.143847 ,-4.263304 
9.460000  ,37.744883 ,-33.938509,3.951950  ,3.866730  ,0.002693  ,0.000000  ,36.340000 ,-0.118805 ,-4.213738 
9.480000  ,37.779046 ,-34.009436,3.922616  ,3.866730  ,0.005948  ,-0.000000 ,36.340000 ,-0.160798 ,-4.140455 
9.500000  ,37.810681 ,-34.081002,3.903378  ,3.825425  ,0.000224  ,0.000000  ,36.460000 ,-0.134477 ,-4.182187 
9.520000  ,37.839745 ,-34.153149,3.876545  ,3.825425  ,0.000000  ,-0.000000 ,36.460000 ,-0.110278 ,-4.114027 
9.540000  ,37.865903 ,-34.225933,3.858948  ,3.825425  ,0.006514  ,0.000000  ,36.460000 ,-0.156975 ,-3.940557 
9.560000  ,37.889604 ,-34.299252,3.847409  ,3.794488  ,0.001851  ,0.000000  ,36.570000 ,-0.132375 ,-3.905451 
9.580000  ,37.910849 ,-34.373006,3.829192  ,3.794488  ,0.005113  ,0.000000  ,36.570000 ,-0.196023 ,-3.789150 
9.600000  ,37.929527 ,-34.447143,3.817246  ,3.772970  ,0.002299  ,0.000000  ,36.690000 ,-0.170870 ,-3.614703 
9.620000  ,37.945662 ,-34.521596,3.802005  ,3.772970  ,0.002547  ,-0.000000 ,36.690000 ,-0.146270 ,-3.484104 
9.640000  ,37.959044 ,-34.596338,3.792011  ,3.772970  ,0.004627  ,-0.000000 ,36.690000 ,-0.217049 ,-3.347942 
9.660000  ,37.969724 ,-34.671349,3.785457  ,3.759568  ,0.002052  ,0.000000  ,36.810000 ,-0.188050 ,-3.307560 
9.680000  ,37.977929 ,-34.746514,3.776545  ,3.759568  ,0.002044  ,0.000000  ,36.810000 ,-0.270117 ,-3.344536 
9.700000  ,37.983421 ,-34.821780,3.770701  ,3.759568  ,0.003425  ,0.000000  ,36.810000 ,-0.240163 ,-3.277529 
9.720000  ,37.986018 ,-34.897103,3.766869  ,3.752691  ,0.002197  ,-0.000000 ,36.920000 ,-0.209843 ,-3.233279 
9.740000  ,37.985346 ,-34.972380,3.761988  ,3.752691  ,0.001346  ,-0.000000 ,36.920000 ,-0.284801 ,-3.215638 
9.760000  ,37.981412 ,-35.047478,3.758788  ,3.750499  ,0.009964  ,0.000000  ,37.040000 ,-0.245510 ,-3.359799 
9.780000  ,37.974395 ,-35.122289,3.755935  ,3.750499  ,0.002701  ,0.000000  ,37.040000 ,-0.209583 ,-3.585799 
9.800000  ,37.964017 ,-35.196661,3.754064  ,3.750499  ,0.001178  ,-0.000000 ,37.040000 ,-0.278746 ,-3.688445 
9.820000  ,37.950268 ,-35.270454,3.752837  ,3.750499  ,0.007240  ,0.000000  ,37.150000 ,-0.239220 ,-3.811573 
9.840000  ,37.933350 ,-35.343564,3.752032  ,3.750499  ,0.000975  ,0.000000  ,37.150000 ,-0.308834 ,-3.962830 
9.860000  ,37.913037 ,-35.415790,3.751505  ,3.750499  ,0.005692  ,-0.000000 ,37.150000 ,-0.268606 ,-3.980323 
9.880000  ,37.889173 ,-35.486911,3.751159  ,3.750499  ,0.001772  ,-0.000000 ,37.270000 ,-0.227969 ,-4.005020 
9.900000  ,37.861473 ,-35.556621,3.750932  ,3.750499  ,0.009043  ,-0.000000 ,37.270000 ,-0.281735 ,-4.042870 
9.920000  ,37.830341 ,-35.624865,3.750783  ,3.751165  ,0.001930  ,-0.000000 ,37.380000 ,-0.235192 ,-4.279547 
9.940000  ,37.795795 ,-35.691443,3.750818  ,3.751165  ,0.010860  ,0.000000  ,37.380000 ,-0.192127 ,-4.431172 
9.960000  ,37.757895 ,-35.756173,3.750851  ,3.751165  ,0.015977  ,0.000000  ,37.380000 ,-0.238018 ,-4.516467 
9.980000  ,37.716854 ,-35.818960,3.750880  ,3.755157  ,0.010305  ,0.000000  ,37.500000 ,-0.194827 ,-4.587427 
10.000000 ,37.672935 ,-35.879773,3.751277  ,3.755157  ,0.016671  ,-0.000000 ,37.500000 ,-0.241437 ,-4.616154 
10.020000 ,37.626071 ,-35.938357,3.751637  ,3.755157  ,0.019352  ,-0.000000 ,37.500000 ,-0.198980 ,-4.500613 
10.040000 ,37.576553 ,-35.994725,3.751964  ,3.764751  ,0.014396  ,0.000000  ,37.620000 ,-0.160724 ,-4.454186 
10.060000 ,37.524351 ,-36.048638,3.753151  ,3.764751  ,0.017918  ,0.000000  ,37.620000 ,-0.198578 ,-4.326099 
10.080000 ,37.469865 ,-36.100277,3.754228  ,3.782053  ,0.009112  ,-0.000000 ,37.730000 ,-0.160054 ,-4.313386 
10.100000 ,37.413197 ,-36.149567,3.756811  ,3.782053  ,0.013729  ,-0.000000 ,37.730000 ,-0.126685 ,-4.210542 
10.120000 ,37.354479 ,-36.196477,3.759154  ,3.782053  ,0.015210  ,-0.000000 ,37.730000 ,-0.163040 ,-4.071108 
10.140000 ,37.294059 ,-36.241249,3.761280  ,3.809269  ,0.007626  ,-0.000000 ,37.850000 ,-0.132552 ,-3.983202 
10.160000 ,37.232187 ,-36.284110,3.765736  ,3.809269  ,0.011118  ,-0.000000 ,37.850000 ,-0.177894 ,-3.833848 
10.180000 ,37.168821 ,-36.324886,3.769777  ,3.809269  ,0.012050  ,-0.000000 ,37.850000 ,-0.152705 ,-3.521858 
10.200000 ,37.104003 ,-36.363462,3.773443  ,3.848565  ,0.006577  ,-0.000000 ,37.960000 ,-0.126409 ,-3.251097 
10.220000 ,37.037830 ,-36.399887,3.780418  ,3.848565  ,0.009175  ,0.000000  ,37.960000 ,-0.164978 ,-3.086921 
10.240000 ,36.970448 ,-36.434321,3.786744  ,3.901822  ,0.001560  ,-0.000000 ,38.080000 ,-0.137425 ,-3.010201 
10.260000 ,36.901992 ,-36.466963,3.797428  ,3.901822  ,0.006332  ,-0.000000 ,38.080000 ,-0.116689 ,-2.948457 
10.280000 ,36.832403 ,-36.497623,3.807120  ,3.901822  ,0.008840  ,-0.000000 ,38.080000 ,-0.152618 ,-2.780745 
10.300000 ,36.761777 ,-36.526309,3.815912  ,3.970562  ,0.003944  ,0.000000  ,38.190000 ,-0.127300 ,-2.680112 
10.320000 ,36.690217 ,-36.553242,3.830270  ,3.970562  ,0.008529  ,-0.000000 ,38.190000 ,-0.160289 ,-2.650864 
10.340000 ,36.617669 ,-36.578243,3.843294  ,3.970562  ,0.010975  ,0.000000  ,38.190000 ,-0.137052 ,-2.539553 
10.360000 ,36.544280 ,-36.601492,3.855110  ,4.056361  ,0.008968  ,0.000000  ,38.310000 ,-0.114850 ,-2.521732 
10.380000 ,36.469982 ,-36.622784,3.873794  ,4.056361  ,0.013165  ,-0.000000 ,38.310000 ,-0.137368 ,-2.433785 
10.400000 ,36.394786 ,-36.642135,3.890743  ,4.161032  ,0.010045  ,0.000000  ,38.430000 ,-0.111767 ,-2.412124 
10.420000 ,36.318733 ,-36.659751,3.915836  ,4.161032  ,0.015391  ,-0.000000 ,38.430000 ,-0.126902 ,-2.448848 
10.440000 ,36.241769 ,-36.675429,3.938600  ,4.161032  ,0.018681  ,0.000000  ,38.430000 ,-0.104166 ,-2.398323 
10.460000 ,36.164029 ,-36.689365,3.959250  ,4.286555  ,0.017702  ,-0.000000 ,38.540000 ,-0.082639 ,-2.429865 
10.480000 ,36.085480 ,-36.701567,3.989637  ,4.286555  ,0.021574  ,-0.000000 ,38.540000 ,-0.086353 ,-2.409229 
10.500000 ,36.006117 ,-36.712183,4.017203  ,4.434801  ,0.020201  ,0.000000  ,38.660000 ,-0.067769 ,-2.374035 
10.520000 ,35.925904 ,-36.721358,4.055972  ,4.434801  ,0.024213  ,-0.000000 ,38.660000 ,-0.065228 ,-2.298701 
10.540000 ,35.844800 ,-36.729119,4.091142  ,4.434801  ,0.026756  ,-0.000000 ,38.660000 ,-0.052422 ,-2.168322 
10.560000 ,35.762903 ,-36.735489,4.123047  ,4.607338  ,0.026559  ,-0.000000 ,38.770000 ,-0.038281 ,-2.042118 
10.580000 ,35.680141 ,-36.740529,4.168008  ,4.607338  ,0.028739  ,-0.000000 ,38.770000 ,-0.026403 ,-1.929318 
10.600000 ,35.596463 ,-36.744501,4.208795  ,4.805473  ,0.028473  ,0.000000  ,38.890000 ,-0.003759 ,-1.851182 
10.620000 ,35.511783 ,-36.747593,4.264190  ,4.805473  ,0.030110  ,0.000000  ,38.890000 ,0.002287  ,-1.717466 
10.640000 ,35.426024 ,-36.749988,4.314442  ,4.805473  ,0.031031  ,0.000000  ,38.890000 ,0.005004  ,-1.532975 
10.660000 ,35.339292 ,-36.751775,4.360029  ,4.708791  ,0.031250  ,-0.000000 ,39.000000 ,0.033115  ,-1.306971 
10.680000 ,35.251777 ,-36.753258,4.392408  ,4.708791  ,0.031553  ,0.000000  ,39.000000 ,0.031615  ,-1.100084 
10.700000 ,35.163643 ,-36.754681,4.421781  ,4.460119  ,0.032280  ,0.000000  ,39.120000 ,0.069048  ,-0.845950 
10.720000 ,35.075183 ,-36.756124,4.425340  ,4.460119  ,0.031566  ,0.000000  ,39.120000 ,0.062852  ,-0.546322 
10.740000 ,34.986658 ,-36.757730,4.428569  ,4.239484  ,0.032762  ,0.000000  ,39.240000 ,0.058750  ,-0.247856 
10.760000 ,34.898800 ,-36.759967,4.363481  ,4.239484  ,0.030580  ,0.000000  ,39.240000 ,0.100238  ,0.034807  
10.780000 ,34.812022 ,-36.762673,4.320798  ,4.044932  ,0.032648  ,0.000000  ,39.350000 ,0.092187  ,0.445633  
10.800000 ,34.726670 ,-36.765963,4.225838  ,4.044932  ,0.028174  ,0.000000  ,39.350000 ,0.146286  ,0.812182  
10.820000 ,34.642916 ,-36.770209,4.163566  ,4.044932  ,0.024798  ,0.000000  ,39.350000 ,0.130210  ,1.108826  
10.840000 ,34.560260 ,-36.775720,4.122729  ,3.874059  ,0.024890  ,0.000000  ,39.470000 ,0.116590  ,1.413145  
10.860000 ,34.479030 ,-36.782961,4.037131  ,3.874059  ,0.020293  ,0.000000  ,39.470000 ,0.166950  ,1.771348  
10.880000 ,34.399390 ,-36.791985,3.980998  ,3.726334  ,0.022754  ,-0.000000 ,39.580000 ,0.142057  ,2.276002  
10.900000 ,34.321419 ,-36.802635,3.893337  ,3.726334  ,0.016795  ,-0.000000 ,39.580000 ,0.114936  ,2.833412  
10.920000 ,34.245204 ,-36.815294,3.835850  ,3.726334  ,0.013168  ,-0.000000 ,39.580000 ,0.164834  ,3.187050  
10.940000 ,34.170337 ,-36.830100,3.798152  ,3.601347  ,0.015259  ,-0.000000 ,39.700000 ,0.138947  ,3.422667  
10.960000 ,34.096970 ,-36.846815,3.730407  ,3.601347  ,0.010469  ,-0.000000 ,39.700000 ,0.195803  ,3.636560  
10.980000 ,34.025274 ,-36.865686,3.685981  ,3.499327  ,0.016184  ,-0.000000 ,39.810000 ,0.169237  ,3.649047  
11.000000 ,33.955373 ,-36.886862,3.621730  ,3.499327  ,0.010457  ,-0.000000 ,39.810000 ,0.137260  ,3.637653  
11.020000 ,33.887427 ,-36.910638,3.579596  ,3.499327  ,0.007863  ,-0.000000 ,39.810000 ,0.177802  ,3.587900  
11.040000 ,33.821048 ,-36.936661,3.551966  ,3.418947  ,0.015102  ,-0.000000 ,39.930000 ,0.144138  ,3.673254  
11.060000 ,33.756380 ,-36.964869,3.506178  ,3.418947  ,0.011232  ,-0.000000 ,39.930000 ,0.111089  ,3.646823  
11.080000 ,33.693493 ,-36.995165,3.476151  ,3.418947  ,0.010029  ,0.000000  ,39.930000 ,0.153169  ,3.540678  
11.100000 ,33.632144 ,-37.027421,3.456460  ,3.358033  ,0.017930  ,0.000000  ,40.050000 ,0.124275  ,3.387781  
11.120000 ,33.572307 ,-37.061316,3.422579  ,3.358033  ,0.014391  ,-0.000000 ,40.050000 ,0.099411  ,3.225274  
11.140000 ,33.514123 ,-37.096923,3.400361  ,3.358033  ,0.013186  ,0.000000  ,40.050000 ,0.172029  ,2.914553  
11.160000 ,33.457309 ,-37.134017,3.385790  ,3.314092  ,0.019776  ,0.000000  ,40.160000 ,0.149768  ,2.695689  
11.180000 ,33.401898 ,-37.172483,3.361110  ,3.314092  ,0.015992  ,0.000000  ,40.160000 ,0.128570  ,2.447960  
11.200000 ,33.348035 ,-37.212413,3.344925  ,3.314092  ,0.014314  ,-0.000000 ,40.160000 ,0.234630  ,2.147964  
11.220000 ,33.295609 ,-37.253785,3.334311  ,3.285427  ,0.018054  ,0.000000  ,40.280000 ,0.210859  ,1.947320  
11.240000 ,33.244751 ,-37.296639,3.317484  ,3.285427  ,0.016431  ,0.000000  ,40.280000 ,0.184522  ,1.780441  
11.260000 ,33.195728 ,-37.341171,3.306449  ,3.285427  ,0.017282  ,-0.000000 ,40.280000 ,0.308846  ,1.606512  
11.280000 ,33.148491 ,-37.387336,3.299213  ,3.268660  ,0.025424  ,0.000000  ,40.390000 ,0.276431  ,1.598672  
11.300000 ,33.102939 ,-37.434917,3.288696  ,3.268660  ,0.024944  ,0.000000  ,40.390000 ,0.245920  ,1.711115  
11.320000 ,33.059442 ,-37.484150,3.281799  ,3.268660  ,0.027091  ,-0.000000 ,40.390000 ,0.380683  ,1.647648  
11.340000 ,33.018301 ,-37.535224,3.277276  ,3.261468  ,0.041839  ,0.000000  ,40.510000 ,0.343424  ,1.571818  
11.360000 ,32.979418 ,-37.587913,3.271834  ,3.261468  ,0.037392  ,0.000000  ,40.510000 ,0.306841  ,1.714489  
11.380000 ,32.943225 ,-37.642375,3.268266  ,3.261468  ,0.036167  ,-0.000000 ,40.510000 ,0.438914  ,1.722018  
11.400000 ,32.910116 ,-37.698697,3.265926  ,3.260241  ,0.049317  ,0.000000  ,40.620000 ,0.395280  ,1.723358  
11.420000 ,32.880016 ,-37.756635,3.263969  ,3.260241  ,0.040162  ,-0.000000 ,40.620000 ,0.523093  ,1.933328  
11.440000 ,32.853427 ,-37.816227,3.262686  ,3.260241  ,0.034868  ,-0.000000 ,40.620000 ,0.477629  ,1.996583  
11.460000 ,32.830951 ,-37.877464,3.261844  ,3.260241  ,0.043758  ,-0.000000 ,40.740000 ,0.426314  ,2.008552  
11.480000 ,32.812880 ,-37.940127,3.261293  ,3.260241  ,0.032284  ,-0.000000 ,40.740000 ,0.539333  ,2.159303  
11.500000 ,32.799282 ,-38.003903,3.260931  ,3.260241  ,0.025374  ,0.000000  ,40.740000 ,0.483578  ,2.430914  
11.520000 ,32.790296 ,-38.068482,3.260693  ,3.260241  ,0.031803  ,0.000000  ,40.860000 ,0.426717  ,2.683154  
11.540000 ,32.786092 ,-38.133543,3.260538  ,3.260241  ,0.020277  ,-0.000000 ,40.860000 ,0.369567  ,2.868214  
11.560000 ,32.786749 ,-38.198735,3.260436  ,3.260241  ,0.013566  ,0.000000  ,40.860000 ,0.473954  ,3.019613  
11.580000 ,32.792212 ,-38.263700,3.260369  ,3.263468  ,0.020175  ,-0.000000 ,40.970000 ,0.415760  ,3.159244  
11.600000 ,32.802211 ,-38.328124,3.260657  ,3.263468  ,0.009374  ,0.000000  ,40.970000 ,0.361053  ,3.318520  
11.620000 ,32.816933 ,-38.391642,3.260918  ,3.263468  ,0.003340  ,0.000000  ,40.970000 ,0.453634  ,3.284577  
11.640000 ,32.836236 ,-38.453927,3.261154  ,3.272173  ,0.011090  ,0.000000  ,41.090000 ,0.395194  ,3.279667  
11.660000 ,32.859797 ,-38.514742,3.262177  ,3.272173  ,0.000939  ,-0.000000 ,41.090000 ,0.340416  ,3.335434  
11.680000 ,32.887717 ,-38.573704,3.263105  ,3.272173  ,0.004512  ,0.000000  ,41.090000 ,0.412033  ,3.241001  
11.700000 ,32.919823 ,-38.630517,3.263947  ,3.287787  ,0.004773  ,0.000000  ,41.200000 ,0.349666  ,3.197854  
11.720000 ,32.955764 ,-38.685022,3.266160  ,3.287787  ,0.004961  ,-0.000000 ,41.200000 ,0.291448  ,3.240837  
11.740000 ,32.995542 ,-38.736846,3.268168  ,3.287787  ,0.010049  ,-0.000000 ,41.200000 ,0.336704  ,3.160332  
11.760000 ,33.038641 ,-38.785999,3.269990  ,3.312804  ,0.001510  ,0.000000  ,41.320000 ,0.272766  ,3.235879  
11.780000 ,33.084639 ,-38.832530,3.273964  ,3.312804  ,0.009873  ,0.000000  ,41.320000 ,0.218099  ,3.304379  
11.800000 ,33.133525 ,-38.876133,3.277570  ,3.312804  ,0.014151  ,0.000000  ,41.320000 ,0.244608  ,3.148513  
11.820000 ,33.184828 ,-38.916979,3.280841  ,3.349917  ,0.008109  ,0.000000  ,41.440000 ,0.187479  ,3.123605  
11.840000 ,33.238173 ,-38.955286,3.287254  ,3.349917  ,0.012983  ,-0.000000 ,41.440000 ,0.141572  ,3.101723  
11.860000 ,33.293336 ,-38.991155,3.293072  ,3.349917  ,0.014828  ,-0.000000 ,41.440000 ,0.159739  ,2.968350  
11.880000 ,33.349898 ,-39.024994,3.298349  ,3.401877  ,0.009218  ,0.000000  ,41.550000 ,0.122135  ,2.886074  
11.900000 ,33.407720 ,-39.056943,3.307961  ,3.401877  ,0.011646  ,0.000000  ,41.550000 ,0.094294  ,2.663610  
11.920000 ,33.466717 ,-39.087072,3.316680  ,3.401877  ,0.011919  ,-0.000000 ,41.550000 ,0.114006  ,2.365509  
11.940000 ,33.526605 ,-39.115778,3.324589  ,3.470285  ,0.006304  ,-0.000000 ,41.670000 ,0.090980  ,2.180628  
11.960000 ,33.587359 ,-39.143128,3.338116  ,3.470285  ,0.000000  ,-0.000000 ,41.670000 ,0.073696  ,1.917500  
11.980000 ,33.648948 ,-39.169215,3.350386  ,3.470285  ,0.007714  ,-0.000000 ,41.670000 ,0.093676  ,1.654800  
12.000000 ,33.711238 ,-39.194215,3.361517  ,3.557804  ,0.002726  ,-0.000000 ,41.780000 ,0.076632  ,1.472223  
12.020000 ,33.774243 ,-39.218194,3.379740  ,3.557804  ,0.000000  ,0.000000  ,41.780000 ,0.063438  ,1.289469  
12.040000 ,33.837974 ,-39.241214,3.396272  ,3.557804  ,0.004429  ,-0.000000 ,41.780000 ,0.078614  ,1.135838  
12.060000 ,33.902360 ,-39.263324,3.411268  ,3.667058  ,0.000667  ,0.000000  ,41.900000 ,0.063280  ,1.025293  
12.080000 ,33.967380 ,-39.284770,3.435015  ,3.667058  ,0.000000  ,0.000000  ,41.900000 ,0.053229  ,0.992020  
12.100000 ,34.033137 ,-39.305402,3.456558  ,3.667058  ,0.003201  ,-0.000000 ,41.900000 ,0.061888  ,0.860567  
12.120000 ,34.099508 ,-39.325437,3.476101  ,3.801197  ,0.001143  ,-0.000000 ,42.010000 ,0.050315  ,0.844551  
12.140000 ,34.166561 ,-39.344924,3.506282  ,3.801197  ,0.003162  ,-0.000000 ,42.010000 ,0.054390  ,0.793598  
12.160000 ,34.234358 ,-39.363897,3.533662  ,3.801197  ,0.004496  ,-0.000000 ,42.010000 ,0.045677  ,0.730592  
12.180000 ,34.302839 ,-39.382354,3.558500  ,3.963568  ,0.004001  ,0.000000  ,42.130000 ,0.036435  ,0.677594  
12.200000 ,34.372094 ,-39.400333,3.596106  ,3.963568  ,0.005943  ,-0.000000 ,42.130000 ,0.031614  ,0.634849  
12.220000 ,34.442202 ,-39.417863,3.630220  ,4.158219  ,0.005762  ,0.000000  ,42.250000 ,0.022615  ,0.604675  
12.240000 ,34.513239 ,-39.435109,3.679239  ,4.158219  ,0.007690  ,-0.000000 ,42.250000 ,0.017078  ,0.603893  
12.260000 ,34.585269 ,-39.452223,3.723707  ,4.158219  ,0.009281  ,0.000000  ,42.250000 ,0.005894  ,0.593855  
12.280000 ,34.658203 ,-39.469195,3.764047  ,4.389123  ,0.010239  ,0.000000  ,42.360000 ,0.002894  ,0.536199  
12.300000 ,34.732170 ,-39.486072,3.822078  ,4.389123  ,0.011488  ,-0.000000 ,42.360000 ,-0.016450 ,0.465526  
12.320000 ,34.807282 ,-39.502903,3.874722  ,4.389123  ,0.012455  ,0.000000  ,42.360000 ,-0.018628 ,0.400595  
12.340000 ,34.883428 ,-39.519705,3.922479  ,4.659476  ,0.013525  ,0.000000  ,42.480000 ,-0.049804 ,0.351430  
12.360000 ,34.960714 ,-39.536746,3.990901  ,4.659476  ,0.013668  ,0.000000  ,42.480000 ,-0.049300 ,0.337906  
12.380000 ,35.039239 ,-39.554223,4.052971  ,4.452714  ,0.015559  ,-0.000000 ,42.590000 ,-0.048189 ,0.271095  
12.400000 ,35.118655 ,-39.572240,4.090082  ,4.452714  ,0.014723  ,0.000000  ,42.590000 ,-0.090579 ,0.150458  
12.420000 ,35.198674 ,-39.590795,4.123749  ,4.452714  ,0.014272  ,0.000000  ,42.590000 ,-0.082996 ,-0.033664 
12.440000 ,35.279208 ,-39.609968,4.154290  ,4.274977  ,0.015437  ,-0.000000 ,42.710000 ,-0.143012 ,-0.230603 
12.460000 ,35.359957 ,-39.630009,4.165494  ,4.274977  ,0.013913  ,0.000000  ,42.710000 ,-0.130867 ,-0.408125 
12.480000 ,35.440649 ,-39.651133,4.175658  ,4.126961  ,0.016601  ,0.000000  ,42.820000 ,-0.119804 ,-0.647633 
12.500000 ,35.520862 ,-39.673731,4.158896  ,4.126961  ,0.014082  ,-0.000000 ,42.820000 ,-0.176625 ,-0.953033 
12.520000 ,35.600346 ,-39.697846,4.147903  ,4.126961  ,0.013229  ,0.000000  ,42.820000 ,-0.151425 ,-1.414790 
12.540000 ,35.679183 ,-39.723418,4.140694  ,4.004793  ,0.015599  ,-0.000000 ,42.940000 ,-0.132721 ,-1.913154 
12.560000 ,35.756856 ,-39.750683,4.093914  ,4.004793  ,0.012271  ,0.000000  ,42.940000 ,-0.192988 ,-2.316586 
12.580000 ,35.833077 ,-39.779687,4.063237  ,3.904569  ,0.016403  ,0.000000  ,43.060000 ,-0.169432 ,-2.730777 
12.600000 ,35.907585 ,-39.810650,4.008619  ,3.904569  ,0.010097  ,-0.000000 ,43.060000 ,-0.234209 ,-3.125233 
12.620000 ,35.980088 ,-39.843965,3.972803  ,3.821726  ,0.016160  ,0.000000  ,43.170000 ,-0.200715 ,-3.483032 
12.640000 ,36.050560 ,-39.879455,3.920798  ,3.821726  ,0.007942  ,-0.000000 ,43.170000 ,-0.165347 ,-3.964622 
12.660000 ,36.118765 ,-39.917404,3.886695  ,3.821726  ,0.003019  ,-0.000000 ,43.170000 ,-0.224708 ,-4.294969 
12.680000 ,36.184806 ,-39.957947,3.864331  ,3.753816  ,0.007821  ,0.000000  ,43.290000 ,-0.188547 ,-4.544702 
12.700000 ,36.248617 ,-40.000826,3.826289  ,3.753816  ,0.001307  ,0.000000  ,43.290000 ,-0.256130 ,-4.772362 
12.720000 ,36.309930 ,-40.046169,3.801342  ,3.753816  ,0.001722  ,-0.000000 ,43.290000 ,-0.216801 ,-4.813578 
12.740000 ,36.368925 ,-40.093840,3.784983  ,3.699647  ,0.002031  ,0.000000  ,43.400000 ,-0.184932 ,-4.829860 
12.760000 ,36.425310 ,-40.143874,3.755608  ,3.699647  ,0.002718  ,-0.000000 ,43.400000 ,-0.255862 ,-4.724329 
12.780000 ,36.478994 ,-40.196110,3.736345  ,3.658009  ,0.005596  ,-0.000000 ,43.520000 ,-0.220174 ,-4.652968 
12.800000 ,36.530072 ,-40.250257,3.709380  ,3.658009  ,0.000000  ,0.000000  ,43.520000 ,-0.186830 ,-4.632269 
12.820000 ,36.578311 ,-40.306366,3.691697  ,3.658009  ,0.004787  ,-0.000000 ,43.520000 ,-0.261247 ,-4.477350 
12.840000 ,36.623765 ,-40.364388,3.680101  ,3.627328  ,0.002509  ,-0.000000 ,43.630000 ,-0.226954 ,-4.338602 
12.860000 ,36.666562 ,-40.424026,3.661935  ,3.627328  ,0.003713  ,-0.000000 ,43.630000 ,-0.195515 ,-4.263530 
12.880000 ,36.706338 ,-40.485364,3.650023  ,3.627328  ,0.006469  ,0.000000  ,43.630000 ,-0.272081 ,-4.054498 
12.900000 ,36.743122 ,-40.548318,3.642211  ,3.605908  ,0.000519  ,0.000000  ,43.750000 ,-0.236531 ,-3.934958 
12.920000 ,36.776832 ,-40.612736,3.629714  ,3.605908  ,0.006096  ,-0.000000 ,43.750000 ,-0.315219 ,-3.874869 
12.940000 ,36.807093 ,-40.678619,3.621520  ,3.592166  ,0.005200  ,-0.000000 ,43.870000 ,-0.272327 ,-3.776724 
12.960000 ,36.834055 ,-40.745721,3.611416  ,3.592166  ,0.003005  ,0.000000  ,43.870000 ,-0.230760 ,-3.856947 
12.980000 ,36.857432 ,-40.813980,3.604790  ,3.592166  ,0.007446  ,-0.000000 ,43.870000 ,-0.300237 ,-3.859877 
13.000000 ,36.877187 ,-40.883260,3.600444  ,3.584514  ,0.002996  ,-0.000000 ,43.980000 ,-0.254024 ,-3.905911 
13.020000 ,36.893476 ,-40.953335,3.594961  ,3.584514  ,0.000000  ,0.000000  ,43.980000 ,-0.211649 ,-4.004101 
13.040000 ,36.906042 ,-41.024082,3.591365  ,3.584514  ,0.007382  ,-0.000000 ,43.980000 ,-0.275513 ,-3.971668 
13.060000 ,36.915245 ,-41.095286,3.589007  ,3.581272  ,0.001648  ,-0.000000 ,44.100000 ,-0.233583 ,-4.032476 
13.080000 ,36.921032 ,-41.166796,3.586344  ,3.581272  ,0.000000  ,0.000000  ,44.100000 ,-0.195344 ,-3.976777 
13.100000 ,36.923059 ,-41.238468,3.584598  ,3.581272  ,0.007139  ,-0.000000 ,44.100000 ,-0.254508 ,-3.806485 
13.120000 ,36.921748 ,-41.310131,3.583453  ,3.580631  ,0.000370  ,0.000000  ,44.210000 ,-0.213543 ,-3.823639 
13.140000 ,36.917108 ,-41.381632,3.582482  ,3.580631  ,0.004919  ,-0.000000 ,44.210000 ,-0.176271 ,-3.771496 
13.160000 ,36.909184 ,-41.452830,3.581845  ,3.580631  ,0.006914  ,0.000000  ,44.210000 ,-0.229654 ,-3.685452 
13.180000 ,36.898183 ,-41.523607,3.581427  ,3.580631  ,0.001301  ,0.000000  ,44.330000 ,-0.192861 ,-3.625422 
13.200000 ,36.884361 ,-41.593881,3.581153  ,3.580631  ,0.006276  ,0.000000  ,44.330000 ,-0.244241 ,-3.563901 
13.220000 ,36.867548 ,-41.663496,3.580973  ,3.580631  ,0.002644  ,-0.000000 ,44.440000 ,-0.207717 ,-3.374654 
13.240000 ,36.847665 ,-41.732292,3.580855  ,3.580631  ,0.004413  ,0.000000  ,44.440000 ,-0.171076 ,-3.220959 
13.260000 ,36.824807 ,-41.800157,3.580778  ,3.580631  ,0.008362  ,0.000000  ,44.440000 ,-0.207986 ,-3.163070 
13.280000 ,36.799185 ,-41.867027,3.580727  ,3.582242  ,0.001099  ,-0.000000 ,44.560000 ,-0.168868 ,-3.180230 
13.300000 ,36.771039 ,-41.932875,3.580868  ,3.582242  ,0.006849  ,0.000000  ,44.560000 ,-0.135318 ,-3.205791 
13.320000 ,36.740229 ,-41.997523,3.580995  ,3.582242  ,0.009681  ,0.000000  ,44.560000 ,-0.170428 ,-3.099545 
13.340000 ,36.707166 ,-42.061052,3.581111  ,3.587904  ,0.004371  ,-0.000000 ,44.680000 ,-0.137539 ,-3.104655 
13.360000 ,36.671900 ,-42.123393,3.581742  ,3.587904  ,0.000000  ,0.000000  ,44.680000 ,-0.108999 ,-3.013831 
13.380000 ,36.634510 ,-42.184499,3.582314  ,3.587904  ,0.009773  ,-0.000000 ,44.680000 ,-0.149917 ,-2.884933 
13.400000 ,36.595214 ,-42.244410,3.582833  ,3.599519  ,0.005689  ,-0.000000 ,44.790000 ,-0.122537 ,-2.787889 
13.420000 ,36.554251 ,-42.303220,3.584382  ,3.599519  ,0.007529  ,0.000000  ,44.790000 ,-0.100952 ,-2.696234 
13.440000 ,36.511518 ,-42.360794,3.585787  ,3.599519  ,0.007211  ,0.000000  ,44.790000 ,-0.149460 ,-2.487274 
13.460000 ,36.467282 ,-42.417255,3.587062  ,3.618191  ,0.002593  ,0.000000  ,44.910000 ,-0.127458 ,-2.385241 
13.480000 ,36.421586 ,-42.472595,3.589952  ,3.618191  ,0.003474  ,0.000000  ,44.910000 ,-0.186108 ,-2.249455 
13.500000 ,36.374321 ,-42.526675,3.592574  ,3.644640  ,0.005904  ,0.000000  ,45.020000 ,-0.161520 ,-2.072467 
13.520000 ,36.325693 ,-42.579635,3.597408  ,3.644640  ,0.002274  ,-0.000000 ,45.020000 ,-0.140844 ,-2.031266 
13.540000 ,36.275462 ,-42.631203,3.601793  ,3.644640  ,0.000759  ,-0.000000 ,45.020000 ,-0.198333 ,-1.902587 
13.560000 ,36.223692 ,-42.681348,3.605771  ,3.679366  ,0.008373  ,-0.000000 ,45.140000 ,-0.169743 ,-1.895025 
13.580000 ,36.170381 ,-42.730011,3.612603  ,3.679366  ,0.000000  ,0.000000  ,45.140000 ,-0.143231 ,-1.944439 
13.600000 ,36.115315 ,-42.776880,3.618801  ,3.679366  ,0.002580  ,-0.000000 ,45.140000 ,-0.192950 ,-1.949066 
13.620000 ,36.058790 ,-42.822169,3.624424  ,3.722632  ,0.008481  ,0.000000  ,45.250000 ,-0.160913 ,-2.147601 
13.640000 ,36.000784 ,-42.865790,3.633542  ,3.722632  ,0.004327  ,0.000000  ,45.250000 ,-0.214045 ,-2.257863 
13.660000 ,35.941107 ,-42.907399,3.641813  ,3.722632  ,0.002774  ,0.000000  ,45.250000 ,-0.179606 ,-2.250980 
13.680000 ,35.879947 ,-42.947087,3.649316  ,3.774138  ,0.007241  ,0.000000  ,45.370000 ,-0.146094 ,-2.385204 
13.700000 ,35.817218 ,-42.984618,3.660904  ,3.774138  ,0.003973  ,0.000000  ,45.370000 ,-0.189378 ,-2.439358 
13.720000 ,35.753141 ,-43.020259,3.671417  ,3.833310  ,0.011347  ,0.000000  ,45.490000 ,-0.155603 ,-2.596761 
13.740000 ,35.687732 ,-43.053952,3.686447  ,3.833310  ,0.006058  ,0.000000  ,45.490000 ,-0.128141 ,-2.641276 
13.760000 ,35.621025 ,-43.085673,3.700081  ,3.833310  ,0.003093  ,0.000000  ,45.490000 ,-0.171434 ,-2.624938 
13.780000 ,35.553167 ,-43.115500,3.712450  ,3.899307  ,0.008488  ,0.000000  ,45.600000 ,-0.143298 ,-2.619197 
13.800000 ,35.484127 ,-43.143283,3.729798  ,3.899307  ,0.000000  ,-0.000000 ,45.600000 ,-0.184906 ,-2.544832 
13.820000 ,35.413948 ,-43.169031,3.745535  ,3.899307  ,0.000816  ,-0.000000 ,45.600000 ,-0.157076 ,-2.504875 
13.840000 ,35.342726 ,-43.192697,3.759811  ,3.971362  ,0.004272  ,-0.000000 ,45.720000 ,-0.128725 ,-2.498823 
13.860000 ,35.270487 ,-43.214275,3.779451  ,3.971362  ,0.000171  ,-0.000000 ,45.720000 ,-0.160863 ,-2.502285 
13.880000 ,35.197299 ,-43.233873,3.797268  ,4.049028  ,0.004945  ,0.000000  ,45.830000 ,-0.132766 ,-2.535963 
13.900000 ,35.123146 ,-43.251325,3.820641  ,4.049028  ,0.001023  ,0.000000  ,45.830000 ,-0.108618 ,-2.509262 
13.920000 ,35.048065 ,-43.266629,3.841844  ,4.049028  ,0.004725  ,-0.000000 ,45.830000 ,-0.129839 ,-2.514061 
13.940000 ,34.972188 ,-43.279901,3.861079  ,4.131876  ,0.001751  ,-0.000000 ,45.950000 ,-0.103565 ,-2.565719 
13.960000 ,34.895561 ,-43.291327,3.886219  ,4.131876  ,0.006811  ,0.000000  ,45.950000 ,-0.120798 ,-2.603150 
13.980000 ,34.818173 ,-43.300698,3.909026  ,4.131876  ,0.009762  ,-0.000000 ,45.950000 ,-0.098082 ,-2.523776 
14.000000 ,34.740148 ,-43.308230,3.929715  ,4.219513  ,0.008968  ,-0.000000 ,46.060000 ,-0.077596 ,-2.519651 
14.020000 ,34.661490 ,-43.313937,3.956620  ,4.219513  ,0.012791  ,-0.000000 ,46.060000 ,-0.087583 ,-2.468703 
14.040000 ,34.582215 ,-43.317976,3.981026  ,4.311713  ,0.011612  ,-0.000000 ,46.180000 ,-0.069840 ,-2.411995 
14.060000 ,34.502324 ,-43.320493,4.011727  ,4.311713  ,0.015795  ,-0.000000 ,46.180000 ,-0.079550 ,-2.326020 
14.080000 ,34.421815 ,-43.321514,4.039577  ,4.311713  ,0.018495  ,0.000000  ,46.180000 ,-0.066413 ,-2.191433 
14.100000 ,34.340770 ,-43.321075,4.064842  ,4.408442  ,0.018714  ,0.000000  ,46.300000 ,-0.073076 ,2.061987  
14.120000 ,34.259173 ,-43.319208,4.096742  ,4.408442  ,0.021084  ,0.000000  ,46.300000 ,-0.060227 ,1.950661  
14.140000 ,34.177011 ,-43.315941,4.125680  ,4.509845  ,0.020407  ,0.000000  ,46.410000 ,-0.047574 ,1.864664  
14.160000 ,34.094266 ,-43.311313,4.161345  ,4.509845  ,0.022067  ,-0.000000 ,46.410000 ,-0.051312 ,1.801297  
14.180000 ,34.010910 ,-43.305571,4.193700  ,4.509845  ,0.022662  ,-0.000000 ,46.410000 ,-0.042109 ,1.772158  
14.200000 ,33.927016 ,-43.298751,4.223050  ,4.616239  ,0.021776  ,-0.000000 ,46.530000 ,-0.046609 ,1.685323  
14.220000 ,33.842553 ,-43.290876,4.259553  ,4.616239  ,0.022240  ,-0.000000 ,46.530000 ,-0.039352 ,1.574481  
14.240000 ,33.757491 ,-43.281975,4.292668  ,4.728157  ,0.020656  ,-0.000000 ,46.640000 ,-0.043628 ,1.468301  
14.260000 ,33.671799 ,-43.272072,4.333098  ,4.728157  ,0.021100  ,-0.000000 ,46.640000 ,-0.036716 ,1.377174  
14.280000 ,33.585450 ,-43.261187,4.369775  ,4.846366  ,0.019080  ,0.000000  ,46.760000 ,-0.039943 ,1.306349  
14.300000 ,33.498411 ,-43.249330,4.414021  ,4.846366  ,0.019536  ,0.000000  ,46.760000 ,-0.032959 ,1.253838  
14.320000 ,33.410657 ,-43.236507,4.454160  ,4.846366  ,0.019136  ,0.000000  ,46.760000 ,-0.026632 ,1.218972  
14.340000 ,33.322272 ,-43.222734,4.490572  ,4.971292  ,0.017673  ,-0.000000 ,46.880000 ,-0.027634 ,1.203264  
14.360000 ,33.233197 ,-43.208140,4.535201  ,4.971292  ,0.017387  ,0.000000  ,46.880000 ,-0.022515 ,1.196933  
14.380000 ,33.143374 ,-43.192854,4.575687  ,5.102546  ,0.016027  ,0.000000  ,46.990000 ,-0.025894 ,1.154871  
14.400000 ,33.052762 ,-43.176886,4.624600  ,5.102546  ,0.016190  ,-0.000000 ,46.990000 ,-0.023770 ,1.052656  
14.420000 ,32.961319 ,-43.160264,4.668972  ,5.239319  ,0.015160  ,0.000000  ,47.110000 ,-0.028648 ,0.934055  
14.440000 ,32.869001 ,-43.143017,4.721923  ,5.239319  ,0.015802  ,0.000000  ,47.110000 ,-0.027256 ,0.820664  
14.460000 ,32.775769 ,-43.125172,4.769957  ,5.380572  ,0.015254  ,-0.000000 ,47.220000 ,-0.032628 ,0.723287  
14.480000 ,32.681581 ,-43.106750,4.826646  ,5.380572  ,0.016416  ,-0.000000 ,47.220000 ,-0.031242 ,0.644488  
14.500000 ,32.586430 ,-43.087629,4.878072  ,5.525239  ,0.016317  ,0.000000  ,47.340000 ,-0.035374 ,0.592982  
14.520000 ,32.490281 ,-43.067813,4.938155  ,5.525239  ,0.017703  ,0.000000  ,47.340000 ,-0.032003 ,0.598509  
14.540000 ,32.393112 ,-43.047279,4.992659  ,5.672261  ,0.017905  ,-0.000000 ,47.450000 ,-0.034715 ,0.642537  
14.560000 ,32.294912 ,-43.025939,5.055752  ,5.672261  ,0.019310  ,0.000000  ,47.450000 ,-0.030209 ,0.699375  
14.580000 ,32.195667 ,-43.003755,5.112988  ,5.820553  ,0.019514  ,-0.000000 ,47.570000 ,-0.031185 ,0.785717  
14.600000 ,32.095346 ,-42.980752,5.178678  ,5.820553  ,0.020765  ,-0.000000 ,47.570000 ,-0.033321 ,0.868706  
14.620000 ,31.993908 ,-42.957024,5.238269  ,5.969011  ,0.021040  ,-0.000000 ,47.690000 ,-0.029268 ,0.916826  
14.640000 ,31.891366 ,-42.932422,5.306110  ,5.969011  ,0.022239  ,-0.000000 ,47.690000 ,-0.032231 ,0.914042  
14.660000 ,31.787707 ,-42.906940,5.367653  ,6.116550  ,0.022436  ,0.000000  ,47.800000 ,-0.027992 ,0.921382  
14.680000 ,31.682920 ,-42.880559,5.437180  ,6.116550  ,0.023461  ,0.000000  ,47.800000 ,-0.030445 ,0.942720  
14.700000 ,31.576998 ,-42.853266,5.500252  ,6.262181  ,0.023631  ,0.000000  ,47.920000 ,-0.026337 ,0.963877  
14.720000 ,31.469901 ,-42.825170,5.570989  ,6.262181  ,0.024612  ,-0.000000 ,47.920000 ,-0.029717 ,0.973872  
14.740000 ,31.361624 ,-42.796266,5.635159  ,6.405110  ,0.025073  ,0.000000  ,48.030000 ,-0.033401 ,0.937817  
14.760000 ,31.252155 ,-42.766563,5.706640  ,6.544829  ,0.025322  ,-0.000000 ,48.150000 ,-0.031298 ,0.881094  
14.780000 ,31.141398 ,-42.735913,5.784457  ,6.544829  ,0.026947  ,-0.000000 ,48.150000 ,-0.035450 ,0.837254  
14.800000 ,31.029361 ,-42.704326,5.855049  ,6.681141  ,0.027458  ,0.000000  ,48.260000 ,-0.032089 ,0.839055  
14.820000 ,30.916064 ,-42.671790,5.931742  ,6.681141  ,0.029091  ,-0.000000 ,48.260000 ,-0.035371 ,0.876099  
14.840000 ,30.801542 ,-42.638226,6.001316  ,6.813981  ,0.029867  ,-0.000000 ,48.380000 ,-0.037277 ,0.936559  
14.860000 ,30.685821 ,-42.603603,6.076763  ,6.813981  ,0.031343  ,0.000000  ,48.380000 ,-0.033130 ,1.030441  
14.880000 ,30.568947 ,-42.567823,6.145206  ,6.943271  ,0.032234  ,0.000000  ,48.500000 ,-0.033511 ,1.147342  
14.900000 ,30.450955 ,-42.530836,6.219297  ,7.068909  ,0.032751  ,0.000000  ,48.610000 ,-0.033261 ,1.288670  
14.920000 ,30.331766 ,-42.492559,6.298174  ,7.068909  ,0.034147  ,-0.000000 ,48.610000 ,-0.028080 ,1.428981  
14.940000 ,30.211432 ,-42.452944,6.369729  ,7.190805  ,0.034576  ,0.000000  ,48.730000 ,-0.027237 ,1.560426  
14.960000 ,30.089957 ,-42.412073,6.445956  ,7.308891  ,0.034707  ,-0.000000 ,48.840000 ,-0.027402 ,1.649794  
14.980000 ,29.967235 ,-42.370012,6.526070  ,7.308891  ,0.036115  ,-0.000000 ,48.840000 ,-0.025483 ,1.645410  
15.000000 ,29.843302 ,-42.326780,6.598747  ,7.423132  ,0.036653  ,0.000000  ,48.960000 ,-0.028664 ,1.552613  
15.020000 ,29.718184 ,-42.282418,6.675282  ,7.533525  ,0.037148  ,0.000000  ,49.070000 ,-0.032961 ,1.418169  
15.040000 ,29.591804 ,-42.236945,6.754960  ,7.533525  ,0.039158  ,0.000000  ,49.070000 ,-0.033139 ,1.269345  
15.060000 ,29.464237 ,-42.190292,6.827241  ,7.640107  ,0.040333  ,0.000000  ,49.190000 ,-0.037257 ,1.160756  
15.080000 ,29.335561 ,-42.142375,6.902707  ,7.742956  ,0.041435  ,-0.000000 ,49.310000 ,-0.040059 ,1.150872  
15.100000 ,29.205732 ,-42.093161,6.980715  ,7.742956  ,0.043870  ,-0.000000 ,49.310000 ,-0.042546 ,1.237865  
15.120000 ,29.074817 ,-42.042624,7.051481  ,7.842194  ,0.045483  ,-0.000000 ,49.420000 ,-0.037657 ,1.381160  
15.140000 ,28.942887 ,-41.990722,7.124890  ,7.937968  ,0.047019  ,-0.000000 ,49.540000 ,-0.038207 ,1.551049  
15.160000 ,28.809928 ,-41.937376,7.200375  ,7.937968  ,0.049600  ,0.000000  ,49.540000 ,-0.039056 ,1.722820  
15.180000 ,28.676020 ,-41.882541,7.268852  ,8.000000  ,0.051467  ,0.000000  ,49.650000 ,-0.034416 ,1.887014  
15.200000 ,28.541267 ,-41.826184,7.336731  ,8.000000  ,0.053170  ,-0.000000 ,49.770000 ,-0.034914 ,2.039851  
15.220000 ,28.405765 ,-41.768275,7.398309  ,8.000000  ,0.054683  ,-0.000000 ,49.880000 ,-0.035275 ,2.181090  
15.240000 ,28.269657 ,-41.708809,7.454169  ,8.000000  ,0.057291  ,0.000000  ,49.880000 ,-0.035437 ,2.315216  
15.260000 ,28.133076 ,-41.647781,7.504843  ,8.000000  ,0.058868  ,-0.000000 ,50.000000 ,-0.031503 ,2.445665  
15.280000 ,27.996144 ,-41.585182,7.550813  ,8.000000  ,0.060174  ,-0.000000 ,50.120000 ,-0.031166 ,2.574606  
15.300000 ,27.858915 ,-41.521138,7.592515  ,8.000000  ,0.061326  ,-0.000000 ,50.230000 ,-0.031693 ,2.660767  
15.320000 ,27.721426 ,-41.455782,7.630346  ,8.000000  ,0.063759  ,0.000000  ,50.230000 ,-0.033978 ,2.648751  
15.340000 ,27.583746 ,-41.389155,7.664664  ,8.000000  ,0.065388  ,0.000000  ,50.350000 ,-0.033956 ,2.543498  
15.360000 ,27.445994 ,-41.321186,7.695796  ,8.000000  ,0.066929  ,0.000000  ,50.460000 ,-0.036964 ,2.434862  
15.380000 ,27.308282 ,-41.251806,7.724038  ,8.000000  ,0.068289  ,0.000000  ,50.580000 ,-0.038715 ,2.412127  
15.400000 ,27.170672 ,-41.181041,7.749658  ,8.000000  ,0.070660  ,-0.000000 ,50.580000 ,-0.039363 ,2.490173  
15.420000 ,27.033233 ,-41.108887,7.772900  ,8.000000  ,0.072140  ,0.000000  ,50.690000 ,-0.039050 ,2.634431  
15.440000 ,26.896042 ,-41.035319,7.793984  ,8.000000  ,0.073393  ,0.000000  ,50.810000 ,-0.034621 ,2.818407  
15.460000 ,26.759180 ,-40.960303,7.813110  ,8.000000  ,0.074362  ,-0.000000 ,50.930000 ,-0.032948 ,3.022520  
15.480000 ,26.622728 ,-40.883795,7.830461  ,8.000000  ,0.074987  ,-0.000000 ,51.040000 ,-0.030663 ,3.232844  
15.500000 ,26.486766 ,-40.805754,7.846200  ,8.000000  ,0.076633  ,-0.000000 ,51.040000 ,-0.027808 ,3.439919  
15.520000 ,26.351294 ,-40.726271,7.860479  ,8.000000  ,0.076993  ,0.000000  ,51.160000 ,-0.024522 ,3.589823  
15.540000 ,26.216299 ,-40.645448,7.873432  ,8.000000  ,0.077143  ,-0.000000 ,51.270000 ,-0.024225 ,3.617584  
15.560000 ,26.081817 ,-40.563299,7.885182  ,8.000000  ,0.077087  ,-0.000000 ,51.390000 ,-0.025232 ,3.527618  
15.580000 ,25.947863 ,-40.479869,7.895842  ,8.000000  ,0.078023  ,0.000000  ,51.390000 ,-0.027307 ,3.367722  
15.600000 ,25.814433 ,-40.395222,7.905512  ,8.000000  ,0.078159  ,-0.000000 ,51.500000 ,-0.030260 ,3.172468  
15.620000 ,25.681518 ,-40.309430,7.914284  ,8.000000  ,0.078272  ,-0.000000 ,51.620000 ,-0.031499 ,2.965959  
15.640000 ,25.549101 ,-40.222565,7.922242  ,8.000000  ,0.078441  ,0.000000  ,51.740000 ,-0.035082 ,2.764224  
15.660000 ,25.417165 ,-40.134697,7.929461  ,8.000000  ,0.078742  ,-0.000000 ,51.850000 ,-0.039189 ,2.577231  
15.680000 ,25.285781 ,-40.045761,7.936010  ,8.000000  ,0.080394  ,0.000000  ,51.850000 ,-0.042456 ,2.459933  
15.700000 ,25.155030 ,-39.955676,7.941950  ,8.000000  ,0.081146  ,0.000000  ,51.970000 ,-0.043840 ,2.477791  
15.720000 ,25.024938 ,-39.864445,7.947340  ,8.000000  ,0.081839  ,-0.000000 ,52.080000 ,-0.039992 ,2.624662  
15.740000 ,24.895554 ,-39.772037,7.952229  ,8.000000  ,0.082429  ,0.000000  ,52.200000 ,-0.038701 ,2.850491  
15.760000 ,24.766942 ,-39.678398,7.956664  ,8.000000  ,0.082841  ,-0.000000 ,52.310000 ,-0.036489 ,3.118456  
15.780000 ,24.639176 ,-39.583467,7.960687  ,8.000000  ,0.084419  ,-0.000000 ,52.310000 ,-0.033476 ,3.402268  
15.800000 ,24.512333 ,-39.487178,7.964337  ,8.000000  ,0.084685  ,-0.000000 ,52.430000 ,-0.028341 ,3.683859  
15.820000 ,24.386494 ,-39.389469,7.967648  ,8.000000  ,0.084513  ,0.000000  ,52.550000 ,-0.024413 ,3.951437  
15.840000 ,24.261636 ,-39.290406,7.970651  ,8.000000  ,0.083976  ,-0.000000 ,52.660000 ,-0.021167 ,4.147769  
15.860000 ,24.137726 ,-39.190070,7.973376  ,8.000000  ,0.083167  ,0.000000  ,52.780000 ,-0.019601 ,4.205368  
15.880000 ,24.014790 ,-39.088461,7.975848  ,8.000000  ,0.083627  ,-0.000000 ,52.780000 ,-0.019382 ,4.129487  
15.900000 ,23.892826 ,-38.985613,7.978090  ,8.000000  ,0.082780  ,-0.000000 ,52.890000 ,-0.020180 ,3.969751  
15.920000 ,23.771814 ,-38.881583,7.980124  ,8.000000  ,0.081758  ,-0.000000 ,53.010000 ,-0.021429 ,3.762786  
15.940000 ,23.651719 ,-38.776435,7.981969  ,8.000000  ,0.080633  ,0.000000  ,53.120000 ,-0.023292 ,3.534909  
15.960000 ,23.532503 ,-38.670239,7.983643  ,8.000000  ,0.079475  ,0.000000  ,53.240000 ,-0.025663 ,3.304388  
15.980000 ,23.414123 ,-38.563064,7.985162  ,8.000000  ,0.079884  ,-0.000000 ,53.240000 ,-0.028463 ,3.083326  
16.000000 ,23.296539 ,-38.454975,7.986539  ,8.000000  ,0.079280  ,-0.000000 ,53.360000 ,-0.029796 ,2.879204  
16.020000 ,23.179712 ,-38.346029,7.987789  ,8.000000  ,0.078823  ,0.000000  ,53.470000 ,-0.032672 ,2.696106  
16.040000 ,23.063606 ,-38.236280,7.988923  ,8.000000  ,0.078565  ,0.000000  ,53.590000 ,-0.035857 ,2.535693  
16.060000 ,22.948300 ,-38.125659,7.989951  ,8.000000  ,0.079486  ,0.000000  ,53.590000 ,-0.038005 ,2.448496  
16.080000 ,22.833889 ,-38.014085,7.990884  ,8.000000  ,0.079677  ,0.000000  ,53.700000 ,-0.038087 ,2.497643  
16.100000 ,22.720396 ,-37.901552,7.991730  ,8.000000  ,0.079782  ,0.000000  ,53.820000 ,-0.034053 ,2.674797  
16.120000 ,22.607874 ,-37.788026,7.992498  ,8.000000  ,0.079728  ,-0.000000 ,53.940000 ,-0.031309 ,2.928443  
16.140000 ,22.496397 ,-37.673453,7.993195  ,8.000000  ,0.079420  ,-0.000000 ,54.050000 ,-0.027465 ,3.220986  
16.160000 ,22.385933 ,-37.557885,7.993826  ,8.000000  ,0.079995  ,0.000000  ,54.050000 ,-0.023981 ,3.475167  
16.180000 ,22.276445 ,-37.441375,7.994400  ,8.000000  ,0.079730  ,-0.000000 ,54.170000 ,-0.021982 ,3.608506  
16.200000 ,22.167972 ,-37.323904,7.994919  ,8.000000  ,0.079262  ,-0.000000 ,54.280000 ,-0.021002 ,3.615866  
16.220000 ,22.060525 ,-37.205481,7.995391  ,8.000000  ,0.078583  ,-0.000000 ,54.400000 ,-0.020948 ,3.539756  
16.240000 ,21.954091 ,-37.086135,7.995819  ,8.000000  ,0.077714  ,0.000000  ,54.510000 ,-0.021572 ,3.412128  
16.260000 ,21.848645 ,-36.965904,7.996207  ,8.000000  ,0.077787  ,0.000000  ,54.510000 ,-0.022758 ,3.256472  
16.280000 ,21.744155 ,-36.844832,7.996559  ,8.000000  ,0.077058  ,-0.000000 ,54.630000 ,-0.024418 ,3.089598  
16.300000 ,21.640583 ,-36.722964,7.996879  ,8.000000  ,0.076277  ,0.000000  ,54.750000 ,-0.025336 ,2.923118  
16.320000 ,21.537892 ,-36.600345,7.997169  ,8.000000  ,0.075498  ,-0.000000 ,54.860000 ,-0.027237 ,2.764680  
16.340000 ,21.436046 ,-36.477015,7.997431  ,8.000000  ,0.074772  ,0.000000  ,54.980000 ,-0.029456 ,2.618950  
16.360000 ,21.335012 ,-36.353014,7.997670  ,8.000000  ,0.075252  ,0.000000  ,54.980000 ,-0.031978 ,2.488417  
16.380000 ,21.234760 ,-36.228374,7.997886  ,8.000000  ,0.075158  ,0.000000  ,55.090000 ,-0.034800 ,2.374013  
16.400000 ,21.135325 ,-36.103075,7.998082  ,8.000000  ,0.075164  ,0.000000  ,55.210000 ,-0.034415 ,2.300952  
16.420000 ,21.036816 ,-35.977043,7.998260  ,8.000000  ,0.075138  ,0.000000  ,55.320000 ,-0.034949 ,2.325952  
16.440000 ,20.939306 ,-35.850232,7.998422  ,8.000000  ,0.074993  ,-0.000000 ,55.440000 ,-0.033732 ,2.476657  
16.460000 ,20.842845 ,-35.722617,7.998568  ,8.000000  ,0.075811  ,-0.000000 ,55.440000 ,-0.031057 ,2.723550  
16.480000 ,20.747511 ,-35.594155,7.998701  ,8.000000  ,0.075631  ,0.000000  ,55.560000 ,-0.027155 ,3.022627  
16.500000 ,20.653264 ,-35.464890,7.998822  ,8.000000  ,0.075251  ,-0.000000 ,55.670000 ,-0.022701 ,3.291673  
16.520000 ,20.560063 ,-35.334866,7.998931  ,8.000000  ,0.074734  ,0.000000  ,55.790000 ,-0.020845 ,3.444496  
16.540000 ,20.467956 ,-35.204062,7.999031  ,8.000000  ,0.074032  ,0.000000  ,55.900000 ,-0.020114 ,3.473359  
16.560000 ,20.376954 ,-35.072484,7.999121  ,8.000000  ,0.074326  ,-0.000000 ,55.900000 ,-0.020325 ,3.418976  
16.580000 ,20.287049 ,-34.940153,7.999202  ,8.000000  ,0.073680  ,0.000000  ,56.020000 ,-0.021334 ,3.312104  
16.600000 ,20.198215 ,-34.807099,7.999276  ,8.000000  ,0.072915  ,-0.000000 ,56.130000 ,-0.021895 ,3.175497  
16.620000 ,20.110418 ,-34.673356,7.999343  ,8.000000  ,0.072085  ,-0.000000 ,56.250000 ,-0.023639 ,3.025566  
16.640000 ,20.023621 ,-34.538960,7.999404  ,8.000000  ,0.071247  ,-0.000000 ,56.370000 ,-0.025879 ,2.873772  
16.660000 ,19.937784 ,-34.403948,7.999460  ,8.000000  ,0.071707  ,-0.000000 ,56.370000 ,-0.028588 ,2.727776  
16.680000 ,19.852870 ,-34.268352,7.999510  ,8.000000  ,0.071452  ,-0.000000 ,56.480000 ,-0.031751 ,2.592369  
16.700000 ,19.768843 ,-34.132204,7.999555  ,8.000000  ,0.071364  ,0.000000  ,56.600000 ,-0.032204 ,2.470229  
16.720000 ,19.685670 ,-33.995531,7.999597  ,8.000000  ,0.071493  ,-0.000000 ,56.710000 ,-0.035579 ,2.362510  
16.740000 ,19.603461 ,-33.858276,7.999634  ,8.000000  ,0.071724  ,-0.000000 ,56.830000 ,-0.038090 ,2.320043  
16.760000 ,19.522338 ,-33.720375,7.999668  ,8.000000  ,0.073260  ,-0.000000 ,56.830000 ,-0.038741 ,2.406655  
16.780000 ,19.442335 ,-33.581820,7.999699  ,8.000000  ,0.073863  ,0.000000  ,56.940000 ,-0.037891 ,2.614694  
16.800000 ,19.363522 ,-33.442585,7.999727  ,8.000000  ,0.074361  ,-0.000000 ,57.060000 ,-0.032632 ,2.893388  
16.820000 ,19.285988 ,-33.302633,7.999752  ,8.000000  ,0.074666  ,-0.000000 ,57.180000 ,-0.029875 ,3.205914  
16.840000 ,19.209835 ,-33.161924,7.999775  ,8.000000  ,0.074680  ,-0.000000 ,57.290000 ,-0.026380 ,3.526368  
16.860000 ,19.135028 ,-33.020494,7.999796  ,8.000000  ,0.075901  ,0.000000  ,57.290000 ,-0.023617 ,3.786525  
16.880000 ,19.061516 ,-32.878386,7.999815  ,8.000000  ,0.076009  ,-0.000000 ,57.410000 ,-0.021495 ,3.910827  
16.900000 ,18.989341 ,-32.735595,7.999832  ,8.000000  ,0.075945  ,0.000000  ,57.520000 ,-0.021825 ,3.899488  
16.920000 ,18.918504 ,-32.592134,7.999848  ,8.000000  ,0.075727  ,-0.000000 ,57.640000 ,-0.023283 ,3.799018  
16.940000 ,18.848979 ,-32.448033,7.999862  ,8.000000  ,0.075403  ,-0.000000 ,57.750000 ,-0.025688 ,3.644278  
16.960000 ,18.780722 ,-32.303326,7.999875  ,8.000000  ,0.076602  ,-0.000000 ,57.750000 ,-0.028886 ,3.460817  
16.980000 ,18.713682 ,-32.158052,7.999886  ,8.000000  ,0.076789  ,0.000000  ,57.870000 ,-0.030131 ,3.266851  
17.000000 ,18.647802 ,-32.012247,7.999897  ,8.000000  ,0.077108  ,-0.000000 ,57.990000 ,-0.033886 ,3.074904  
17.020000 ,18.583026 ,-31.865948,7.999906  ,8.000000  ,0.077638  ,-0.000000 ,58.100000 ,-0.038129 ,2.893161  
17.040000 ,18.519446 ,-31.719126,7.999915  ,8.000000  ,0.078308  ,-0.000000 ,58.220000 ,-0.041481 ,2.777302  
17.060000 ,18.457172 ,-31.571744,7.999923  ,8.000000  ,0.080672  ,0.000000  ,58.220000 ,-0.042881 ,2.794333  
17.080000 ,18.396216 ,-31.423813,7.999930  ,8.000000  ,0.081900  ,0.000000  ,58.330000 ,-0.039253 ,2.938523  
17.100000 ,18.336632 ,-31.275323,7.999937  ,8.000000  ,0.083087  ,-0.000000 ,58.450000 ,-0.037907 ,3.160107  
17.120000 ,18.278496 ,-31.126261,7.999943  ,8.000000  ,0.084134  ,0.000000  ,58.560000 ,-0.035490 ,3.422613  
17.140000 ,18.221898 ,-30.976608,7.999948  ,8.000000  ,0.084928  ,0.000000  ,58.680000 ,-0.032099 ,3.700045  
17.160000 ,18.166935 ,-30.826346,7.999953  ,8.000000  ,0.086879  ,0.000000  ,58.680000 ,-0.027800 ,3.974527  
17.180000 ,18.113627 ,-30.675490,7.999957  ,8.000000  ,0.087299  ,0.000000  ,58.800000 ,-0.023449 ,4.209012  
17.200000 ,18.061908 ,-30.524081,7.999961  ,8.000000  ,0.087346  ,-0.000000 ,58.910000 ,-0.020481 ,4.338862  
17.220000 ,18.011753 ,-30.372147,7.999965  ,8.000000  ,0.087033  ,-0.000000 ,59.030000 ,-0.018761 ,4.331504  
17.240000 ,17.963162 ,-30.219705,7.999968  ,8.000000  ,0.087381  ,0.000000  ,59.030000 ,-0.017997 ,4.213741  
17.260000 ,17.916099 ,-30.066784,7.999971  ,8.000000  ,0.086718  ,-0.000000 ,59.140000 ,-0.017951 ,4.028440  
17.280000 ,17.870508 ,-29.913419,7.999974  ,8.000000  ,0.085725  ,0.000000  ,59.260000 ,-0.019428 ,3.807056  
17.300000 ,17.826318 ,-29.759643,7.999976  ,8.000000  ,0.084458  ,-0.000000 ,59.380000 ,-0.019961 ,3.572049  
17.320000 ,17.783456 ,-29.605492,7.999978  ,8.000000  ,0.082979  ,0.000000  ,59.490000 ,-0.020720 ,3.338893  
17.340000 ,17.741847 ,-29.450998,7.999980  ,8.000000  ,0.082305  ,-0.000000 ,59.490000 ,-0.021627 ,3.117732  
17.360000 ,17.701422 ,-29.296190,7.999982  ,8.000000  ,0.080911  ,0.000000  ,59.610000 ,-0.022620 ,2.914715  
17.380000 ,17.662114 ,-29.141094,7.999984  ,8.000000  ,0.079448  ,-0.000000 ,59.720000 ,-0.023731 ,2.733072  
17.400000 ,17.623867 ,-28.985733,7.999985  ,8.000000  ,0.077960  ,-0.000000 ,59.840000 ,-0.024448 ,2.573946  
17.420000 ,17.586628 ,-28.830127,7.999987  ,8.000000  ,0.076480  ,-0.000000 ,59.950000 ,-0.025164 ,2.437057  
17.440000 ,17.550355 ,-28.674294,7.999988  ,8.000000  ,0.075907  ,0.000000  ,59.950000 ,-0.025857 ,2.321189  
17.460000 ,17.515010 ,-28.518247,7.999989  ,8.000000  ,0.074810  ,0.000000  ,60.070000 ,-0.026507 ,2.224568  
17.480000 ,17.480563 ,-28.362000,7.999990  ,8.000000  ,0.073761  ,0.000000  ,60.190000 ,-0.026560 ,2.145135  
17.500000 ,17.446987 ,-28.205563,7.999991  ,8.000000  ,0.072767  ,-0.000000 ,60.300000 ,-0.026902 ,2.080731  
17.520000 ,17.414263 ,-28.048945,7.999992  ,8.000000  ,0.071830  ,0.000000  ,60.420000 ,-0.027185 ,2.029237  
17.540000 ,17.382375 ,-27.892155,7.999993  ,8.000000  ,0.071727  ,-0.000000 ,60.420000 ,-0.027392 ,1.988655  
17.560000 ,17.351310 ,-27.735200,7.999993  ,8.000000  ,0.071146  ,-0.000000 ,60.530000 ,-0.027507 ,1.957161  
17.580000 ,17.321058 ,-27.578087,7.999994  ,8.000000  ,0.070584  ,0.000000  ,60.650000 ,-0.026978 ,1.933130  
17.600000 ,17.291612 ,-27.420820,7.999994  ,8.000000  ,0.070032  ,-0.000000 ,60.760000 ,-0.026820 ,1.915140  
17.620000 ,17.262968 ,-27.263405,7.999995  ,8.000000  ,0.069475  ,0.000000  ,60.880000 ,-0.026545 ,1.901977  
17.640000 ,17.235121 ,-27.105847,7.999995  ,8.000000  ,0.069577  ,0.000000  ,60.880000 ,-0.026133 ,1.892610  
17.660000 ,17.208068 ,-26.948151,7.999996  ,8.000000  ,0.069173  ,0.000000  ,61.000000 ,-0.025552 ,1.886187  
17.680000 ,17.181810 ,-26.790321,7.999996  ,8.000000  ,0.068696  ,0.000000  ,61.110000 ,-0.024811 ,1.882006  
17.700000 ,17.156344 ,-26.632360,7.999997  ,8.000000  ,0.068127  ,0.000000  ,61.230000 ,-0.023868 ,1.879500  
17.720000 ,17.131671 ,-26.474274,7.999997  ,8.000000  ,0.067448  ,0.000000  ,61.340000 ,-0.022564 ,1.878218  
17.740000 ,17.107791 ,-26.316067,7.999997  ,8.000000  ,0.067217  ,-0.000000 ,61.340000 ,-0.020762 ,1.877803  
17.760000 ,17.084704 ,-26.157741,7.999997  ,8.000000  ,0.066430  ,-0.000000 ,61.460000 ,-0.018324 ,1.877981  
17.780000 ,17.062411 ,-25.999302,7.999998  ,8.000000  ,0.065457  ,-0.000000 ,61.570000 ,-0.017529 ,1.878542  
17.800000 ,17.040913 ,-25.840753,7.999998  ,8.000000  ,0.064280  ,0.000000  ,61.690000 ,-0.014212 ,1.879332  
17.820000 ,17.020211 ,-25.682098,7.999998  ,8.000000  ,0.062903  ,-0.000000 ,61.810000 ,-0.009988 ,1.880235  
17.840000 ,17.000305 ,-25.523342,7.999998  ,8.000000  ,0.061611  ,0.000000  ,61.810000 ,-0.004723 ,1.881172  
17.860000 ,16.981196 ,-25.364487,7.999998  ,8.000000  ,0.059638  ,-0.000000 ,61.920000 ,0.001717  ,1.882088  
17.880000 ,16.962885 ,-25.205539,7.999999  ,8.000000  ,0.057161  ,-0.000000 ,62.040000 ,0.002516  ,1.882948  
17.900000 ,16.945346 ,-25.046503,7.999999  ,8.000000  ,0.054098  ,0.000000  ,62.150000 ,0.010155  ,1.874479  
17.920000 ,16.928317 ,-24.887412,7.999999  ,8.000000  ,0.050605  ,-0.000000 ,62.270000 ,0.017091  ,1.777740  
17.940000 ,16.911736 ,-24.728273,7.999999  ,8.000000  ,0.046315  ,0.000000  ,62.270000 ,0.023806  ,1.550927  
17.960000 ,16.895524 ,-24.569097,7.999999  ,8.000000  ,0.041520  ,-0.000000 ,62.380000 ,0.030943  ,1.242167  
17.980000 ,16.879574 ,-24.409894,7.999999  ,8.000000  ,0.036114  ,0.000000  ,62.500000 ,0.026606  ,0.893502  
18.000000 ,16.863767 ,-24.250677,7.999999  ,8.000000  ,0.030109  ,-0.000000 ,62.620000 ,0.034459  ,0.534565  
18.020000 ,16.847980 ,-24.091457,7.999999  ,8.000000  ,0.023533  ,-0.000000 ,62.730000 ,0.043873  ,0.185418  
18.040000 ,16.831936 ,-23.932264,7.999999  ,8.000000  ,0.015613  ,-0.000000 ,62.730000 ,0.053765  ,0.191870  
18.060000 ,16.815354 ,-23.773126,7.999999  ,8.000000  ,0.007802  ,0.000000  ,62.850000 ,0.063295  ,0.654323  
18.080000 ,16.798075 ,-23.614062,7.999999  ,8.000000  ,0.000000  ,-0.000000 ,62.960000 ,0.055550  ,1.191811  
18.100000 ,16.779913 ,-23.455096,8.000000  ,8.000000  ,0.009132  ,-0.000000 ,63.080000 ,0.064603  ,1.754070  
18.120000 ,16.760679 ,-23.296257,8.000000  ,8.000000  ,0.018434  ,-0.000000 ,63.190000 ,0.074426  ,2.306731  
18.140000 ,16.740158 ,-23.137579,8.000000  ,8.000000  ,0.030840  ,-0.000000 ,63.190000 ,0.084902  ,2.836770  
18.160000 ,16.717912 ,-22.979134,8.000000  ,8.000000  ,0.042465  ,-0.000000 ,63.310000 ,0.093954  ,3.409867  
18.180000 ,16.693723 ,-22.820974,8.000000  ,8.000000  ,0.054649  ,-0.000000 ,63.430000 ,0.083547  ,4.061149  
18.200000 ,16.667373 ,-22.663160,8.000000  ,8.000000  ,0.067319  ,0.000000  ,63.540000 ,0.090441  ,4.740470  
18.220000 ,16.638636 ,-22.505763,8.000000  ,8.000000  ,0.080368  ,0.000000  ,63.660000 ,0.096592  ,5.406947  
18.240000 ,16.607295 ,-22.348865,8.000000  ,8.000000  ,0.096889  ,-0.000000 ,63.660000 ,0.101883  ,6.034147  
18.260000 ,16.572994 ,-22.192588,8.000000  ,8.000000  ,0.111305  ,0.000000  ,63.770000 ,0.091363  ,6.657154  
18.280000 ,16.535390 ,-22.037073,8.000000  ,8.000000  ,0.125340  ,0.000000  ,63.890000 ,0.092231  ,7.332601  
18.300000 ,16.494427 ,-21.882409,8.000000  ,8.000000  ,0.138934  ,-0.000000 ,64.000000 ,0.091210  ,8.000872  
18.320000 ,16.450050 ,-21.728689,8.000000  ,8.000000  ,0.152023  ,0.000000  ,64.120000 ,0.089522  ,8.549541  
18.340000 ,16.402104 ,-21.576046,8.000000  ,8.000000  ,0.167739  ,0.000000  ,64.120000 ,0.087416  ,8.953705  
18.360000 ,16.350486 ,-21.424605,8.000000  ,8.000000  ,0.180017  ,0.000000  ,64.240000 ,0.080439  ,9.243679  
18.380000 ,16.295134 ,-21.274489,8.000000  ,8.000000  ,0.191079  ,0.000000  ,64.350000 ,0.078849  ,9.444778  
18.400000 ,16.236020 ,-21.125814,8.000000  ,8.000000  ,0.200753  ,0.000000  ,64.470000 ,0.077913  ,9.577842  
18.420000 ,16.173140 ,-20.978693,8.000000  ,8.000000  ,0.210404  ,-0.000000 ,64.470000 ,0.076933  ,9.659787  
18.440000 ,16.106510 ,-20.833231,8.000000  ,8.000000  ,0.216640  ,0.000000  ,64.580000 ,0.072736  ,9.704156  
18.460000 ,16.036161 ,-20.689531,8.000000  ,8.000000  ,0.220515  ,-0.000000 ,64.700000 ,0.069859  ,9.721638  
18.480000 ,15.962134 ,-20.547691,8.000000  ,8.000000  ,0.221862  ,0.000000  ,64.810000 ,0.063822  ,9.720540  
18.500000 ,15.884479 ,-20.407805,8.000000  ,8.000000  ,0.220596  ,0.000000  ,64.930000 ,0.053262  ,9.707212  
18.520000 ,15.803274 ,-20.269948,8.000000  ,8.000000  ,0.221875  ,0.000000  ,64.930000 ,0.037197  ,9.677162  
18.540000 ,15.718805 ,-20.134067,8.000000  ,7.865941  ,0.220259  ,-0.000000 ,65.050000 ,0.036460  ,9.554952  
18.560000 ,15.631446 ,-20.000605,7.953854  ,7.710712  ,0.218844  ,0.000000  ,65.160000 ,0.015522  ,9.444411  
18.580000 ,15.541766 ,-19.870289,7.870159  ,7.573876  ,0.217821  ,0.000000  ,65.280000 ,-0.017061 ,9.566429  
18.600000 ,15.450298 ,-19.743514,7.768171  ,7.573876  ,0.216269  ,-0.000000 ,65.280000 ,-0.061034 ,9.927467  
18.620000 ,15.357064 ,-19.620120,7.701290  ,7.454019  ,0.211276  ,0.000000  ,65.390000 ,-0.067035 ,10.254062 
18.640000 ,15.262343 ,-19.499804,7.616173  ,7.349816  ,0.203197  ,0.000000  ,65.510000 ,-0.117984 ,10.318861 
18.660000 ,15.166515 ,-19.382647,7.524487  ,7.260026  ,0.191451  ,0.000000  ,65.620000 ,-0.174700 ,10.071109 
18.680000 ,15.070107 ,-19.268345,7.433453  ,7.183381  ,0.175926  ,-0.000000 ,65.740000 ,-0.232205 ,9.412929  
18.700000 ,14.973438 ,-19.156592,7.347372  ,7.183381  ,0.149963  ,-0.000000 ,65.740000 ,-0.215398 ,8.264682  
18.720000 ,14.876914 ,-19.046581,7.290922  ,7.118551  ,0.123130  ,-0.000000 ,65.860000 ,-0.261426 ,6.541770  
18.740000 ,14.781133 ,-18.937461,7.231588  ,7.064878  ,0.092793  ,-0.000000 ,65.970000 ,-0.295750 ,4.193681  
18.760000 ,14.686850 ,-18.828583,7.174202  ,7.064878  ,0.053157  ,-0.000000 ,65.970000 ,-0.258441 ,1.309720  
18.780000 ,14.595094 ,-18.718791,7.136570  ,7.022533  ,0.014335  ,-0.000000 ,66.090000 ,-0.269525 ,2.036513  
18.800000 ,14.506635 ,-18.607310,7.097316  ,6.991770  ,0.025118  ,0.000000  ,66.200000 ,-0.265433 ,5.711071  
18.820000 ,14.422362 ,-18.493573,7.060985  ,6.991770  ,0.072611  ,0.000000  ,66.200000 ,-0.213725 ,9.411086  
18.840000 ,14.343277 ,-18.376892,7.037159  ,6.972029  ,0.116147  ,-0.000000 ,66.320000 ,-0.191817 ,12.866931 
18.860000 ,14.270392 ,-18.256787,7.014740  ,6.961699  ,0.158588  ,-0.000000 ,66.440000 ,-0.157925 ,15.954775 
18.880000 ,14.204352 ,-18.133246,6.996482  ,6.961699  ,0.200597  ,-0.000000 ,66.440000 ,-0.111233 ,18.513865 
18.900000 ,14.145519 ,-18.006445,6.984509  ,6.958201  ,0.234928  ,-0.000000 ,66.550000 ,-0.076621 ,20.275717 
18.920000 ,14.094394 ,-17.876572,6.975453  ,6.958201  ,0.261643  ,-0.000000 ,66.670000 ,-0.052628 ,21.174681 
18.940000 ,14.051004 ,-17.744068,6.969515  ,6.958201  ,0.278165  ,0.000000  ,66.670000 ,-0.026121 ,21.290745 
18.960000 ,14.015309 ,-17.609387,6.965620  ,6.958201  ,0.286805  ,0.000000  ,66.780000 ,-0.003143 ,20.713521 
18.980000 ,13.986802 ,-17.473065,6.963067  ,6.958714  ,0.287849  ,-0.000000 ,66.900000 ,-0.007313 ,19.556373 
19.000000 ,13.964983 ,-17.335552,6.961569  ,6.964191  ,0.282646  ,-0.000000 ,67.010000 ,0.003244  ,17.927908 
19.020000 ,13.949340 ,-17.197210,6.961812  ,6.964191  ,0.277361  ,0.000000  ,67.010000 ,0.009705  ,16.029720 
19.040000 ,13.939227 ,-17.058347,6.962033  ,6.978345  ,0.265862  ,0.000000  ,67.130000 ,0.012910  ,14.052865 
19.060000 ,13.933727 ,-16.919205,6.963547  ,7.003099  ,0.251780  ,0.000000  ,67.250000 ,-0.005768 ,12.063515 
19.080000 ,13.932142 ,-16.779910,6.967219  ,7.003099  ,0.240555  ,-0.000000 ,67.250000 ,-0.008281 ,10.084674 
19.100000 ,13.933827 ,-16.640545,6.970550  ,7.038637  ,0.225475  ,0.000000  ,67.360000 ,-0.012979 ,8.219260  
19.120000 ,13.938407 ,-16.501147,6.976871  ,7.084289  ,0.209701  ,0.000000  ,67.480000 ,-0.028059 ,6.589721  
19.140000 ,13.945360 ,-16.361683,6.986844  ,7.084289  ,0.197603  ,-0.000000 ,67.480000 ,-0.028928 ,5.268158  
19.160000 ,13.954243 ,-16.222138,6.995891  ,7.139466  ,0.183206  ,-0.000000 ,67.590000 ,-0.028299 ,4.217847  
19.180000 ,13.964709 ,-16.082478,7.009220  ,7.203714  ,0.169260  ,0.000000  ,67.710000 ,-0.035074 ,3.393918  
19.200000 ,13.976488 ,-15.942606,7.027277  ,7.203714  ,0.158697  ,-0.000000 ,67.710000 ,-0.031699 ,2.751963  
19.220000 ,13.989522 ,-15.802500,7.043657  ,7.276515  ,0.146829  ,-0.000000 ,67.820000 ,-0.026032 ,2.300686  
19.240000 ,14.003664 ,-15.662119,7.065275  ,7.357231  ,0.135536  ,-0.000000 ,67.940000 ,-0.019277 ,2.028143  
19.260000 ,14.018692 ,-15.521339,7.092380  ,7.357231  ,0.126297  ,0.000000  ,67.940000 ,-0.019874 ,1.844721  
19.280000 ,14.034551 ,-15.380130,7.116969  ,7.445128  ,0.116413  ,0.000000  ,68.060000 ,-0.013415 ,1.686311  
19.300000 ,14.051192 ,-15.238457,7.147435  ,7.539295  ,0.106778  ,0.000000  ,68.170000 ,-0.007344 ,1.552296  
19.320000 ,14.068587 ,-15.096200,7.183815  ,7.638989  ,0.097055  ,0.000000  ,68.290000 ,-0.001359 ,1.437456  
19.340000 ,14.086714 ,-14.953240,7.226072  ,7.638989  ,0.087278  ,-0.000000 ,68.290000 ,-0.001271 ,1.337847  
19.360000 ,14.105543 ,-14.809560,7.264407  ,7.744576  ,0.076789  ,-0.000000 ,68.400000 ,0.005176  ,1.254720  
19.380000 ,14.125054 ,-14.665132,7.308986  ,7.857715  ,0.065946  ,-0.000000 ,68.520000 ,0.012195  ,1.187135  
19.400000 ,14.145220 ,-14.519829,7.359929  ,7.857715  ,0.056208  ,0.000000  ,68.520000 ,0.020102  ,1.122702  
19.420000 ,14.165787 ,-14.373602,7.406143  ,7.980347  ,0.046385  ,-0.000000 ,68.630000 ,0.018201  ,1.000581  
19.440000 ,14.186690 ,-14.226417,7.459452  ,8.000000  ,0.037185  ,0.000000  ,68.750000 ,0.023688  ,0.780954  
19.460000 ,14.207854 ,-14.078224,7.509636  ,8.000000  ,0.028769  ,0.000000  ,68.870000 ,0.029145  ,0.508844  
19.480000 ,14.229173 ,-13.929086,7.555161  ,8.000000  ,0.021180  ,0.000000  ,68.870000 ,0.034906  ,0.223493  
19.500000 ,14.250533 ,-13.779078,7.596459  ,8.000000  ,0.013633  ,-0.000000 ,68.980000 ,0.031380  ,0.050871  
19.520000 ,14.271686 ,-13.628246,7.633923  ,8.000000  ,0.006452  ,-0.000000 ,69.100000 ,0.036693  ,0.343956  
19.540000 ,14.292518 ,-13.476648,7.667910  ,8.000000  ,0.000488  ,0.000000  ,69.210000 ,0.042106  ,0.662293  
19.560000 ,14.312903 ,-13.324336,7.698740  ,8.000000  ,0.008140  ,-0.000000 ,69.210000 ,0.047746  ,0.986522  
19.580000 ,14.332574 ,-13.171338,7.726709  ,8.000000  ,0.015330  ,-0.000000 ,69.330000 ,0.052697  ,1.335525  
19.600000 ,14.351399 ,-13.017696,7.752081  ,8.000000  ,0.022444  ,-0.000000 ,69.440000 ,0.046287  ,1.721272  
19.620000 ,14.369231 ,-12.863449,7.775098  ,8.000000  ,0.029472  ,-0.000000 ,69.560000 ,0.050488  ,2.112133  
19.640000 ,14.385927 ,-12.708634,7.795977  ,8.000000  ,0.036397  ,-0.000000 ,69.680000 ,0.054835  ,2.487823  
19.660000 ,14.401349 ,-12.553287,7.814919  ,8.000000  ,0.045065  ,0.000000  ,69.680000 ,0.059453  ,2.836459  
19.680000 ,14.415369 ,-12.397445,7.832101  ,8.000000  ,0.052530  ,0.000000  ,69.790000 ,0.053793  ,3.152137  
19.700000 ,14.427872 ,-12.241145,7.847689  ,7.958273  ,0.059929  ,-0.000000 ,69.910000 ,0.059148  ,3.433024  
19.720000 ,14.438750 ,-12.084465,7.857955  ,7.877635  ,0.067253  ,0.000000  ,70.020000 ,0.065243  ,3.684824  
19.740000 ,14.447905 ,-11.927555,7.859782  ,7.877635  ,0.076408  ,0.000000  ,70.020000 ,0.070636  ,3.921917  
19.760000 ,14.455220 ,-11.770514,7.861440  ,7.800264  ,0.084401  ,-0.000000 ,70.140000 ,0.066547  ,4.157027  
19.780000 ,14.460336 ,-11.613592,7.840382  ,7.725502  ,0.092043  ,-0.000000 ,70.250000 ,0.069621  ,4.498106  
19.800000 ,14.463091 ,-11.457226,7.800837  ,7.652584  ,0.099203  ,0.000000  ,70.370000 ,0.069122  ,5.037986  
19.820000 ,14.463305 ,-11.301748,7.749805  ,7.580725  ,0.105708  ,0.000000  ,70.490000 ,0.064395  ,5.751321  
19.840000 ,14.460758 ,-11.147388,7.691604  ,7.580725  ,0.113910  ,0.000000  ,70.490000 ,0.050972  ,6.595642  
19.860000 ,14.455185 ,-10.994062,7.653436  ,7.509211  ,0.119201  ,0.000000  ,70.600000 ,0.039804  ,7.465109  
19.880000 ,14.446345 ,-10.841775,7.603791  ,7.437478  ,0.123029  ,-0.000000 ,70.720000 ,0.024855  ,8.305318  
19.900000 ,14.434284 ,-10.690786,7.546542  ,7.365087  ,0.125379  ,0.000000  ,70.830000 ,0.007942  ,9.062296  
19.920000 ,14.419000 ,-10.541295,7.484081  ,7.365087  ,0.128329  ,0.000000  ,70.830000 ,-0.001476 ,9.634330  
19.940000 ,14.400462 ,-10.393203,7.443120  ,7.291985  ,0.127992  ,0.000000  ,70.950000 ,-0.016170 ,9.908981  
19.960000 ,14.378621 ,-10.246508,7.391096  ,7.217830  ,0.125722  ,-0.000000 ,71.060000 ,-0.030101 ,9.908142  
19.980000 ,14.353832 ,-10.101419,7.331454  ,7.142243  ,0.121730  ,0.000000  ,71.180000 ,-0.028956 ,9.694401  
20.000000 ,14.326255 ,-9.958108 ,7.266323  ,7.142243  ,0.117566  ,0.000000  ,71.180000 ,-0.038246 ,9.284373  
20.020000 ,14.296007 ,-9.816426 ,7.223611  ,7.064860  ,0.110385  ,0.000000  ,71.300000 ,-0.046005 ,8.692923  
20.040000 ,14.263461 ,-9.676260 ,7.168965  ,6.985350  ,0.101561  ,0.000000  ,71.410000 ,-0.050014 ,7.934823  
20.060000 ,14.229104 ,-9.537744 ,7.105761  ,6.985350  ,0.093215  ,0.000000  ,71.410000 ,-0.039035 ,7.040650  
20.080000 ,14.193198 ,-9.400691 ,7.064312  ,6.903438  ,0.083279  ,-0.000000 ,71.530000 ,-0.036313 ,6.002470  
20.100000 ,14.156077 ,-9.264973 ,7.008935  ,6.818945  ,0.072934  ,0.000000  ,71.640000 ,-0.029156 ,4.895947  
20.120000 ,14.118181 ,-9.130729 ,6.943536  ,6.818945  ,0.064423  ,0.000000  ,71.640000 ,-0.015003 ,3.804540  
20.140000 ,14.079662 ,-8.997778 ,6.900649  ,6.731833  ,0.055530  ,0.000000  ,71.760000 ,-0.004438 ,2.783825  
20.160000 ,14.040684 ,-8.866022 ,6.842538  ,6.642245  ,0.047138  ,-0.000000 ,71.880000 ,0.007952  ,1.922672  
20.180000 ,14.001603 ,-8.735627 ,6.773592  ,6.550531  ,0.039541  ,0.000000  ,71.990000 ,0.016595  ,1.246734  
20.200000 ,13.962667 ,-8.606715 ,6.696809  ,6.550531  ,0.035961  ,0.000000  ,71.990000 ,0.029722  ,0.715722  
20.220000 ,13.923716 ,-8.479122 ,6.646457  ,6.457755  ,0.031446  ,-0.000000 ,72.110000 ,0.033251  ,0.359108  
20.240000 ,13.884823 ,-8.352725 ,6.581501  ,6.365036  ,0.027846  ,0.000000  ,72.220000 ,0.044558  ,0.213758  
20.260000 ,13.845935 ,-8.227792 ,6.506989  ,6.365036  ,0.028081  ,-0.000000 ,72.220000 ,0.054330  ,0.255492  
20.280000 ,13.806847 ,-8.104200 ,6.458125  ,6.273382  ,0.026995  ,-0.000000 ,72.340000 ,0.049077  ,0.494475  
20.300000 ,13.767476 ,-7.981888 ,6.394532  ,6.273382  ,0.028360  ,0.000000  ,72.340000 ,0.054384  ,0.893435  
20.320000 ,13.727678 ,-7.860810 ,6.352829  ,6.183861  ,0.029227  ,-0.000000 ,72.450000 ,0.059974  ,1.364359  
20.340000 ,13.687306 ,-7.740984 ,6.294666  ,6.097474  ,0.030115  ,0.000000  ,72.570000 ,0.050498  ,1.860192  
20.360000 ,13.646301 ,-7.622712 ,6.226788  ,6.097474  ,0.033351  ,-0.000000 ,72.570000 ,0.053422  ,2.368547  
20.380000 ,13.604468 ,-7.505911 ,6.182275  ,6.015104  ,0.035111  ,0.000000  ,72.690000 ,0.043703  ,2.845597  
20.400000 ,13.561648 ,-7.390563 ,6.124731  ,5.937514  ,0.036268  ,-0.000000 ,72.800000 ,0.046440  ,3.278297  
20.420000 ,13.517798 ,-7.276914 ,6.060286  ,5.937514  ,0.039960  ,-0.000000 ,72.800000 ,0.048619  ,3.685803  
20.440000 ,13.472753 ,-7.164870 ,6.018025  ,5.865331  ,0.041000  ,0.000000  ,72.920000 ,0.038377  ,4.032049  
20.460000 ,13.426391 ,-7.054398 ,5.965464  ,5.865331  ,0.043590  ,-0.000000 ,72.920000 ,0.040760  ,4.315024  
20.480000 ,13.378612 ,-6.945471 ,5.930996  ,5.799030  ,0.044099  ,0.000000  ,73.030000 ,0.031771  ,4.527180  
20.500000 ,13.329357 ,-6.838088 ,5.885570  ,5.738938  ,0.043251  ,0.000000  ,73.150000 ,0.035731  ,4.680683  
20.520000 ,13.278830 ,-6.732362 ,5.835095  ,5.738938  ,0.045319  ,-0.000000 ,73.150000 ,0.028755  ,4.779766  
20.540000 ,13.226954 ,-6.628215 ,5.801996  ,5.685259  ,0.044023  ,0.000000  ,73.260000 ,0.036967  ,4.766433  
20.560000 ,13.173728 ,-6.525579 ,5.761812  ,5.685259  ,0.045207  ,0.000000  ,73.260000 ,0.049978  ,4.671219  
20.580000 ,13.119155 ,-6.424401 ,5.735461  ,5.638065  ,0.043726  ,0.000000  ,73.380000 ,0.045419  ,4.524385  
20.600000 ,13.063140 ,-6.324705 ,5.701935  ,5.638065  ,0.044286  ,-0.000000 ,73.380000 ,0.062430  ,4.371382  
20.620000 ,13.005725 ,-6.226444 ,5.679949  ,5.597275  ,0.042885  ,0.000000  ,73.500000 ,0.056573  ,4.263572  
20.640000 ,12.946946 ,-6.129586 ,5.651491  ,5.562708  ,0.039988  ,-0.000000 ,73.610000 ,0.078022  ,4.181674  
20.660000 ,12.886894 ,-6.034210 ,5.620930  ,5.562708  ,0.042647  ,0.000000  ,73.610000 ,0.071277  ,4.126836  
20.680000 ,12.825537 ,-5.940265 ,5.600889  ,5.534164  ,0.040636  ,0.000000  ,73.730000 ,0.096584  ,4.078972  
20.700000 ,12.762654 ,-5.847857 ,5.577920  ,5.534164  ,0.044033  ,0.000000  ,73.730000 ,0.087322  ,4.069476  
20.720000 ,12.698097 ,-5.757073 ,5.562859  ,5.511422  ,0.042941  ,0.000000  ,73.840000 ,0.110306  ,4.187030  
20.740000 ,12.631847 ,-5.667925 ,5.545153  ,5.511422  ,0.047120  ,0.000000  ,73.840000 ,0.134373  ,4.412442  
20.760000 ,12.563850 ,-5.580471 ,5.533542  ,5.494194  ,0.047482  ,-0.000000 ,73.960000 ,0.118803  ,4.678360  
20.780000 ,12.493914 ,-5.494887 ,5.519997  ,5.494194  ,0.052658  ,0.000000  ,73.960000 ,0.140330  ,4.964833  
20.800000 ,12.421814 ,-5.411409 ,5.511115  ,5.482074  ,0.054383  ,-0.000000 ,74.070000 ,0.119906  ,5.317191  
20.820000 ,12.347656 ,-5.330012 ,5.501119  ,5.474476  ,0.054228  ,-0.000000 ,74.190000 ,0.137388  ,5.732910  
20.840000 ,12.271247 ,-5.250990 ,5.491947  ,5.474476  ,0.063118  ,0.000000  ,74.190000 ,0.115796  ,6.102385  
20.860000 ,12.192689 ,-5.174320 ,5.485933  ,5.470596  ,0.064009  ,0.000000  ,74.310000 ,0.130388  ,6.459987  
20.880000 ,12.111803 ,-5.100276 ,5.480654  ,5.470596  ,0.072421  ,0.000000  ,74.310000 ,0.109609  ,6.726248  
20.900000 ,12.028733 ,-5.028824 ,5.477192  ,5.469359  ,0.073598  ,-0.000000 ,74.420000 ,0.121879  ,6.966672  
20.920000 ,11.943362 ,-4.960235 ,5.474495  ,5.469359  ,0.080975  ,0.000000  ,74.420000 ,0.102308  ,7.118892  
20.940000 ,11.855883 ,-4.894430 ,5.472727  ,5.469359  ,0.081894  ,0.000000  ,74.540000 ,0.112459  ,7.252923  
20.960000 ,11.766362 ,-4.831481 ,5.471568  ,5.469359  ,0.088131  ,0.000000  ,74.540000 ,0.096388  ,7.282841  
20.980000 ,11.674881 ,-4.771452 ,5.470807  ,5.469359  ,0.088701  ,0.000000  ,74.650000 ,0.106078  ,7.243399  
21.000000 ,11.581535 ,-4.714388 ,5.470309  ,5.469359  ,0.093621  ,-0.000000 ,74.650000 ,0.091673  ,7.167355  
21.020000 ,11.486430 ,-4.660323 ,5.469982  ,5.469829  ,0.093685  ,-0.000000 ,74.770000 ,0.099683  ,7.075839  
21.040000 ,11.389745 ,-4.609143 ,5.469929  ,5.469829  ,0.097385  ,-0.000000 ,74.770000 ,0.109109  ,6.959473  
21.060000 ,11.291581 ,-4.560865 ,5.469894  ,5.472541  ,0.097176  ,-0.000000 ,74.880000 ,0.095506  ,6.794942  
21.080000 ,11.191983 ,-4.515613 ,5.470140  ,5.472541  ,0.099647  ,0.000000  ,74.880000 ,0.102520  ,6.630854  
21.100000 ,11.091122 ,-4.473235 ,5.470363  ,5.479078  ,0.099020  ,-0.000000 ,75.000000 ,0.089041  ,6.505806  
21.120000 ,10.989091 ,-4.433733 ,5.471172  ,5.490799  ,0.096139  ,0.000000  ,75.120000 ,0.094599  ,6.367477  
21.140000 ,10.885972 ,-4.397080 ,5.472994  ,5.490799  ,0.099509  ,0.000000  ,75.120000 ,0.082123  ,6.222287  
21.160000 ,10.781900 ,-4.363118 ,5.474647  ,5.508836  ,0.096550  ,0.000000  ,75.230000 ,0.087060  ,6.067785  
21.180000 ,10.676946 ,-4.331815 ,5.477821  ,5.508836  ,0.099039  ,0.000000  ,75.230000 ,0.077104  ,5.868069  
21.200000 ,10.571186 ,-4.303123 ,5.480701  ,5.534110  ,0.096122  ,-0.000000 ,75.350000 ,0.081229  ,5.657168  
21.220000 ,10.464684 ,-4.276989 ,5.485659  ,5.534110  ,0.097746  ,0.000000  ,75.350000 ,0.072108  ,5.452819  
21.240000 ,10.357502 ,-4.253359 ,5.490157  ,5.567320  ,0.094869  ,0.000000  ,75.460000 ,0.074398  ,5.265786  
21.260000 ,10.249689 ,-4.232182 ,5.497321  ,5.567320  ,0.095632  ,0.000000  ,75.460000 ,0.065542  ,5.098771  
21.280000 ,10.141292 ,-4.213413 ,5.503820  ,5.608937  ,0.092734  ,-0.000000 ,75.580000 ,0.065474  ,4.953659  
21.300000 ,10.032346 ,-4.197014 ,5.513579  ,5.608937  ,0.092577  ,0.000000  ,75.580000 ,0.064712  ,4.827714  
21.320000 ,9.922887  ,-4.182950 ,5.522431  ,5.659203  ,0.089519  ,-0.000000 ,75.690000 ,0.054054  ,4.720228  
21.340000 ,9.812938  ,-4.171194 ,5.535129  ,5.659203  ,0.088312  ,-0.000000 ,75.690000 ,0.050304  ,4.627061  
21.360000 ,9.702529  ,-4.161695 ,5.546648  ,5.718123  ,0.084907  ,0.000000  ,75.810000 ,0.040269  ,4.542707  
21.380000 ,9.591690  ,-4.154183 ,5.562568  ,5.785473  ,0.080341  ,0.000000  ,75.930000 ,0.035774  ,4.430660  
21.400000 ,9.480371  ,-4.148593 ,5.583262  ,5.785473  ,0.079317  ,-0.000000 ,75.930000 ,0.030671  ,4.217306  
21.420000 ,9.368580  ,-4.144857 ,5.602035  ,5.860882  ,0.074774  ,-0.000000 ,76.040000 ,0.026888  ,3.957565  
21.440000 ,9.256316  ,-4.142742 ,5.626066  ,5.860882  ,0.072982  ,0.000000  ,76.040000 ,0.024651  ,3.667590  
21.460000 ,9.143577  ,-4.142010 ,5.647866  ,5.943952  ,0.068853  ,-0.000000 ,76.160000 ,0.023713  ,3.321644  
21.480000 ,9.030343  ,-4.142545 ,5.675355  ,5.943952  ,0.066819  ,-0.000000 ,76.160000 ,0.024342  ,2.924270  
21.500000 ,8.916597  ,-4.144213 ,5.700291  ,6.034290  ,0.063313  ,-0.000000 ,76.270000 ,0.025040  ,2.529911  
21.520000 ,8.802308  ,-4.146887 ,5.731299  ,6.034290  ,0.061250  ,0.000000  ,76.270000 ,0.026277  ,2.167566  
21.540000 ,8.687453  ,-4.150449 ,5.759428  ,6.131509  ,0.058466  ,0.000000  ,76.390000 ,0.027191  ,1.852062  
21.560000 ,8.571997  ,-4.154800 ,5.793972  ,6.235217  ,0.055573  ,0.000000  ,76.500000 ,0.027222  ,1.587192  
21.580000 ,8.455813  ,-4.159859 ,5.834937  ,6.235217  ,0.054492  ,0.000000  ,76.500000 ,0.028130  ,1.367832  
21.600000 ,8.338877  ,-4.165558 ,5.872098  ,6.345001  ,0.052348  ,-0.000000 ,76.620000 ,0.027573  ,1.192486  
21.620000 ,8.221159  ,-4.171844 ,5.916002  ,6.345001  ,0.051357  ,0.000000  ,76.620000 ,0.027897  ,1.056095  
21.640000 ,8.102632  ,-4.178677 ,5.955830  ,6.460425  ,0.049807  ,0.000000  ,76.740000 ,0.027463  ,0.953469  
21.660000 ,7.983268  ,-4.186029 ,6.002676  ,6.581022  ,0.048258  ,0.000000  ,76.850000 ,0.026043  ,0.878185  
21.680000 ,7.862927  ,-4.193886 ,6.056369  ,6.581022  ,0.047702  ,-0.000000 ,76.850000 ,0.025697  ,0.821944  
21.700000 ,7.741594  ,-4.202235 ,6.105077  ,6.706284  ,0.046463  ,-0.000000 ,76.970000 ,0.024700  ,0.781955  
21.720000 ,7.619246  ,-4.211067 ,6.160893  ,6.706284  ,0.045750  ,-0.000000 ,76.970000 ,0.023450  ,0.754686  
21.740000 ,7.495866  ,-4.220380 ,6.211526  ,6.835660  ,0.044636  ,-0.000000 ,77.080000 ,0.022190  ,0.737839  
21.760000 ,7.371434  ,-4.230171 ,6.269470  ,6.968560  ,0.043391  ,0.000000  ,77.200000 ,0.020869  ,0.728424  
21.780000 ,7.245808  ,-4.240453 ,6.334373  ,6.968560  ,0.042575  ,-0.000000 ,77.200000 ,0.019509  ,0.721657  
21.800000 ,7.118981  ,-4.251227 ,6.393250  ,7.104351  ,0.041279  ,0.000000  ,77.310000 ,0.018039  ,0.717912  
21.820000 ,6.990943  ,-4.262497 ,6.459268  ,7.242346  ,0.039806  ,0.000000  ,77.430000 ,0.016483  ,0.716532  
21.840000 ,6.861557  ,-4.274278 ,6.531968  ,7.242346  ,0.038780  ,-0.000000 ,77.430000 ,0.015206  ,0.714376  
21.860000 ,6.730827  ,-4.286572 ,6.597919  ,7.381808  ,0.037232  ,-0.000000 ,77.550000 ,0.013529  ,0.713096  
21.880000 ,6.598752  ,-4.299384 ,6.670695  ,7.521959  ,0.035529  ,-0.000000 ,77.660000 ,0.011770  ,0.712991  
21.900000 ,6.465203  ,-4.312729 ,6.749725  ,7.521959  ,0.034352  ,0.000000  ,77.660000 ,0.010636  ,0.711501  
21.920000 ,6.330195  ,-4.326609 ,6.821419  ,7.662010  ,0.032670  ,-0.000000 ,77.780000 ,0.008802  ,0.710669  
21.940000 ,6.193736  ,-4.341028 ,6.899458  ,7.801200  ,0.030903  ,-0.000000 ,77.890000 ,0.006953  ,0.711108  
21.960000 ,6.055710  ,-4.356002 ,6.983175  ,7.801200  ,0.029487  ,-0.000000 ,77.890000 ,0.005971  ,0.710415  
21.980000 ,5.916139  ,-4.371532 ,7.059120  ,7.938852  ,0.027635  ,-0.000000 ,78.010000 ,0.004154  ,0.710639  
22.000000 ,5.775044  ,-4.387620 ,7.140793  ,8.000000  ,0.025637  ,-0.000000 ,78.120000 ,0.002465  ,0.712454  
22.020000 ,5.632390  ,-4.404277 ,7.220561  ,8.000000  ,0.023779  ,0.000000  ,78.120000 ,0.000920  ,0.715292  
22.040000 ,5.488271  ,-4.421496 ,7.292923  ,8.000000  ,0.021558  ,-0.000000 ,78.240000 ,-0.000039 ,0.721648  
22.060000 ,5.342830  ,-4.439269 ,7.358568  ,8.000000  ,0.019145  ,0.000000  ,78.360000 ,-0.001561 ,0.734037  
22.080000 ,5.196195  ,-4.457577 ,7.418118  ,8.000000  ,0.016532  ,-0.000000 ,78.470000 ,-0.002812 ,0.749712  
22.100000 ,5.048459  ,-4.476231 ,7.472139  ,8.000000  ,0.014335  ,0.000000  ,78.470000 ,-0.002212 ,0.718111  
22.120000 ,4.899715  ,-4.495122 ,7.521145  ,8.000000  ,0.012051  ,0.000000  ,78.590000 ,-0.000409 ,0.592030  
22.140000 ,4.750051  ,-4.514186 ,7.565601  ,8.000000  ,0.009998  ,-0.000000 ,78.700000 ,0.003394  ,0.393933  
22.160000 ,4.599545  ,-4.533341 ,7.605931  ,8.000000  ,0.008276  ,0.000000  ,78.820000 ,0.008787  ,0.163243  
22.180000 ,4.448282  ,-4.552641 ,7.642516  ,8.000000  ,0.007543  ,-0.000000 ,78.820000 ,0.014267  ,-0.030046 
22.200000 ,4.296344  ,-4.572154 ,7.675704  ,8.000000  ,0.006782  ,-0.000000 ,78.940000 ,0.014531  ,-0.112424 
22.220000 ,4.143792  ,-4.591852 ,7.705811  ,8.000000  ,0.006446  ,-0.000000 ,79.050000 ,0.017628  ,-0.079753 
22.240000 ,3.990686  ,-4.611745 ,7.733124  ,8.000000  ,0.006586  ,0.000000  ,79.170000 ,0.020175  ,0.026055  
22.260000 ,3.837085  ,-4.631865 ,7.757900  ,8.000000  ,0.008102  ,-0.000000 ,79.170000 ,0.022249  ,0.173636  
22.280000 ,3.683044  ,-4.652259 ,7.780376  ,8.000000  ,0.009686  ,0.000000  ,79.280000 ,0.023810  ,0.340464  
22.300000 ,3.528614  ,-4.672980 ,7.800766  ,8.000000  ,0.011812  ,-0.000000 ,79.400000 ,0.021233  ,0.511092  
22.320000 ,3.373843  ,-4.694081 ,7.819263  ,8.000000  ,0.014460  ,0.000000  ,79.510000 ,0.022076  ,0.675527  
22.340000 ,3.218776  ,-4.715616 ,7.836042  ,8.000000  ,0.017550  ,-0.000000 ,79.630000 ,0.022128  ,0.827833  
22.360000 ,3.063454  ,-4.737632 ,7.851264  ,8.000000  ,0.021474  ,0.000000  ,79.630000 ,0.021124  ,0.964978  
22.380000 ,2.907914  ,-4.760172 ,7.865072  ,8.000000  ,0.025014  ,0.000000  ,79.750000 ,0.019086  ,1.085925  
22.400000 ,2.752190  ,-4.783274 ,7.877599  ,8.000000  ,0.028574  ,-0.000000 ,79.860000 ,0.016810  ,1.190940  
22.420000 ,2.596314  ,-4.806970 ,7.888963  ,8.000000  ,0.032120  ,0.000000  ,79.980000 ,0.012944  ,1.281080  
22.440000 ,2.440314  ,-4.831289 ,7.899271  ,8.000000  ,0.035571  ,-0.000000 ,79.980000 ,0.007236  ,1.357828  
22.460000 ,2.284218  ,-4.856252 ,7.908623  ,8.000000  ,0.038401  ,0.000000  ,80.090000 ,-0.000554 ,1.422835  
22.480000 ,2.128049  ,-4.881880 ,7.917106  ,8.000000  ,0.040555  ,-0.000000 ,80.210000 ,-0.001932 ,1.477764  
22.500000 ,1.971802  ,-4.908035 ,7.924802  ,8.000000  ,0.041971  ,-0.000000 ,80.320000 ,-0.010807 ,1.474988  
22.520000 ,1.815471  ,-4.934564 ,7.931783  ,8.000000  ,0.042583  ,0.000000  ,80.440000 ,-0.020030 ,1.353106  
22.540000 ,1.659060  ,-4.961419 ,7.938116  ,8.000000  ,0.040997  ,-0.000000 ,80.440000 ,-0.030152 ,1.119726  
22.560000 ,1.502568  ,-4.988517 ,7.943862  ,8.000000  ,0.038684  ,-0.000000 ,80.560000 ,-0.041669 ,0.824759  
22.580000 ,1.345990  ,-5.015756 ,7.949073  ,8.000000  ,0.034959  ,0.000000  ,80.670000 ,-0.037633 ,0.503895  
22.600000 ,1.189311  ,-5.042997 ,7.953801  ,8.000000  ,0.029767  ,-0.000000 ,80.790000 ,-0.050619 ,0.172616  
22.620000 ,1.032477  ,-5.069872 ,7.958090  ,8.000000  ,0.023298  ,0.000000  ,80.900000 ,-0.063652 ,-0.230427 
22.640000 ,0.875471  ,-5.096213 ,7.961981  ,8.000000  ,0.013250  ,-0.000000 ,80.900000 ,-0.076703 ,-0.737053 
22.660000 ,0.718272  ,-5.121846 ,7.965511  ,8.000000  ,0.003082  ,0.000000  ,81.020000 ,-0.089697 ,-1.294355 
22.680000 ,0.560836  ,-5.146422 ,7.968713  ,8.000000  ,0.000000  ,0.000000  ,81.130000 ,-0.080433 ,-1.908881 
22.700000 ,0.403124  ,-5.169579 ,7.971617  ,8.000000  ,0.020834  ,0.000000  ,81.250000 ,-0.089717 ,-2.615488 
22.720000 ,0.245121  ,-5.191070 ,7.974252  ,7.940737  ,0.034303  ,0.000000  ,81.370000 ,-0.097686 ,-3.389755 
22.740000 ,0.086960  ,-5.210605 ,7.962716  ,7.940737  ,0.052288  ,0.000000  ,81.370000 ,-0.102152 ,-4.194448 
22.760000 ,-0.071274 ,-5.227868 ,7.955150  ,7.864822  ,0.068934  ,0.000000  ,81.480000 ,-0.091229 ,-5.005173 
22.780000 ,-0.229391 ,-5.242290 ,7.924057  ,7.779391  ,0.085959  ,0.000000  ,81.600000 ,-0.090477 ,-5.915507 
22.800000 ,-0.386945 ,-5.253524 ,7.874260  ,7.681535  ,0.102896  ,-0.000000 ,81.710000 ,-0.082782 ,-7.018930 
22.820000 ,-0.543527 ,-5.261481 ,7.807919  ,7.681535  ,0.121140  ,-0.000000 ,81.710000 ,-0.067617 ,-8.224041 
22.840000 ,-0.699163 ,-5.265804 ,7.764415  ,7.568280  ,0.136599  ,0.000000  ,81.830000 ,-0.052262 ,-9.347954 
22.860000 ,-0.853736 ,-5.266145 ,7.696901  ,7.436639  ,0.149834  ,-0.000000 ,81.940000 ,-0.030375 ,-10.406923
22.880000 ,-1.006681 ,-5.262395 ,7.607312  ,7.283722  ,0.160387  ,0.000000  ,82.060000 ,0.000316  ,11.492133 
22.900000 ,-1.157443 ,-5.254500 ,7.495925  ,7.106908  ,0.167862  ,0.000000  ,82.180000 ,0.015992  ,12.620514 
22.920000 ,-1.305482 ,-5.242754 ,7.362016  ,7.106908  ,0.172011  ,0.000000  ,82.180000 ,0.056194  ,13.724892 
22.940000 ,-1.450942 ,-5.226999 ,7.274202  ,6.942222  ,0.171898  ,0.000000  ,82.290000 ,0.103690  ,14.456497 
22.960000 ,-1.593832 ,-5.207053 ,7.159926  ,6.793753  ,0.167468  ,0.000000  ,82.410000 ,0.110865  ,14.826520 
22.980000 ,-1.733735 ,-5.183520 ,7.033881  ,6.793753  ,0.157915  ,-0.000000 ,82.410000 ,0.158393  ,14.952886 
23.000000 ,-1.870960 ,-5.156795 ,6.951223  ,6.661485  ,0.144626  ,-0.000000 ,82.520000 ,0.208245  ,14.447350 
23.020000 ,-2.005719 ,-5.127193 ,6.851488  ,6.545169  ,0.127559  ,0.000000  ,82.640000 ,0.255879  ,13.256730 
23.040000 ,-2.137868 ,-5.095403 ,6.746046  ,6.444347  ,0.107426  ,0.000000  ,82.750000 ,0.236812  ,11.607774 
23.060000 ,-2.267585 ,-5.062490 ,6.642194  ,6.444347  ,0.081385  ,-0.000000 ,82.750000 ,0.269561  ,9.481215  
23.080000 ,-2.395511 ,-5.029438 ,6.574090  ,6.358334  ,0.055985  ,0.000000  ,82.870000 ,0.233936  ,6.736797  
23.100000 ,-2.522167 ,-4.997177 ,6.499822  ,6.358334  ,0.027304  ,-0.000000 ,82.870000 ,0.248652  ,3.451917  
23.120000 ,-2.647999 ,-4.966648 ,6.451118  ,6.286226  ,0.000220  ,0.000000  ,82.990000 ,0.258122  ,0.088032  
23.140000 ,-2.773356 ,-4.938759 ,6.394358  ,6.226889  ,0.026337  ,-0.000000 ,83.100000 ,0.207161  ,3.610390  
23.160000 ,-2.898359 ,-4.914828 ,6.336711  ,6.226889  ,0.054483  ,0.000000  ,83.100000 ,0.200087  ,6.986285  
23.180000 ,-3.023256 ,-4.895867 ,6.298908  ,6.179071  ,0.077306  ,0.000000  ,83.220000 ,0.147583  ,10.101924 
23.200000 ,-3.148068 ,-4.882437 ,6.257657  ,6.141492  ,0.095841  ,-0.000000 ,83.330000 ,0.131601  ,12.780901 
23.220000 ,-3.272577 ,-4.875195 ,6.217670  ,6.141492  ,0.117169  ,-0.000000 ,83.330000 ,0.109357  ,14.889585 
23.240000 ,-3.396636 ,-4.874401 ,6.191448  ,6.112923  ,0.129770  ,-0.000000 ,83.450000 ,0.071416  ,16.320066 
23.260000 ,-3.520024 ,-4.880320 ,6.164418  ,6.112923  ,0.143696  ,0.000000  ,83.450000 ,0.052808  ,17.042898 
23.280000 ,-3.642458 ,-4.892979 ,6.146692  ,6.092185  ,0.150346  ,0.000000  ,83.560000 ,0.032297  ,17.165483 
23.300000 ,-3.763707 ,-4.911943 ,6.127929  ,6.078111  ,0.152596  ,0.000000  ,83.680000 ,0.021361  ,16.755126 
23.320000 ,-3.883515 ,-4.936832 ,6.110781  ,6.078111  ,0.159469  ,0.000000  ,83.680000 ,0.017797  ,15.885428 
23.340000 ,-4.001745 ,-4.967278 ,6.099535  ,6.069522  ,0.157943  ,-0.000000 ,83.800000 ,0.014356  ,14.694488 
23.360000 ,-4.118393 ,-5.002583 ,6.089204  ,6.069522  ,0.159496  ,0.000000  ,83.800000 ,0.016482  ,13.308344 
23.380000 ,-4.233461 ,-5.042228 ,6.082429  ,6.065179  ,0.155567  ,0.000000  ,83.910000 ,0.024727  ,11.787061 
23.400000 ,-4.347011 ,-5.085684 ,6.076491  ,6.065179  ,0.153507  ,-0.000000 ,83.910000 ,0.032957  ,10.259018 
23.420000 ,-4.459139 ,-5.132436 ,6.072597  ,6.063738  ,0.148496  ,0.000000  ,84.030000 ,0.042690  ,8.813127  
23.440000 ,-4.569965 ,-5.182032 ,6.069548  ,6.063738  ,0.141946  ,0.000000  ,84.140000 ,0.053793  ,7.504518  
23.460000 ,-4.679508 ,-5.234283 ,6.067548  ,6.063738  ,0.139506  ,-0.000000 ,84.140000 ,0.065489  ,6.403613  
23.480000 ,-4.787876 ,-5.288861 ,6.066236  ,6.063738  ,0.133364  ,-0.000000 ,84.260000 ,0.068032  ,5.575121  
23.500000 ,-4.895082 ,-5.345639 ,6.065376  ,6.063738  ,0.130225  ,-0.000000 ,84.260000 ,0.076104  ,4.993593  
23.520000 ,-5.001109 ,-5.404561 ,6.064812  ,6.063841  ,0.124910  ,0.000000  ,84.380000 ,0.071676  ,4.661970  
23.540000 ,-5.105973 ,-5.465513 ,6.064478  ,6.065423  ,0.118646  ,0.000000  ,84.490000 ,0.074680  ,4.542364  
23.560000 ,-5.209658 ,-5.528444 ,6.064566  ,6.065423  ,0.116941  ,-0.000000 ,84.490000 ,0.077095  ,4.552139  
23.580000 ,-5.312127 ,-5.593339 ,6.064645  ,6.069523  ,0.111656  ,0.000000  ,84.610000 ,0.067152  ,4.635650  
23.600000 ,-5.413331 ,-5.660201 ,6.065098  ,6.069523  ,0.109488  ,-0.000000 ,84.610000 ,0.067356  ,4.755864  
23.620000 ,-5.513209 ,-5.729040 ,6.065509  ,6.076888  ,0.105011  ,0.000000  ,84.720000 ,0.057161  ,4.889185  
23.640000 ,-5.611704 ,-5.799871 ,6.066565  ,6.088027  ,0.099489  ,0.000000  ,84.840000 ,0.055782  ,5.020454  
23.660000 ,-5.708855 ,-5.872586 ,6.068558  ,6.088027  ,0.098343  ,-0.000000 ,84.840000 ,0.056096  ,5.108831  
23.680000 ,-5.804707 ,-5.947068 ,6.070365  ,6.103260  ,0.093682  ,-0.000000 ,84.950000 ,0.048908  ,5.095349  
23.700000 ,-5.899240 ,-6.023294 ,6.073419  ,6.103260  ,0.092131  ,-0.000000 ,84.950000 ,0.052537  ,4.975464  
23.720000 ,-5.992458 ,-6.101213 ,6.076190  ,6.122759  ,0.088426  ,0.000000  ,85.070000 ,0.047967  ,4.800869  
23.740000 ,-6.084381 ,-6.180764 ,6.080513  ,6.146558  ,0.083976  ,0.000000  ,85.190000 ,0.052953  ,4.604244  
23.760000 ,-6.175052 ,-6.261898 ,6.086645  ,6.146558  ,0.083980  ,-0.000000 ,85.190000 ,0.059694  ,4.403520  
23.780000 ,-6.264499 ,-6.344551 ,6.092207  ,6.174560  ,0.080761  ,0.000000  ,85.300000 ,0.055371  ,4.212923  
23.800000 ,-6.352754 ,-6.428668 ,6.099853  ,6.174560  ,0.080752  ,0.000000  ,85.300000 ,0.062707  ,4.039113  
23.820000 ,-6.439845 ,-6.514197 ,6.106788  ,6.206552  ,0.078945  ,-0.000000 ,85.420000 ,0.070754  ,3.885851  
23.840000 ,-6.525800 ,-6.601097 ,6.116050  ,6.242234  ,0.076710  ,0.000000  ,85.530000 ,0.065762  ,3.753055  
23.860000 ,-6.610552 ,-6.689461 ,6.127765  ,6.242234  ,0.078658  ,0.000000  ,85.530000 ,0.072835  ,3.666825  
23.880000 ,-6.694003 ,-6.779359 ,6.138392  ,6.281350  ,0.077540  ,0.000000  ,85.650000 ,0.064636  ,3.682347  
23.900000 ,-6.776130 ,-6.870791 ,6.151664  ,6.281350  ,0.079076  ,-0.000000 ,85.650000 ,0.067539  ,3.799857  
23.920000 ,-6.856886 ,-6.963771 ,6.163704  ,6.323757  ,0.078768  ,0.000000  ,85.760000 ,0.068646  ,3.968536  
23.940000 ,-6.936210 ,-7.058328 ,6.178563  ,6.303916  ,0.077685  ,0.000000  ,85.880000 ,0.058492  ,4.153756  
23.960000 ,-7.014022 ,-7.154472 ,6.190201  ,6.303916  ,0.079761  ,-0.000000 ,85.880000 ,0.057624  ,4.338825  
23.980000 ,-7.090341 ,-7.252089 ,6.200758  ,6.251147  ,0.079073  ,-0.000000 ,86.000000 ,0.049511  ,4.486704  
24.000000 ,-7.165176 ,-7.351038 ,6.205436  ,6.251147  ,0.080326  ,0.000000  ,86.000000 ,0.049917  ,4.544754  
24.020000 ,-7.238457 ,-7.451254 ,6.209680  ,6.188515  ,0.080084  ,0.000000  ,86.110000 ,0.051416  ,4.509405  
24.040000 ,-7.310103 ,-7.552603 ,6.202394  ,6.113117  ,0.079086  ,0.000000  ,86.230000 ,0.046571  ,4.439916  
24.060000 ,-7.379912 ,-7.654750 ,6.171663  ,6.113117  ,0.080406  ,-0.000000 ,86.230000 ,0.046173  ,4.404003  
24.080000 ,-7.447819 ,-7.757569 ,6.151510  ,6.020121  ,0.079499  ,0.000000  ,86.340000 ,0.040944  ,4.398227  
24.100000 ,-7.513729 ,-7.860890 ,6.106283  ,5.904205  ,0.077750  ,0.000000  ,86.460000 ,0.038469  ,4.435328  
24.120000 ,-7.577368 ,-7.964264 ,6.036723  ,5.904205  ,0.078478  ,0.000000  ,86.460000 ,0.032323  ,4.562077  
24.140000 ,-7.638710 ,-8.067694 ,5.991107  ,5.760191  ,0.076224  ,0.000000  ,86.570000 ,0.023683  ,4.719974  
24.160000 ,-7.697654 ,-8.171052 ,5.911620  ,5.760191  ,0.075247  ,-0.000000 ,86.570000 ,0.012632  ,4.913038  
24.180000 ,-7.754155 ,-8.274284 ,5.859495  ,5.583148  ,0.071935  ,-0.000000 ,86.690000 ,0.002891  ,5.100904  
24.200000 ,-7.808339 ,-8.377063 ,5.764369  ,5.583148  ,0.069209  ,-0.000000 ,86.690000 ,-0.010164 ,5.258950  
24.220000 ,-7.860158 ,-8.479312 ,5.701988  ,5.368374  ,0.064899  ,-0.000000 ,86.810000 ,-0.016743 ,5.281518  
24.240000 ,-7.909689 ,-8.580689 ,5.587150  ,5.137288  ,0.059516  ,0.000000  ,86.920000 ,-0.030604 ,5.223424  
24.260000 ,-7.956760 ,-8.680233 ,5.432297  ,5.137288  ,0.055635  ,-0.000000 ,86.920000 ,-0.032838 ,5.159741  
24.280000 ,-8.001469 ,-8.778079 ,5.330748  ,4.925342  ,0.049624  ,0.000000  ,87.040000 ,-0.047275 ,4.967574  
24.300000 ,-8.043960 ,-8.874256 ,5.191198  ,4.925342  ,0.044694  ,-0.000000 ,87.040000 ,-0.046881 ,4.686175  
24.320000 ,-8.084654 ,-8.968724 ,5.099684  ,4.732596  ,0.038257  ,0.000000  ,87.150000 ,-0.060666 ,4.290537  
24.340000 ,-8.123715 ,-9.061500 ,4.973324  ,4.732596  ,0.033095  ,-0.000000 ,87.150000 ,-0.053001 ,3.713912  
24.360000 ,-8.161357 ,-9.152626 ,4.890459  ,4.557999  ,0.026726  ,0.000000  ,87.270000 ,-0.073530 ,3.038948  
24.380000 ,-8.197803 ,-9.242092 ,4.776018  ,4.557999  ,0.021845  ,0.000000  ,87.270000 ,-0.062438 ,2.331138  
24.400000 ,-8.233469 ,-9.329852 ,4.700971  ,4.399721  ,0.016247  ,0.000000  ,87.380000 ,-0.051279 ,1.626553  
24.420000 ,-8.268552 ,-9.415903 ,4.597274  ,4.399721  ,0.012689  ,0.000000  ,87.380000 ,-0.083907 ,0.894021  
24.440000 ,-8.303155 ,-9.500315 ,4.529271  ,4.255904  ,0.008632  ,-0.000000 ,87.500000 ,-0.072801 ,0.207702  
24.460000 ,-8.337668 ,-9.582996 ,4.435172  ,4.255904  ,0.006803  ,0.000000  ,87.500000 ,-0.126010 ,-0.357478 
24.480000 ,-8.372412 ,-9.663904 ,4.373463  ,4.125017  ,0.006785  ,0.000000  ,87.620000 ,-0.111880 ,-0.876097 
24.500000 ,-8.407557 ,-9.743018 ,4.287942  ,4.125017  ,0.006206  ,0.000000  ,87.620000 ,-0.179265 ,-1.394575 
24.520000 ,-8.443508 ,-9.820225 ,4.231859  ,4.125017  ,0.007148  ,-0.000000 ,87.620000 ,-0.156592 ,-1.846203 
24.540000 ,-8.480751 ,-9.895794 ,4.195082  ,4.006223  ,0.012663  ,-0.000000 ,87.730000 ,-0.136273 ,-2.278121 
24.560000 ,-8.519653 ,-9.969355 ,4.130072  ,4.006223  ,0.012552  ,-0.000000 ,87.730000 ,-0.201020 ,-2.731624 
24.580000 ,-8.560046 ,-10.040889,4.087440  ,3.899058  ,0.023929  ,-0.000000 ,87.850000 ,-0.174159 ,-3.305113 
24.600000 ,-8.602013 ,-10.110243,4.022594  ,3.899058  ,0.018708  ,-0.000000 ,87.850000 ,-0.245384 ,-3.783799 
24.620000 ,-8.645848 ,-10.177164,3.980070  ,3.899058  ,0.016412  ,0.000000  ,87.850000 ,-0.210488 ,-4.112583 
24.640000 ,-8.691923 ,-10.241706,3.952184  ,3.803387  ,0.021800  ,-0.000000 ,87.960000 ,-0.179700 ,-4.351184 
24.660000 ,-8.740428 ,-10.303425,3.900965  ,3.803387  ,0.015746  ,-0.000000 ,87.960000 ,-0.240497 ,-4.583679 
24.680000 ,-8.790956 ,-10.362401,3.867376  ,3.719370  ,0.022647  ,0.000000  ,88.080000 ,-0.203907 ,-4.956890 
24.700000 ,-8.843473 ,-10.418443,3.816429  ,3.719370  ,0.013532  ,0.000000  ,88.080000 ,-0.166293 ,-5.191431 
24.720000 ,-8.898176 ,-10.471158,3.783019  ,3.719370  ,0.008369  ,-0.000000 ,88.080000 ,-0.221912 ,-5.247885 
24.740000 ,-8.954853 ,-10.520922,3.761109  ,3.647671  ,0.012234  ,-0.000000 ,88.190000 ,-0.185885 ,-5.343054 
24.760000 ,-9.013319 ,-10.567583,3.722061  ,3.647671  ,0.005085  ,0.000000  ,88.190000 ,-0.248240 ,-5.305435 
24.780000 ,-9.073394 ,-10.611075,3.696454  ,3.589482  ,0.012513  ,0.000000  ,88.310000 ,-0.212474 ,-5.179422 
24.800000 ,-9.134931 ,-10.651329,3.659632  ,3.589482  ,0.003968  ,0.000000  ,88.310000 ,-0.176066 ,-5.016689 
24.820000 ,-9.197960 ,-10.688020,3.635484  ,3.589482  ,0.000724  ,0.000000  ,88.310000 ,-0.235265 ,-4.768398 
24.840000 ,-9.262260 ,-10.721594,3.619649  ,3.545167  ,0.006577  ,-0.000000 ,88.430000 ,-0.198318 ,-4.674388 
24.860000 ,-9.327655 ,-10.751994,3.594011  ,3.545167  ,0.000000  ,-0.000000 ,88.430000 ,-0.162658 ,-4.503103 
24.880000 ,-9.394117 ,-10.778886,3.577198  ,3.545167  ,0.001877  ,-0.000000 ,88.430000 ,-0.222011 ,-4.231061 
24.900000 ,-9.461446 ,-10.802719,3.566172  ,3.513988  ,0.005833  ,0.000000  ,88.540000 ,-0.185424 ,-4.135465 
24.920000 ,-9.529474 ,-10.823487,3.548209  ,3.513988  ,0.000000  ,0.000000  ,88.540000 ,-0.151130 ,-3.976185 
24.940000 ,-9.598051 ,-10.841232,3.536430  ,3.513988  ,0.000812  ,-0.000000 ,88.540000 ,-0.217132 ,-3.787932 
24.960000 ,-9.667096 ,-10.856175,3.528705  ,3.494574  ,0.008266  ,0.000000  ,88.660000 ,-0.185295 ,-3.618159 
24.980000 ,-9.736442 ,-10.868576,3.516956  ,3.494574  ,0.004595  ,0.000000  ,88.660000 ,-0.158202 ,-3.458889 
25.000000 ,-9.806026 ,-10.878255,3.509252  ,3.494574  ,0.003653  ,-0.000000 ,88.660000 ,-0.232855 ,-3.175465 
25.020000 ,-9.875799 ,-10.885308,3.504199  ,3.484729  ,0.009745  ,-0.000000 ,88.770000 ,-0.203851 ,-2.958585 
25.040000 ,-9.945650 ,-10.890017,3.497497  ,3.484729  ,0.005384  ,0.000000  ,88.770000 ,-0.287418 ,-2.843921 
25.060000 ,-10.015519,-10.892045,3.493102  ,3.481603  ,0.015646  ,0.000000  ,88.890000 ,-0.256049 ,-2.610988 
25.080000 ,-10.085330,-10.891278,3.489144  ,3.481603  ,0.008111  ,-0.000000 ,88.890000 ,-0.222969 ,2.468791  
25.100000 ,-10.154974,-10.887440,3.486548  ,3.481603  ,0.003646  ,0.000000  ,88.890000 ,-0.298295 ,2.382026  
25.120000 ,-10.224343,-10.880572,3.484846  ,3.481603  ,0.012962  ,0.000000  ,89.000000 ,-0.256327 ,2.449388  
25.140000 ,-10.293355,-10.870945,3.483730  ,3.481603  ,0.005582  ,0.000000  ,89.000000 ,-0.218465 ,2.629790  
25.160000 ,-10.361831,-10.858155,3.482998  ,3.481603  ,0.001402  ,0.000000  ,89.000000 ,-0.289635 ,2.630844  
25.180000 ,-10.429639,-10.842242,3.482518  ,3.481603  ,0.009551  ,-0.000000 ,89.120000 ,-0.245748 ,2.704290  
25.200000 ,-10.496727,-10.823557,3.482203  ,3.481603  ,0.000000  ,-0.000000 ,89.120000 ,-0.207288 ,2.875930  
25.220000 ,-10.562900,-10.801872,3.481997  ,3.481603  ,0.000375  ,-0.000000 ,89.120000 ,-0.277712 ,2.864803  
25.240000 ,-10.628030,-10.777237,3.481861  ,3.482851  ,0.007305  ,0.000000  ,89.240000 ,-0.236146 ,2.873382  
25.260000 ,-10.692072,-10.749899,3.481953  ,3.482851  ,0.000000  ,-0.000000 ,89.240000 ,-0.199079 ,2.939104  
25.280000 ,-10.754812,-10.719690,3.482037  ,3.482851  ,0.000950  ,-0.000000 ,89.240000 ,-0.269348 ,2.877283  
25.300000 ,-10.816132,-10.686690,3.482112  ,3.489428  ,0.006601  ,0.000000  ,89.350000 ,-0.228068 ,2.863796  
25.320000 ,-10.876026,-10.651152,3.482791  ,3.489428  ,0.001475  ,0.000000  ,89.350000 ,-0.191496 ,2.921007  
25.340000 ,-10.934265,-10.612939,3.483407  ,3.489428  ,0.000510  ,0.000000  ,89.350000 ,-0.262227 ,2.857157  
25.360000 ,-10.990741,-10.572145,3.483966  ,3.504665  ,0.006451  ,-0.000000 ,89.470000 ,-0.220934 ,2.844807  
25.380000 ,-11.045488,-10.529018,3.485888  ,3.504665  ,0.001935  ,0.000000  ,89.470000 ,-0.184876 ,2.903039  
25.400000 ,-11.098281,-10.483464,3.487631  ,3.504665  ,0.000529  ,-0.000000 ,89.470000 ,-0.256791 ,2.843879  
25.420000 ,-11.149280,-10.435859,3.489213  ,3.530940  ,0.006571  ,-0.000000 ,89.580000 ,-0.220001 ,2.907244  
25.440000 ,-11.198394,-10.386237,3.493087  ,3.530940  ,0.002052  ,-0.000000 ,89.580000 ,-0.300331 ,2.864506  
25.460000 ,-11.245313,-10.334435,3.496601  ,3.568916  ,0.012951  ,0.000000  ,89.700000 ,-0.259845 ,2.706059  
25.480000 ,-11.290144,-10.280681,3.503315  ,3.568916  ,0.005585  ,-0.000000 ,89.700000 ,-0.224481 ,2.712256  
25.500000 ,-11.332529,-10.224820,3.509405  ,3.568916  ,0.001423  ,0.000000  ,89.700000 ,-0.292630 ,2.626670  
25.520000 ,-11.372379,-10.166980,3.514930  ,3.618154  ,0.011811  ,-0.000000 ,89.810000 ,-0.247201 ,2.659164  
25.540000 ,-11.409575,-10.107223,3.524513  ,3.618154  ,0.004963  ,-0.000000 ,89.810000 ,-0.205780 ,2.738356  
25.560000 ,-11.443719,-10.045461,3.533207  ,3.618154  ,0.001740  ,0.000000  ,89.810000 ,-0.250758 ,2.757854  
25.580000 ,-11.475043,-9.982036 ,3.541093  ,3.677619  ,0.011698  ,0.000000  ,89.930000 ,-0.201487 ,2.979029  
25.600000 ,-11.503768,-9.917167 ,3.553768  ,3.677619  ,0.000000  ,0.000000  ,89.930000 ,-0.163013 ,3.175406  
25.620000 ,-11.529622,-9.850842 ,3.565266  ,3.677619  ,0.002074  ,0.000000  ,89.930000 ,-0.192219 ,3.145211  
25.640000 ,-11.552896,-9.783334 ,3.575697  ,3.746112  ,0.009078  ,0.000000  ,90.050000 ,-0.153070 ,3.189418  
25.660000 ,-11.573557,-9.714708 ,3.591518  ,3.746112  ,0.002771  ,-0.000000 ,90.050000 ,-0.170734 ,3.120990  
25.680000 ,-11.591641,-9.645045 ,3.605871  ,3.746112  ,0.000803  ,0.000000  ,90.050000 ,-0.135540 ,3.011610  
25.700000 ,-11.607480,-9.574557 ,3.618890  ,3.822727  ,0.002157  ,-0.000000 ,90.160000 ,-0.105191 ,2.975473  
25.720000 ,-11.620889,-9.503241 ,3.637814  ,3.822727  ,0.003275  ,0.000000  ,90.160000 ,-0.108583 ,2.791328  
25.740000 ,-11.632267,-9.431206 ,3.654982  ,3.906688  ,0.000837  ,0.000000  ,90.280000 ,-0.081145 ,2.717808  
25.760000 ,-11.641789,-9.358493 ,3.678350  ,3.906688  ,0.006519  ,-0.000000 ,90.280000 ,-0.061200 ,2.589343  
25.780000 ,-11.649518,-9.285119 ,3.699548  ,3.906688  ,0.010375  ,0.000000  ,90.280000 ,-0.058742 ,2.401834  
25.800000 ,-11.655884,-9.211207 ,3.718779  ,3.997774  ,0.010686  ,0.000000  ,90.390000 ,-0.043585 ,2.279167  
25.820000 ,-11.661087,-9.136752 ,3.744681  ,3.997774  ,0.014018  ,0.000000  ,90.390000 ,-0.042583 ,2.080255  
25.840000 ,-11.665199,-9.061734 ,3.768178  ,3.997774  ,0.016245  ,-0.000000 ,90.390000 ,-0.033951 ,1.818296  
25.860000 ,-11.668299,-8.986219 ,3.789493  ,4.095572  ,0.016791  ,-0.000000 ,90.510000 ,-0.026257 ,1.571497  
25.880000 ,-11.670464,-8.910172 ,3.817909  ,4.095572  ,0.017984  ,-0.000000 ,90.510000 ,-0.021986 ,1.362213  
25.900000 ,-11.671781,-8.833565 ,3.843687  ,4.095572  ,0.018322  ,0.000000  ,90.510000 ,-0.015063 ,1.199235  
25.920000 ,-11.672533,-8.756458 ,3.867072  ,4.199745  ,0.017902  ,0.000000  ,90.620000 ,-0.009350 ,1.107946  
25.940000 ,-11.672776,-8.678805 ,3.897957  ,4.199745  ,0.017766  ,0.000000  ,90.620000 ,-0.006269 ,0.970571  
25.960000 ,-11.672556,-8.600562 ,3.925975  ,4.310086  ,0.016771  ,-0.000000 ,90.740000 ,-0.004043 ,0.824000  
25.980000 ,-11.671918,-8.521685 ,3.961635  ,4.310086  ,0.016202  ,0.000000  ,90.740000 ,0.000915  ,0.692254  
26.000000 ,-11.670902,-8.442131 ,3.993985  ,4.310086  ,0.015256  ,-0.000000 ,90.740000 ,0.002863  ,0.584383  
26.020000 ,-11.669686,-8.361964 ,4.023331  ,4.426065  ,0.014021  ,-0.000000 ,90.860000 ,0.005598  ,0.512868  
26.040000 ,-11.668429,-8.281128 ,4.060721  ,4.426065  ,0.013080  ,0.000000  ,90.860000 ,0.003951  ,0.430714  
26.060000 ,-11.667165,-8.199580 ,4.094639  ,4.546785  ,0.012138  ,0.000000  ,90.970000 ,0.001401  ,0.303304  
26.080000 ,-11.665939,-8.117272 ,4.136616  ,4.546785  ,0.011231  ,-0.000000 ,90.970000 ,-0.002818 ,0.171441  
26.100000 ,-11.664795,-8.034162 ,4.174696  ,4.546785  ,0.010410  ,0.000000  ,90.970000 ,-0.005885 ,0.052723  
26.120000 ,-11.663631,-7.950326 ,4.209240  ,4.671027  ,0.009604  ,0.000000  ,91.090000 ,-0.013574 ,0.052605  
26.140000 ,-11.662343,-7.865718 ,4.252112  ,4.671027  ,0.008493  ,0.000000  ,91.090000 ,-0.012975 ,0.101640  
26.160000 ,-11.660936,-7.780293 ,4.291003  ,4.796830  ,0.007201  ,0.000000  ,91.200000 ,-0.021973 ,0.070095  
26.180000 ,-11.659392,-7.694012 ,4.337964  ,4.796830  ,0.005956  ,0.000000  ,91.200000 ,-0.019569 ,0.005553  
26.200000 ,-11.657686,-7.606838 ,4.380564  ,4.921868  ,0.003966  ,0.000000  ,91.320000 ,-0.032249 ,0.067507  
26.220000 ,-11.655790,-7.518738 ,4.430819  ,4.921868  ,0.003068  ,-0.000000 ,91.320000 ,-0.029466 ,0.136495  
26.240000 ,-11.653655,-7.429686 ,4.476407  ,5.043688  ,0.000484  ,0.000000  ,91.440000 ,-0.046646 ,0.198002  
26.260000 ,-11.651049,-7.339663 ,4.529073  ,5.043688  ,0.000000  ,-0.000000 ,91.440000 ,-0.041517 ,0.247794  
26.280000 ,-11.648126,-7.248645 ,4.576849  ,5.043688  ,0.000277  ,0.000000  ,91.440000 ,-0.037471 ,0.369481  
26.300000 ,-11.644638,-7.156735 ,4.620190  ,5.159695  ,0.001863  ,0.000000  ,91.550000 ,-0.055932 ,0.446181  
26.320000 ,-11.640523,-7.063916 ,4.670277  ,5.159695  ,0.001515  ,-0.000000 ,91.550000 ,-0.049478 ,0.567198  
26.340000 ,-11.635731,-6.970173 ,4.715714  ,5.267279  ,0.002831  ,0.000000  ,91.670000 ,-0.070712 ,0.707306  
26.360000 ,-11.630205,-6.875502 ,4.766921  ,5.267279  ,0.001155  ,0.000000  ,91.670000 ,-0.063760 ,0.843586  
26.380000 ,-11.623751,-6.779911 ,4.813374  ,5.363521  ,0.001893  ,-0.000000 ,91.780000 ,-0.087547 ,0.974928  
26.400000 ,-11.616316,-6.683413 ,4.864449  ,5.363521  ,0.001266  ,-0.000000 ,91.780000 ,-0.078940 ,1.131458  
26.420000 ,-11.607830,-6.586025 ,4.910782  ,5.374320  ,0.001469  ,0.000000  ,91.900000 ,-0.107065 ,1.297589  
26.440000 ,-11.598098,-6.487855 ,4.953817  ,5.374320  ,0.006332  ,0.000000  ,91.900000 ,-0.096845 ,1.462310  
26.460000 ,-11.587032,-6.389002 ,4.992856  ,5.313877  ,0.007639  ,-0.000000 ,92.010000 ,-0.128030 ,1.668025  
26.480000 ,-11.574325,-6.289654 ,5.022659  ,5.313877  ,0.014028  ,0.000000  ,92.010000 ,-0.114104 ,1.907049  
26.500000 ,-11.559795,-6.189982 ,5.049695  ,5.264055  ,0.016153  ,0.000000  ,92.130000 ,-0.142694 ,2.243220  
26.520000 ,-11.543334,-6.090136 ,5.069596  ,5.264055  ,0.023661  ,-0.000000 ,92.130000 ,-0.124983 ,2.642783  
26.540000 ,-11.524735,-5.990281 ,5.087650  ,5.225384  ,0.026459  ,0.000000  ,92.250000 ,-0.151579 ,3.063476  
26.560000 ,-11.503880,-5.890558 ,5.100437  ,5.225384  ,0.034716  ,0.000000  ,92.250000 ,-0.131809 ,3.489611  
26.580000 ,-11.480632,-5.791116 ,5.112037  ,5.197612  ,0.037937  ,-0.000000 ,92.360000 ,-0.157091 ,3.899753  
26.600000 ,-11.454739,-5.692128 ,5.119981  ,5.197612  ,0.046467  ,-0.000000 ,92.360000 ,-0.135489 ,4.286331  
26.620000 ,-11.426096,-5.593744 ,5.127189  ,5.179891  ,0.049557  ,-0.000000 ,92.480000 ,-0.157427 ,4.686255  
26.640000 ,-11.394602,-5.496108 ,5.132081  ,5.179891  ,0.057869  ,-0.000000 ,92.480000 ,-0.134813 ,5.067931  
26.660000 ,-11.360166,-5.399372 ,5.136520  ,5.170717  ,0.060508  ,-0.000000 ,92.590000 ,-0.154656 ,5.414837  
26.680000 ,-11.322716,-5.303681 ,5.139695  ,5.170717  ,0.068234  ,-0.000000 ,92.590000 ,-0.132085 ,5.720062  
26.700000 ,-11.282197,-5.209184 ,5.142575  ,5.167754  ,0.070106  ,0.000000  ,92.710000 ,-0.150696 ,5.982484  
26.720000 ,-11.238574,-5.116020 ,5.144913  ,5.167754  ,0.076947  ,-0.000000 ,92.710000 ,-0.128495 ,6.203859  
26.740000 ,-11.191831,-5.024334 ,5.147033  ,5.167754  ,0.077802  ,-0.000000 ,92.820000 ,-0.146957 ,6.388041  
26.760000 ,-11.141967,-4.934260 ,5.148957  ,5.167754  ,0.083562  ,-0.000000 ,92.820000 ,-0.125163 ,6.539363  
26.780000 ,-11.088998,-4.845933 ,5.150702  ,5.167754  ,0.083234  ,0.000000  ,92.940000 ,-0.144767 ,6.662632  
26.800000 ,-11.033084,-4.759400 ,5.152285  ,5.167754  ,0.087993  ,0.000000  ,92.940000 ,-0.124836 ,6.746128  
26.820000 ,-10.974260,-4.674783 ,5.153721  ,5.168680  ,0.086714  ,-0.000000 ,93.060000 ,-0.148271 ,6.759331  
26.840000 ,-10.912599,-4.592174 ,5.155110  ,5.168680  ,0.090735  ,-0.000000 ,93.060000 ,-0.129855 ,6.728865  
26.860000 ,-10.848172,-4.511671 ,5.156370  ,5.174228  ,0.088627  ,-0.000000 ,93.170000 ,-0.154173 ,6.685055  
26.880000 ,-10.780952,-4.433447 ,5.158028  ,5.174228  ,0.092161  ,-0.000000 ,93.170000 ,-0.134770 ,6.647379  
26.900000 ,-10.711025,-4.357589 ,5.159532  ,5.187202  ,0.089236  ,0.000000  ,93.290000 ,-0.154845 ,6.666194  
26.920000 ,-10.638465,-4.284189 ,5.162101  ,5.187202  ,0.092785  ,-0.000000 ,93.290000 ,-0.134390 ,6.711194  
26.940000 ,-10.563341,-4.213344 ,5.164431  ,5.209616  ,0.089516  ,0.000000  ,93.400000 ,-0.149133 ,6.765469  
26.960000 ,-10.485721,-4.145143 ,5.168626  ,5.209616  ,0.093861  ,0.000000  ,93.400000 ,-0.128510 ,6.816534  
26.980000 ,-10.405678,-4.079677 ,5.172432  ,5.242832  ,0.091260  ,0.000000  ,93.520000 ,-0.136519 ,6.860064  
27.000000 ,-10.323282,-4.017027 ,5.178967  ,5.242832  ,0.096491  ,0.000000  ,93.520000 ,-0.116107 ,6.890795  
27.020000 ,-10.238612,-3.957269 ,5.184897  ,5.287634  ,0.095240  ,0.000000  ,93.630000 ,-0.115706 ,6.909931  
27.040000 ,-10.151827,-3.900342 ,5.194435  ,5.287634  ,0.100321  ,-0.000000 ,93.630000 ,-0.097168 ,6.898154  
27.060000 ,-10.063080,-3.846174 ,5.203087  ,5.344421  ,0.099843  ,0.000000  ,93.750000 ,-0.090754 ,6.808941  
27.080000 ,-9.972449 ,-3.794778 ,5.216208  ,5.344421  ,0.103954  ,-0.000000 ,93.750000 ,-0.076030 ,6.629907  
27.100000 ,-9.880036 ,-3.746119 ,5.228112  ,5.413239  ,0.103249  ,0.000000  ,93.870000 ,-0.061492 ,6.411912  
27.120000 ,-9.786032 ,-3.699942 ,5.245299  ,5.413239  ,0.105719  ,0.000000  ,93.870000 ,-0.050816 ,6.158220  
27.140000 ,-9.690586 ,-3.656035 ,5.260890  ,5.493677  ,0.104581  ,-0.000000 ,93.980000 ,-0.032066 ,5.801495  
27.160000 ,-9.593820 ,-3.614167 ,5.282502  ,5.493677  ,0.105301  ,-0.000000 ,93.980000 ,-0.009861 ,5.348023  
27.180000 ,-9.495811 ,-3.574195 ,5.302107  ,5.585469  ,0.103392  ,-0.000000 ,94.100000 ,-0.006049 ,4.830057  
27.200000 ,-9.396689 ,-3.535776 ,5.328414  ,5.585469  ,0.102021  ,-0.000000 ,94.100000 ,0.017482  ,4.294714  
27.220000 ,-9.296535 ,-3.498664 ,5.352279  ,5.688498  ,0.099005  ,-0.000000 ,94.210000 ,0.016064  ,3.723761  
27.240000 ,-9.195396 ,-3.462646 ,5.383493  ,5.688498  ,0.095212  ,-0.000000 ,94.210000 ,0.039569  ,3.148403  
27.260000 ,-9.093388 ,-3.427307 ,5.411809  ,5.802833  ,0.090413  ,0.000000  ,94.330000 ,0.034214  ,2.590375  
27.280000 ,-8.990583 ,-3.392291 ,5.448112  ,5.928411  ,0.085808  ,0.000000  ,94.440000 ,0.052148  ,1.987735  
27.300000 ,-8.886942 ,-3.357223 ,5.492702  ,5.928411  ,0.076948  ,-0.000000 ,94.440000 ,0.067962  ,1.344612  
27.320000 ,-8.782498 ,-3.321876 ,5.533153  ,6.064979  ,0.069392  ,-0.000000 ,94.560000 ,0.055943  ,0.691978  
27.340000 ,-8.677284 ,-3.285998 ,5.582527  ,6.064979  ,0.058279  ,-0.000000 ,94.560000 ,0.067712  ,0.088761  
27.360000 ,-8.571398 ,-3.249182 ,5.627318  ,6.211860  ,0.048436  ,0.000000  ,94.680000 ,0.054297  ,0.462756  
27.380000 ,-8.464800 ,-3.211402 ,5.681586  ,6.211860  ,0.036529  ,-0.000000 ,94.680000 ,0.061902  ,0.983895  
27.400000 ,-8.357577 ,-3.172301 ,5.730816  ,6.368591  ,0.025721  ,-0.000000 ,94.790000 ,0.064115  ,1.403325  
27.420000 ,-8.249671 ,-3.131918 ,5.790026  ,6.534122  ,0.015040  ,-0.000000 ,94.910000 ,0.053095  ,1.761200  
27.440000 ,-8.140947 ,-3.090071 ,5.859107  ,6.534122  ,0.003200  ,-0.000000 ,94.910000 ,0.056450  ,1.979401  
27.460000 ,-8.031487 ,-3.046492 ,5.921775  ,6.706944  ,0.006982  ,0.000000  ,95.020000 ,0.047117  ,2.127218  
27.480000 ,-7.921217 ,-3.001295 ,5.994669  ,6.706944  ,0.017346  ,0.000000  ,95.020000 ,0.047771  ,2.256066  
27.500000 ,-7.810129 ,-2.954449 ,6.060796  ,6.884968  ,0.026508  ,0.000000  ,95.140000 ,0.045488  ,2.300617  
27.520000 ,-7.698206 ,-2.905923 ,6.137312  ,6.884968  ,0.035180  ,-0.000000 ,95.140000 ,0.041146  ,2.286114  
27.540000 ,-7.585433 ,-2.855705 ,6.206723  ,7.065527  ,0.042780  ,-0.000000 ,95.250000 ,0.037455  ,2.241922  
27.560000 ,-7.471789 ,-2.803790 ,6.286454  ,7.245604  ,0.049488  ,-0.000000 ,95.370000 ,0.031903  ,2.184379  
27.580000 ,-7.357099 ,-2.750111 ,6.375500  ,7.245604  ,0.055071  ,0.000000  ,95.370000 ,0.028797  ,2.114355  
27.600000 ,-7.241333 ,-2.694739 ,6.456280  ,7.422177  ,0.059655  ,0.000000  ,95.490000 ,0.022023  ,2.033149  
27.620000 ,-7.124427 ,-2.637804 ,6.545953  ,7.592662  ,0.063376  ,-0.000000 ,95.600000 ,0.014866  ,1.911749  
27.640000 ,-7.006193 ,-2.579331 ,6.643128  ,7.592662  ,0.065541  ,0.000000  ,95.600000 ,0.015075  ,1.725076  
27.660000 ,-6.886624 ,-2.519385 ,6.731282  ,7.754979  ,0.067038  ,0.000000  ,95.720000 ,0.008358  ,1.502943  
27.680000 ,-6.765707 ,-2.458041 ,6.826321  ,7.907556  ,0.067613  ,-0.000000 ,95.830000 ,0.000683  ,1.282785  
27.700000 ,-6.643304 ,-2.395308 ,6.926702  ,7.907556  ,0.066161  ,-0.000000 ,95.830000 ,-0.008277 ,1.081867  
27.720000 ,-6.519427 ,-2.331259 ,7.017763  ,8.000000  ,0.064122  ,0.000000  ,95.950000 ,-0.007461 ,0.914381  
27.740000 ,-6.394124 ,-2.265999 ,7.108953  ,8.000000  ,0.060998  ,-0.000000 ,96.060000 ,-0.018132 ,0.780239  
27.760000 ,-6.267354 ,-2.199796 ,7.191677  ,8.000000  ,0.055810  ,0.000000  ,96.060000 ,-0.028753 ,0.627903  
27.780000 ,-6.139220 ,-2.132796 ,7.266721  ,8.000000  ,0.050084  ,0.000000  ,96.180000 ,-0.039361 ,0.416576  
27.800000 ,-6.009816 ,-2.065139 ,7.334798  ,8.000000  ,0.043335  ,0.000000  ,96.300000 ,-0.036239 ,0.180390  
27.820000 ,-5.879156 ,-1.997085 ,7.396555  ,8.000000  ,0.035702  ,0.000000  ,96.410000 ,-0.045689 ,0.091936  
27.840000 ,-5.747237 ,-1.928901 ,7.452578  ,8.000000  ,0.025762  ,0.000000  ,96.410000 ,-0.053574 ,0.436696  
27.860000 ,-5.614096 ,-1.860759 ,7.503400  ,8.000000  ,0.015952  ,0.000000  ,96.530000 ,-0.060147 ,0.842565  
27.880000 ,-5.479755 ,-1.792839 ,7.549504  ,8.000000  ,0.005503  ,-0.000000 ,96.640000 ,-0.053283 ,1.263976  
27.900000 ,-5.344228 ,-1.725322 ,7.591327  ,8.000000  ,0.005535  ,0.000000  ,96.760000 ,-0.058446 ,1.672214  
27.920000 ,-5.207530 ,-1.658379 ,7.629268  ,8.000000  ,0.018438  ,-0.000000 ,96.760000 ,-0.062745 ,2.050987  
27.940000 ,-5.069672 ,-1.592169 ,7.663687  ,8.000000  ,0.030648  ,-0.000000 ,96.880000 ,-0.066123 ,2.392679  
27.960000 ,-4.930670 ,-1.526837 ,7.694910  ,8.000000  ,0.042874  ,0.000000  ,96.990000 ,-0.060339 ,2.695397  
27.980000 ,-4.790534 ,-1.462536 ,7.723234  ,8.000000  ,0.054914  ,-0.000000 ,97.110000 ,-0.062547 ,2.969075  
28.000000 ,-4.649193 ,-1.399590 ,7.748929  ,8.000000  ,0.067198  ,0.000000  ,97.110000 ,-0.061667 ,3.278909  
28.020000 ,-4.506753 ,-1.337928 ,7.772238  ,8.000000  ,0.078294  ,-0.000000 ,97.220000 ,-0.059677 ,3.598841  
28.040000 ,-4.363236 ,-1.277660 ,7.793383  ,8.000000  ,0.088575  ,-0.000000 ,97.340000 ,-0.054486 ,3.846909  
28.060000 ,-4.218664 ,-1.218889 ,7.812565  ,8.000000  ,0.097879  ,0.000000  ,97.450000 ,-0.051664 ,4.033692  
28.080000 ,-4.073066 ,-1.161701 ,7.829966  ,8.000000  ,0.106065  ,0.000000  ,97.570000 ,-0.047291 ,4.175579  
28.100000 ,-3.926475 ,-1.106166 ,7.845752  ,8.000000  ,0.113401  ,-0.000000 ,97.570000 ,-0.041144 ,4.285521  
28.120000 ,-3.778928 ,-1.052340 ,7.860072  ,8.000000  ,0.118904  ,0.000000  ,97.690000 ,-0.037830 ,4.373438  
28.140000 ,-3.630461 ,-1.000274 ,7.873063  ,8.000000  ,0.122822  ,0.000000  ,97.800000 ,-0.029556 ,4.446699  
28.160000 ,-3.481112 ,-0.950012 ,7.884848  ,8.000000  ,0.125046  ,0.000000  ,97.920000 ,-0.019052 ,4.510601  
28.180000 ,-3.330967 ,-0.901445 ,7.895538  ,8.000000  ,0.125627  ,0.000000  ,98.030000 ,-0.007463 ,4.520221  
28.200000 ,-3.180110 ,-0.854447 ,7.905236  ,8.000000  ,0.124325  ,-0.000000 ,98.030000 ,0.004341  ,4.415788  
28.220000 ,-3.028588 ,-0.808994 ,7.914034  ,8.000000  ,0.121311  ,-0.000000 ,98.150000 ,0.003149  ,4.205064  
28.240000 ,-2.876460 ,-0.765001 ,7.922015  ,8.000000  ,0.116513  ,-0.000000 ,98.260000 ,0.014876  ,3.928485  
28.260000 ,-2.723853 ,-0.722135 ,7.929255  ,8.000000  ,0.110173  ,0.000000  ,98.380000 ,0.025775  ,3.544556  
28.280000 ,-2.570831 ,-0.680249 ,7.935823  ,8.000000  ,0.101686  ,-0.000000 ,98.380000 ,0.036169  ,3.035528  
28.300000 ,-2.417458 ,-0.639178 ,7.941781  ,8.000000  ,0.091990  ,-0.000000 ,98.500000 ,0.046493  ,2.464051  
28.320000 ,-2.263842 ,-0.598581 ,7.947186  ,8.000000  ,0.081024  ,0.000000  ,98.610000 ,0.038576  ,1.830704  
28.340000 ,-2.110086 ,-0.558107 ,7.952089  ,8.000000  ,0.069059  ,0.000000  ,98.730000 ,0.045784  ,1.105456  
28.360000 ,-1.956266 ,-0.517512 ,7.956537  ,8.000000  ,0.056252  ,-0.000000 ,98.840000 ,0.051869  ,0.315291  
28.380000 ,-1.802460 ,-0.476535 ,7.960572  ,8.000000  ,0.041667  ,-0.000000 ,98.840000 ,0.056238  ,0.479514  
28.400000 ,-1.648746 ,-0.434914 ,7.964233  ,8.000000  ,0.027234  ,0.000000  ,98.960000 ,0.064109  ,1.239332  
28.420000 ,-1.495206 ,-0.392400 ,7.967553  ,8.000000  ,0.012506  ,-0.000000 ,99.070000 ,0.054574  ,1.939998  
28.440000 ,-1.341921 ,-0.348741 ,7.970566  ,8.000000  ,0.002283  ,0.000000  ,99.190000 ,0.058362  ,2.577775  
28.460000 ,-1.189034 ,-0.303505 ,7.973298  ,8.000000  ,0.016788  ,0.000000  ,99.310000 ,0.028303  ,3.216583  
28.480000 ,-1.036562 ,-0.256714 ,7.975777  ,8.000000  ,0.032129  ,0.000000  ,99.310000 ,-0.018382 ,3.820549  
28.500000 ,-0.884532 ,-0.208350 ,7.978026  ,8.000000  ,0.046325  ,0.000000  ,99.420000 ,-0.061225 ,4.253879  
28.520000 ,-0.732954 ,-0.158450 ,7.980066  ,8.000000  ,0.060275  ,0.000000  ,100.000000,-0.097531 ,4.455689  
28.540000 ,-0.581732 ,-0.107357 ,7.981917  ,8.000000  ,0.071173  ,0.000000  ,100.000000,-0.095180 ,4.323519  
28.560000 ,-0.430796 ,-0.055317 ,7.983596  ,8.000000  ,0.093776  ,-0.000000 ,100.000000,-0.121571 ,3.808870  
