# laptime, ego_x_pos, ego_y_pos, actual speed, expected speed, tracking error
0.000000  ,0.009295  ,0.009295  ,0.000000  ,8.000000  ,0.030547  
0.000000  ,-0.088816 ,-0.088816 ,0.000000  ,8.000000  ,0.128918  
0.020000  ,0.143781  ,0.142164  ,0.171180  ,8.000000  ,0.105725  
0.020000  ,0.069272  ,0.067655  ,0.171180  ,8.000000  ,0.027972  
0.040000  ,0.019437  ,0.012496  ,0.361380  ,8.000000  ,0.027319  
0.040000  ,0.090667  ,0.083726  ,0.361380  ,8.000000  ,0.044100  
0.060000  ,-0.125412 ,-0.141461 ,0.551580  ,8.000000  ,0.000000  
0.060000  ,0.152164  ,0.136115  ,0.551580  ,8.000000  ,0.099317  
0.080000  ,0.074378  ,0.045508  ,0.741780  ,8.000000  ,0.005839  
0.080000  ,0.027755  ,-0.001114 ,0.741780  ,8.000000  ,0.040907  
0.100000  ,0.018571  ,-0.026606 ,0.931980  ,8.000000  ,0.066423  
0.100000  ,-0.002824 ,-0.048001 ,0.931980  ,8.000000  ,0.087875  
0.120000  ,0.130191  ,0.065384  ,1.122180  ,8.000000  ,0.029608  
0.120000  ,0.098568  ,0.033761  ,1.122180  ,8.000000  ,0.005843  
0.140000  ,0.007947  ,-0.080115 ,1.312380  ,8.000000  ,0.119961  
0.140000  ,0.088407  ,0.000344  ,1.312380  ,8.000000  ,0.039287  
0.160000  ,0.030295  ,-0.084733 ,1.502580  ,8.000000  ,0.124519  
0.160000  ,0.121999  ,0.006970  ,1.502580  ,8.000000  ,0.028394  
0.180000  ,0.160573  ,0.014790  ,1.692780  ,8.000000  ,0.022259  
0.180000  ,0.188204  ,0.042421  ,1.692780  ,8.000000  ,0.004145  
0.200000  ,0.153817  ,-0.026195 ,1.882980  ,8.000000  ,0.062911  
0.200000  ,0.179572  ,-0.000440 ,1.882980  ,8.000000  ,0.038301  
0.220000  ,0.125817  ,-0.091856 ,2.073180  ,8.000000  ,0.127293  
0.220000  ,0.227451  ,0.009778  ,2.073180  ,8.000000  ,0.030174  
0.240000  ,0.352477  ,0.093488  ,2.263380  ,8.000000  ,0.045986  
0.240000  ,0.270788  ,0.011799  ,2.263380  ,8.000000  ,0.030039  
0.260000  ,0.365021  ,0.061355  ,2.453580  ,8.000000  ,0.013750  
0.260000  ,0.360953  ,0.057286  ,2.453580  ,8.000000  ,0.009715  
0.280000  ,0.297138  ,-0.054517 ,2.643780  ,8.000000  ,0.097438  
0.280000  ,0.411822  ,0.060167  ,2.643780  ,8.000000  ,0.012172  
0.300000  ,0.355384  ,-0.047903 ,2.833980  ,8.000000  ,0.095425  
0.300000  ,0.492750  ,0.089463  ,2.833980  ,8.000000  ,0.040796  
0.320000  ,0.496436  ,0.037895  ,3.024180  ,8.000000  ,0.010801  
0.320000  ,0.455371  ,-0.003170 ,3.024180  ,8.000000  ,0.051524  
0.340000  ,0.596531  ,0.079411  ,3.214380  ,8.000000  ,0.029974  
0.340000  ,0.502907  ,-0.014212 ,3.214380  ,8.000000  ,0.062961  
0.360000  ,0.696613  ,0.117631  ,3.404580  ,8.000000  ,0.066722  
0.360000  ,0.606310  ,0.027327  ,3.404580  ,8.000000  ,0.022247  
0.380000  ,0.616402  ,-0.027976 ,3.594780  ,8.000000  ,0.077693  
0.380000  ,0.698274  ,0.053895  ,3.594780  ,8.000000  ,0.002968  
0.400000  ,0.844635  ,0.130938  ,3.784980  ,8.000000  ,0.077701  
0.400000  ,0.802200  ,0.088504  ,3.784980  ,8.000000  ,0.036085  
0.420000  ,0.658397  ,-0.128587 ,3.975180  ,8.000000  ,0.178909  
0.420000  ,0.844509  ,0.057525  ,3.975180  ,8.000000  ,0.004303  
0.440000  ,1.027793  ,0.163750  ,4.165380  ,8.000000  ,0.107047  
0.440000  ,0.915874  ,0.051831  ,4.165380  ,8.000000  ,0.002956  
0.460000  ,1.008973  ,0.063929  ,4.355580  ,8.000000  ,0.000000  
0.460000  ,0.876526  ,-0.068519 ,4.355580  ,8.000000  ,0.122329  
0.480000  ,1.104777  ,0.074885  ,4.545780  ,8.000000  ,0.016887  
0.480000  ,1.072990  ,0.043097  ,4.545780  ,8.000000  ,0.014356  
0.500000  ,1.122423  ,0.003676  ,4.735980  ,8.000000  ,0.054515  
0.500000  ,1.239627  ,0.120879  ,4.735980  ,8.000000  ,0.060553  
0.520000  ,1.339694  ,0.128184  ,4.926180  ,8.000000  ,0.066123  
0.520000  ,1.213855  ,0.002345  ,4.926180  ,8.000000  ,0.057496  
0.540000  ,1.347116  ,0.038781  ,5.116380  ,8.000000  ,0.023406  
0.540000  ,1.399091  ,0.090755  ,5.116380  ,8.000000  ,0.027568  
0.560000  ,1.579057  ,0.169937  ,5.306580  ,8.000000  ,0.103315  
0.560000  ,1.500234  ,0.091114  ,5.306580  ,8.000000  ,0.025996  
0.580000  ,1.548427  ,0.034412  ,5.496780  ,8.000000  ,0.031583  
0.580000  ,1.655287  ,0.141272  ,5.496780  ,8.000000  ,0.073162  
0.600000  ,1.677873  ,0.054957  ,5.686980  ,8.000000  ,0.013579  
0.600000  ,1.808690  ,0.185774  ,5.686980  ,8.000000  ,0.114648  
0.620000  ,1.835699  ,0.099728  ,5.877180  ,8.000000  ,0.028069  
0.620000  ,1.759256  ,0.023285  ,5.877180  ,8.000000  ,0.046799  
0.640000  ,1.864968  ,0.012006  ,6.067380  ,8.000000  ,0.060230  
0.640000  ,1.905989  ,0.053027  ,6.067380  ,8.000000  ,0.020054  
0.660000  ,1.995165  ,0.021388  ,6.246803  ,8.000000  ,0.053491  
0.660000  ,2.165035  ,0.191259  ,6.246803  ,8.000000  ,0.112772  
0.680000  ,2.181956  ,0.083880  ,6.409568  ,8.000000  ,0.005047  
0.680000  ,2.242646  ,0.144570  ,6.409568  ,8.000000  ,0.064387  
0.700000  ,2.298517  ,0.073300  ,6.557222  ,8.000000  ,0.008095  
0.700000  ,2.276153  ,0.050935  ,6.557222  ,8.000000  ,0.029963  
0.720000  ,2.499613  ,0.144791  ,6.691168  ,8.000000  ,0.058877  
0.720000  ,2.474600  ,0.119778  ,6.691168  ,8.000000  ,0.034442  
0.740000  ,2.635915  ,0.149201  ,6.812679  ,8.000000  ,0.060149  
0.740000  ,2.577375  ,0.090661  ,6.812679  ,8.000000  ,0.003013  
0.760000  ,2.704107  ,0.083369  ,6.922908  ,8.000000  ,0.007281  
0.760000  ,2.707925  ,0.087188  ,6.922908  ,8.000000  ,0.003554  
0.780000  ,2.836135  ,0.079150  ,7.022904  ,8.000000  ,0.014652  
0.780000  ,2.865531  ,0.108546  ,7.022904  ,8.000000  ,0.014013  
0.800000  ,3.108684  ,0.213364  ,7.113617  ,8.000000  ,0.112820  
0.800000  ,3.091677  ,0.196357  ,7.113617  ,8.000000  ,0.096163  
0.820000  ,3.187081  ,0.151755  ,7.195908  ,8.000000  ,0.049165  
0.820000  ,3.110419  ,0.075093  ,7.195908  ,8.000000  ,0.025448  
0.840000  ,3.308440  ,0.131502  ,7.270559  ,8.000000  ,0.025810  
0.840000  ,3.304505  ,0.127567  ,7.270559  ,8.000000  ,0.021888  
0.860000  ,3.455957  ,0.135549  ,7.338280  ,8.000000  ,0.025828  
0.860000  ,3.379265  ,0.058857  ,7.338280  ,8.000000  ,0.048742  
0.880000  ,3.600985  ,0.135507  ,7.399713  ,8.000000  ,0.021834  
0.880000  ,3.632596  ,0.167118  ,7.399713  ,8.000000  ,0.052541  
0.900000  ,3.697406  ,0.085321  ,7.455443  ,8.000000  ,0.031053  
0.900000  ,3.758618  ,0.146533  ,7.455443  ,8.000000  ,0.028453  
0.920000  ,3.951801  ,0.191767  ,7.505999  ,8.000000  ,0.068087  
0.920000  ,3.906555  ,0.146521  ,7.505999  ,8.000000  ,0.024128  
0.940000  ,3.996720  ,0.087635  ,7.551862  ,8.000000  ,0.037350  
0.940000  ,3.851167  ,-0.057918 ,7.551862  ,8.000000  ,0.178609  
0.960000  ,4.153403  ,0.094503  ,7.593466  ,8.000000  ,0.035147  
0.960000  ,4.140847  ,0.081947  ,7.593466  ,8.000000  ,0.047307  
0.980000  ,4.278537  ,0.069042  ,7.631209  ,8.000000  ,0.064479  
0.980000  ,4.193180  ,-0.016315 ,7.631209  ,8.000000  ,0.147146  
1.000000  ,4.458856  ,0.098407  ,7.665447  ,8.000000  ,0.040770  
1.000000  ,4.570144  ,0.209695  ,7.665447  ,8.000000  ,0.066936  
1.020000  ,4.632524  ,0.121154  ,7.696506  ,8.000000  ,0.023610  
1.020000  ,4.627922  ,0.116551  ,7.696506  ,8.000000  ,0.028058  
1.040000  ,4.707636  ,0.045630  ,7.724682  ,8.000000  ,0.101564  
1.040000  ,4.877513  ,0.215507  ,7.724682  ,8.000000  ,0.062564  
1.060000  ,4.938164  ,0.125920  ,7.750243  ,8.000000  ,0.028959  
1.060000  ,4.955618  ,0.143374  ,7.750243  ,8.000000  ,0.012123  
1.080000  ,5.213467  ,0.251412  ,7.773430  ,8.000000  ,0.086879  
1.080000  ,5.122618  ,0.160563  ,7.773430  ,8.000000  ,0.000671  
1.100000  ,5.286093  ,0.175066  ,7.794464  ,8.000000  ,0.007991  
1.100000  ,5.363932  ,0.252905  ,7.794464  ,8.000000  ,0.083040  
1.120000  ,5.405674  ,0.146250  ,7.813546  ,8.000000  ,0.025071  
1.120000  ,5.519022  ,0.259598  ,7.813546  ,8.000000  ,0.084131  
1.140000  ,5.477193  ,0.069591  ,7.830856  ,8.000000  ,0.104294  
1.140000  ,5.613625  ,0.206022  ,7.830856  ,8.000000  ,0.027049  
1.160000  ,5.723599  ,0.167993  ,7.846559  ,8.000000  ,0.015002  
1.160000  ,5.830813  ,0.275206  ,7.846559  ,8.000000  ,0.088024  
1.180000  ,5.937373  ,0.234208  ,7.860805  ,8.000000  ,0.043028  
1.180000  ,5.895007  ,0.191842  ,7.860805  ,8.000000  ,0.002260  
1.200000  ,6.043875  ,0.193445  ,7.873727  ,8.000000  ,0.001876  
1.200000  ,6.046698  ,0.196268  ,7.873727  ,8.000000  ,0.000834  
1.220000  ,6.152045  ,0.154322  ,7.885450  ,8.000000  ,0.045162  
1.220000  ,6.199966  ,0.202243  ,7.885450  ,8.000000  ,0.000000  
1.240000  ,6.308603  ,0.163184  ,7.896085  ,8.000000  ,0.042491  
1.240000  ,6.315086  ,0.169666  ,7.896085  ,8.000000  ,0.036279  
1.260000  ,6.579947  ,0.286684  ,7.905732  ,8.000000  ,0.069849  
1.260000  ,6.493232  ,0.199969  ,7.905732  ,8.000000  ,0.013273  
1.280000  ,6.651696  ,0.210490  ,7.914484  ,8.000000  ,0.009263  
1.280000  ,6.683444  ,0.242238  ,7.914484  ,8.000000  ,0.021136  
1.300000  ,6.871627  ,0.282125  ,7.922423  ,8.000000  ,0.053109  
1.300000  ,6.697805  ,0.108303  ,7.922423  ,8.000000  ,0.113280  
1.320000  ,6.962859  ,0.224282  ,7.929626  ,8.000000  ,0.008515  
1.320000  ,6.998532  ,0.259955  ,7.929626  ,8.000000  ,0.025589  
1.340000  ,7.084000  ,0.195738  ,7.936159  ,8.000000  ,0.042249  
1.340000  ,7.121731  ,0.233469  ,7.936159  ,8.000000  ,0.006121  
1.360000  ,7.261140  ,0.222289  ,7.942086  ,8.000000  ,0.023391  
1.360000  ,7.216277  ,0.177426  ,7.942086  ,8.000000  ,0.066247  
1.380000  ,7.428392  ,0.238394  ,7.947463  ,8.000000  ,0.014635  
1.380000  ,7.496768  ,0.306770  ,7.947463  ,8.000000  ,0.050637  
1.400000  ,7.555618  ,0.214301  ,7.952340  ,8.000000  ,0.044323  
1.400000  ,7.524964  ,0.183647  ,7.952340  ,8.000000  ,0.073566  
1.420000  ,7.680312  ,0.187539  ,7.956765  ,8.000000  ,0.076672  
1.420000  ,7.732085  ,0.239312  ,7.956765  ,8.000000  ,0.027240  
1.440000  ,8.029314  ,0.384843  ,7.960779  ,8.000000  ,0.104569  
1.440000  ,7.942115  ,0.297643  ,7.960779  ,8.000000  ,0.021485  
1.460000  ,8.005915  ,0.210087  ,7.964420  ,8.000000  ,0.068922  
1.460000  ,8.241759  ,0.445930  ,7.964420  ,8.000000  ,0.155767  
1.480000  ,8.303814  ,0.357176  ,7.967723  ,8.000000  ,0.064259  
1.480000  ,8.367886  ,0.421248  ,7.967723  ,8.000000  ,0.125244  
1.500000  ,8.417709  ,0.320670  ,7.970720  ,8.000000  ,0.022432  
1.500000  ,8.555080  ,0.458041  ,7.970720  ,8.000000  ,0.153202  
1.520000  ,8.647373  ,0.400801  ,7.973438  ,8.000000  ,0.091646  
1.520000  ,8.678179  ,0.431608  ,7.973438  ,8.000000  ,0.120955  
1.540000  ,8.742008  ,0.346533  ,7.975904  ,8.000000  ,0.032966  
1.540000  ,8.837341  ,0.441866  ,7.975904  ,8.000000  ,0.123633  
1.560000  ,8.902208  ,0.357933  ,7.978141  ,8.000000  ,0.036723  
1.560000  ,8.933346  ,0.389071  ,7.978141  ,8.000000  ,0.066327  
1.580000  ,8.963584  ,0.270152  ,7.980170  ,8.000000  ,0.053909  
1.580000  ,9.085942  ,0.392511  ,7.980170  ,8.000000  ,0.062423  
1.600000  ,9.150508  ,0.307584  ,7.982011  ,8.000000  ,0.025500  
1.600000  ,9.226126  ,0.383202  ,7.982011  ,8.000000  ,0.046375  
1.620000  ,9.422413  ,0.429523  ,7.983681  ,8.000000  ,0.083149  
1.620000  ,9.532531  ,0.539641  ,7.983681  ,8.000000  ,0.187801  
1.640000  ,9.541912  ,0.398806  ,7.985196  ,8.000000  ,0.046676  
1.640000  ,9.491953  ,0.348847  ,7.985196  ,8.000000  ,0.000807  
1.660000  ,9.662991  ,0.369118  ,7.986571  ,8.000000  ,0.011133  
1.660000  ,9.636331  ,0.342457  ,7.986571  ,8.000000  ,0.014199  
1.680000  ,9.813046  ,0.367275  ,7.987818  ,8.000000  ,0.001993  
1.680000  ,9.843435  ,0.397664  ,7.987818  ,8.000000  ,0.030866  
1.700000  ,10.084524 ,0.486012  ,7.988949  ,8.000000  ,0.107368  
1.700000  ,9.944985  ,0.346474  ,7.988949  ,8.000000  ,0.025209  
1.720000  ,10.210334 ,0.458338  ,7.989975  ,8.000000  ,0.073601  
1.720000  ,10.112419 ,0.360423  ,7.989975  ,8.000000  ,0.019437  
1.740000  ,10.418597 ,0.512186  ,7.990905  ,8.000000  ,0.117260  
1.740000  ,10.218962 ,0.312551  ,7.990905  ,8.000000  ,0.072434  
1.760000  ,10.548695 ,0.486596  ,7.991750  ,8.000000  ,0.085382  
1.760000  ,10.537694 ,0.475595  ,7.991750  ,8.000000  ,0.074925  
1.780000  ,10.731018 ,0.512204  ,7.992516  ,8.000000  ,0.102140  
1.780000  ,10.588054 ,0.369240  ,7.992516  ,8.000000  ,0.033737  
1.800000  ,10.863715 ,0.486946  ,7.993210  ,8.000000  ,0.070540  
1.800000  ,10.868121 ,0.491352  ,7.993210  ,8.000000  ,0.074730  
1.820000  ,10.959901 ,0.424154  ,7.993841  ,8.000000  ,0.003191  
1.820000  ,10.937395 ,0.401648  ,7.993841  ,8.000000  ,0.018217  
1.840000  ,11.166671 ,0.471078  ,7.994413  ,8.000000  ,0.040196  
1.840000  ,11.174469 ,0.478876  ,7.994413  ,8.000000  ,0.047617  
1.860000  ,11.218459 ,0.362338  ,7.994931  ,8.000000  ,0.070868  
1.860000  ,11.248942 ,0.392820  ,7.994931  ,8.000000  ,0.041859  
1.880000  ,11.304049 ,0.287043  ,7.995402  ,8.000000  ,0.150171  
1.880000  ,11.467862 ,0.450856  ,7.995402  ,8.000000  ,0.005812  
1.900000  ,11.560465 ,0.382573  ,7.995829  ,8.000000  ,0.066746  
1.900000  ,11.673047 ,0.495155  ,7.995829  ,8.000000  ,0.040525  
1.920000  ,11.773516 ,0.435565  ,7.996216  ,8.000000  ,0.023650  
1.920000  ,11.769078 ,0.431127  ,7.996216  ,8.000000  ,0.027882  
1.940000  ,11.917964 ,0.421575  ,7.996567  ,8.000000  ,0.044250  
1.940000  ,11.906994 ,0.410605  ,7.996567  ,8.000000  ,0.054719  
1.960000  ,12.098506 ,0.445427  ,7.996886  ,8.000000  ,0.028571  
1.960000  ,12.066846 ,0.413766  ,7.996886  ,8.000000  ,0.058702  
1.980000  ,12.234342 ,0.426344  ,7.997175  ,8.000000  ,0.053588  
1.980000  ,12.293049 ,0.485051  ,7.997175  ,8.000000  ,0.002489  
2.000000  ,12.460833 ,0.500035  ,7.997437  ,8.000000  ,0.010169  
2.000000  ,12.411996 ,0.451198  ,7.997437  ,8.000000  ,0.036529  
2.020000  ,12.594119 ,0.482608  ,7.997675  ,8.000000  ,0.012959  
2.020000  ,12.563803 ,0.452292  ,7.997675  ,8.000000  ,0.041980  
2.040000  ,12.726579 ,0.466450  ,7.997891  ,8.000000  ,0.034724  
2.040000  ,12.706290 ,0.446162  ,7.997891  ,8.000000  ,0.054169  
2.060000  ,12.858629 ,0.451552  ,7.998087  ,8.000000  ,0.054986  
2.060000  ,12.841661 ,0.434584  ,7.998087  ,8.000000  ,0.071249  
2.080000  ,13.061950 ,0.509224  ,7.998265  ,8.000000  ,0.005557  
2.080000  ,13.089210 ,0.536484  ,7.998265  ,8.000000  ,0.020606  
2.100000  ,13.121106 ,0.423660  ,7.998426  ,8.000000  ,0.093492  
2.100000  ,13.243087 ,0.545641  ,7.998426  ,8.000000  ,0.023746  
2.120000  ,13.347506 ,0.505748  ,7.998572  ,8.000000  ,0.020170  
2.120000  ,13.442213 ,0.600455  ,7.998572  ,8.000000  ,0.070995  
2.140000  ,13.513881 ,0.527408  ,7.998704  ,8.000000  ,0.004757  
2.140000  ,13.474694 ,0.488220  ,7.998704  ,8.000000  ,0.042357  
2.160000  ,13.771103 ,0.639348  ,7.998825  ,8.000000  ,0.098030  
2.160000  ,13.697955 ,0.566200  ,7.998825  ,8.000000  ,0.027378  
2.180000  ,13.895979 ,0.618003  ,7.998934  ,8.000000  ,0.072343  
2.180000  ,13.801243 ,0.523267  ,7.998934  ,8.000000  ,0.018996  
2.200000  ,14.039338 ,0.613545  ,7.999033  ,8.000000  ,0.063327  
2.200000  ,14.050023 ,0.624230  ,7.999033  ,8.000000  ,0.073667  
2.220000  ,14.110510 ,0.534526  ,7.999123  ,8.000000  ,0.018068  
2.220000  ,14.159311 ,0.583327  ,7.999123  ,8.000000  ,0.029250  
2.240000  ,14.253397 ,0.524925  ,7.999204  ,8.000000  ,0.031944  
2.240000  ,14.280805 ,0.552332  ,7.999204  ,8.000000  ,0.005369  
2.260000  ,14.440534 ,0.557187  ,7.999278  ,8.000000  ,0.005204  
2.260000  ,14.439175 ,0.555829  ,7.999278  ,8.000000  ,0.006524  
2.280000  ,14.580902 ,0.540556  ,7.999345  ,8.000000  ,0.025779  
2.280000  ,14.720770 ,0.680424  ,7.999345  ,8.000000  ,0.110271  
2.300000  ,14.856758 ,0.657827  ,7.999406  ,8.000000  ,0.084462  
2.300000  ,14.907000 ,0.708069  ,7.999406  ,8.000000  ,0.133312  
2.320000  ,15.008951 ,0.650185  ,7.999461  ,8.000000  ,0.073262  
2.320000  ,14.944002 ,0.585236  ,7.999461  ,8.000000  ,0.009716  
2.340000  ,14.981843 ,0.462541  ,7.999511  ,8.000000  ,0.113760  
2.340000  ,15.199686 ,0.680384  ,7.999511  ,8.000000  ,0.099404  
2.360000  ,15.271034 ,0.590542  ,7.999556  ,8.000000  ,0.008223  
2.360000  ,15.280169 ,0.599678  ,7.999556  ,8.000000  ,0.017184  
2.380000  ,15.417000 ,0.574773  ,7.999598  ,8.000000  ,0.010253  
2.380000  ,15.372365 ,0.530138  ,7.999598  ,8.000000  ,0.054141  
2.400000  ,15.621166 ,0.617339  ,7.999635  ,8.000000  ,0.028996  
2.400000  ,15.571336 ,0.567510  ,7.999635  ,8.000000  ,0.020121  
2.420000  ,15.803428 ,0.638537  ,7.999669  ,8.000000  ,0.047635  
2.420000  ,15.747795 ,0.582905  ,7.999669  ,8.000000  ,0.007333  
2.440000  ,15.869828 ,0.544719  ,7.999700  ,8.000000  ,0.046965  
2.440000  ,15.751358 ,0.426249  ,7.999700  ,8.000000  ,0.164020  
2.460000  ,16.099302 ,0.614664  ,7.999727  ,8.000000  ,0.020304  
2.460000  ,16.042177 ,0.557539  ,7.999727  ,8.000000  ,0.036079  
2.480000  ,16.204417 ,0.560722  ,7.999753  ,8.000000  ,0.034435  
2.480000  ,16.243953 ,0.600259  ,7.999753  ,8.000000  ,0.004800  
2.500000  ,16.392641 ,0.590616  ,7.999776  ,8.000000  ,0.000000  
2.500000  ,16.418215 ,0.616190  ,7.999776  ,8.000000  ,0.019459  
2.520000  ,16.617962 ,0.658046  ,7.999797  ,8.000000  ,0.060218  
2.520000  ,16.672936 ,0.713020  ,7.999797  ,8.000000  ,0.114967  
2.540000  ,16.751764 ,0.634459  ,7.999815  ,8.000000  ,0.036034  
2.540000  ,16.826170 ,0.708865  ,7.999815  ,8.000000  ,0.110238  
2.560000  ,16.916391 ,0.641604  ,7.999833  ,8.000000  ,0.042654  
2.560000  ,16.911063 ,0.636275  ,7.999833  ,8.000000  ,0.037334  
2.580000  ,17.096061 ,0.663443  ,7.999848  ,8.000000  ,0.064132  
2.580000  ,17.043793 ,0.611175  ,7.999848  ,8.000000  ,0.012017  
2.600000  ,17.239091 ,0.648161  ,7.999862  ,8.000000  ,0.048719  
2.600000  ,17.059547 ,0.468616  ,7.999862  ,8.000000  ,0.130567  
2.620000  ,17.264970 ,0.514955  ,7.999875  ,8.000000  ,0.084511  
2.620000  ,17.406486 ,0.656471  ,7.999875  ,8.000000  ,0.056885  
2.640000  ,17.533785 ,0.623648  ,7.999887  ,8.000000  ,0.023981  
2.640000  ,17.578936 ,0.668800  ,7.999887  ,8.000000  ,0.069133  
2.660000  ,17.751255 ,0.679755  ,7.999897  ,8.000000  ,0.080049  
2.660000  ,17.686698 ,0.615198  ,7.999897  ,8.000000  ,0.015532  
2.680000  ,17.806977 ,0.573089  ,7.999907  ,8.000000  ,0.026557  
2.680000  ,17.883658 ,0.649770  ,7.999907  ,8.000000  ,0.050207  
2.700000  ,17.949553 ,0.552153  ,7.999915  ,8.000000  ,0.047417  
2.700000  ,18.039986 ,0.642586  ,7.999915  ,8.000000  ,0.043290  
2.720000  ,18.137937 ,0.575907  ,7.999923  ,8.000000  ,0.023241  
2.720000  ,18.091067 ,0.529038  ,7.999923  ,8.000000  ,0.070388  
2.740000  ,18.225106 ,0.497926  ,7.999930  ,8.000000  ,0.100702  
2.740000  ,18.343735 ,0.616556  ,7.999930  ,8.000000  ,0.018457  
2.760000  ,18.429038 ,0.536501  ,7.999937  ,8.000000  ,0.060759  
2.760000  ,18.536041 ,0.643504  ,7.999937  ,8.000000  ,0.047034  
2.780000  ,18.655714 ,0.597907  ,7.999943  ,8.000000  ,0.003178  
2.780000  ,18.570777 ,0.512970  ,7.999943  ,8.000000  ,0.082982  
2.800000  ,18.810054 ,0.587656  ,7.999948  ,7.979567  ,0.004716  
2.800000  ,18.832417 ,0.610018  ,7.999948  ,7.979567  ,0.018089  
2.820000  ,18.914886 ,0.528669  ,7.992932  ,7.834396  ,0.062046  
2.820000  ,18.896191 ,0.509974  ,7.992932  ,7.834396  ,0.081226  
2.840000  ,19.171391 ,0.622516  ,7.938360  ,7.694283  ,0.038386  
2.840000  ,19.082851 ,0.533976  ,7.938360  ,7.834396  ,0.052325  
2.860000  ,19.229505 ,0.520204  ,7.854343  ,7.694283  ,0.061937  
2.860000  ,19.170413 ,0.461112  ,7.854343  ,7.694283  ,0.122962  
2.880000  ,19.592696 ,0.725356  ,7.799246  ,7.431896  ,0.156669  
2.880000  ,19.427437 ,0.560097  ,7.799246  ,7.559918  ,0.015183  
2.900000  ,19.649796 ,0.626946  ,7.672795  ,7.431896  ,0.061194  
2.900000  ,19.618975 ,0.596125  ,7.672795  ,7.431896  ,0.028891  
2.920000  ,19.795026 ,0.619701  ,7.589872  ,7.310827  ,0.061157  
2.920000  ,19.838366 ,0.663041  ,7.589872  ,7.310827  ,0.106983  
2.940000  ,19.884210 ,0.558641  ,7.493818  ,7.310827  ,0.005475  
2.940000  ,19.895854 ,0.570284  ,7.493818  ,7.197230  ,0.016633  
2.960000  ,19.996926 ,0.522322  ,7.430828  ,7.197230  ,0.023974  
2.960000  ,20.063831 ,0.589227  ,7.430828  ,7.197230  ,0.047547  
2.980000  ,20.169188 ,0.545921  ,7.350418  ,7.091667  ,0.011608  
2.980000  ,20.226780 ,0.603513  ,7.350418  ,7.091667  ,0.073993  
3.000000  ,20.366410 ,0.595084  ,7.261350  ,6.994726  ,0.077248  
3.000000  ,20.286099 ,0.514773  ,7.261350  ,6.994726  ,0.011093  
3.020000  ,20.554288 ,0.635034  ,7.169571  ,6.906950  ,0.135813  
3.020000  ,20.529868 ,0.610615  ,7.169571  ,6.906950  ,0.108488  
3.040000  ,20.671538 ,0.603709  ,7.079171  ,6.906950  ,0.119644  
3.040000  ,20.634196 ,0.566368  ,7.079171  ,6.906950  ,0.077859  
3.060000  ,20.654639 ,0.436215  ,7.019888  ,6.906950  ,0.048640  
3.060000  ,20.843474 ,0.625050  ,7.019888  ,6.828976  ,0.163613  
3.080000  ,20.908964 ,0.536857  ,6.981012  ,6.761454  ,0.083997  
3.080000  ,20.936516 ,0.564409  ,6.981012  ,6.761454  ,0.116020  
3.100000  ,21.070105 ,0.541561  ,6.905435  ,6.761454  ,0.117360  
3.100000  ,21.035326 ,0.506782  ,6.905435  ,6.761454  ,0.076936  
3.120000  ,21.207480 ,0.519978  ,6.855873  ,6.705147  ,0.120846  
3.120000  ,21.264796 ,0.577294  ,6.855873  ,6.705147  ,0.188814  
3.140000  ,21.256778 ,0.407483  ,6.803990  ,6.705147  ,0.021040  
3.140000  ,21.333185 ,0.483890  ,6.803990  ,6.660536  ,0.109528  
3.160000  ,21.440264 ,0.426477  ,6.769966  ,6.660536  ,0.079401  
3.160000  ,21.487816 ,0.474029  ,6.769966  ,6.660536  ,0.136950  
3.180000  ,21.553748 ,0.372940  ,6.732297  ,6.627419  ,0.053621  
3.180000  ,21.637351 ,0.456543  ,6.732297  ,6.627419  ,0.156868  
3.200000  ,21.679312 ,0.329617  ,6.696196  ,6.604441  ,0.042629  
3.200000  ,21.693323 ,0.343628  ,6.696196  ,6.604441  ,0.060279  
3.220000  ,21.875417 ,0.355564  ,6.664611  ,6.604441  ,0.127817  
3.220000  ,21.830510 ,0.310656  ,6.664611  ,6.604441  ,0.071244  
3.240000  ,22.073961 ,0.382920  ,6.643899  ,6.589444  ,0.217382  
3.240000  ,21.919714 ,0.228673  ,6.643899  ,6.589444  ,0.019299  
3.260000  ,21.997174 ,0.134222  ,6.625154  ,6.589444  ,0.042526  
3.260000  ,22.143380 ,0.280428  ,6.625154  ,6.580475  ,0.143180  
3.280000  ,22.043227 ,0.007756  ,6.612862  ,6.580475  ,0.147034  
3.280000  ,22.130795 ,0.095324  ,6.612862  ,6.580475  ,0.032503  
3.300000  ,22.323612 ,0.115131  ,6.601713  ,6.576068  ,0.058978  
3.300000  ,22.212008 ,0.003527  ,6.601713  ,6.576068  ,0.089508  
3.320000  ,22.415906 ,0.034453  ,6.592886  ,6.576068  ,0.025245  
3.320000  ,22.459461 ,0.078008  ,6.592886  ,6.574684  ,0.079105  
3.340000  ,22.509094 ,-0.044875 ,6.587096  ,6.574684  ,0.006335  
3.340000  ,22.599958 ,0.045989  ,6.587096  ,6.574684  ,0.116462  
3.360000  ,22.671597 ,-0.054462 ,6.582824  ,6.574684  ,0.059114  
3.360000  ,22.666099 ,-0.059959 ,6.582824  ,6.574684  ,0.051581  
3.380000  ,22.789913 ,-0.107943 ,6.580022  ,6.574684  ,0.073468  
3.380000  ,22.920577 ,0.022720  ,6.580022  ,6.574684  ,0.248707  
3.400000  ,22.928516 ,-0.141052 ,6.578185  ,6.574684  ,0.116675  
3.400000  ,22.907673 ,-0.161895 ,6.578185  ,6.574684  ,0.087780  
3.420000  ,23.099569 ,-0.141932 ,6.576980  ,6.575162  ,0.208146  
3.420000  ,23.053305 ,-0.188196 ,6.576980  ,6.575162  ,0.143417  
3.440000  ,23.190076 ,-0.224001 ,6.576354  ,6.575162  ,0.196267  
3.440000  ,23.104019 ,-0.310057 ,6.576354  ,6.575162  ,0.075864  
3.460000  ,23.258878 ,-0.328927 ,6.575943  ,6.578082  ,0.152189  
3.460000  ,23.134728 ,-0.453078 ,6.575943  ,6.578082  ,0.022655  
3.480000  ,23.379976 ,-0.383259 ,6.576142  ,6.585202  ,0.182305  
3.480000  ,23.331031 ,-0.432204 ,6.576142  ,6.585202  ,0.113129  
3.500000  ,23.618264 ,-0.322610 ,6.576983  ,6.585202  ,0.389171  
3.500000  ,23.668710 ,-0.272163 ,6.576983  ,6.585202  ,0.460469  
3.520000  ,23.524601 ,-0.596393 ,6.577746  ,6.597629  ,0.121823  
3.520000  ,23.704503 ,-0.416491 ,6.577746  ,6.597629  ,0.376177  
3.540000  ,23.799015 ,-0.504505 ,6.579592  ,6.597629  ,0.383712  
3.540000  ,23.781196 ,-0.522323 ,6.579592  ,6.597629  ,0.358520  
3.560000  ,23.958620 ,-0.529448 ,6.581267  ,6.615490  ,0.480626  
3.560000  ,23.864374 ,-0.623694 ,6.581267  ,6.615490  ,0.347780  
3.580000  ,24.044295 ,-0.629626 ,6.584444  ,6.615490  ,0.481053  
3.580000  ,23.880356 ,-0.793565 ,6.584444  ,6.638691  ,0.244989  
3.600000  ,23.996887 ,-0.863188 ,6.587326  ,6.638691  ,0.295518  
3.600000  ,23.951453 ,-0.908622 ,6.587326  ,6.638691  ,0.231846  
3.620000  ,24.083985 ,-0.961167 ,6.592095  ,6.666964  ,0.303666  
3.620000  ,24.209180 ,-0.835971 ,6.592095  ,6.666964  ,0.478130  
3.640000  ,24.178073 ,-1.049599 ,6.599046  ,6.666964  ,0.329600  
3.640000  ,24.239008 ,-0.988665 ,6.599046  ,6.666964  ,0.414514  
3.660000  ,24.220233 ,-1.185930 ,6.605351  ,6.701211  ,0.285522  
3.660000  ,24.207786 ,-1.198377 ,6.605351  ,6.701211  ,0.268187  
3.680000  ,24.256026 ,-1.323299 ,6.614250  ,6.743029  ,0.236909  
3.680000  ,24.256032 ,-1.323293 ,6.614250  ,6.743029  ,0.236917  
3.700000  ,24.414725 ,-1.331495 ,6.626206  ,6.743029  ,0.360624  
3.700000  ,24.363968 ,-1.382251 ,6.626206  ,6.743029  ,0.289743  
3.720000  ,24.364915 ,-1.541387 ,6.637052  ,6.794164  ,0.197163  
3.720000  ,24.391741 ,-1.514560 ,6.637052  ,6.794164  ,0.234630  
3.740000  ,24.332799 ,-1.726734 ,6.651638  ,6.856821  ,0.060850  
3.740000  ,24.361969 ,-1.697564 ,6.651638  ,6.856821  ,0.101459  
3.760000  ,24.467615 ,-1.738840 ,6.670687  ,6.856821  ,0.164538  
3.760000  ,24.303875 ,-1.902580 ,6.670687  ,6.856821  ,0.063415  
3.780000  ,24.403569 ,-1.944478 ,6.687967  ,6.933504  ,0.007309  
3.780000  ,24.434499 ,-1.913548 ,6.687967  ,6.933504  ,0.035519  
3.800000  ,24.375438 ,-2.110284 ,6.710763  ,6.933504  ,0.121788  
3.800000  ,24.447417 ,-2.038305 ,6.710763  ,6.933504  ,0.022119  
3.820000  ,24.461569 ,-2.159657 ,6.731442  ,7.022561  ,0.078236  
3.820000  ,24.307642 ,-2.313584 ,6.731442  ,7.022561  ,0.289984  
3.840000  ,24.339419 ,-2.417116 ,6.758469  ,7.128861  ,0.319563  
3.840000  ,24.414646 ,-2.341890 ,6.758469  ,7.022561  ,0.213662  
3.860000  ,24.478973 ,-2.414846 ,6.792856  ,7.128861  ,0.197558  
3.860000  ,24.515782 ,-2.378037 ,6.792856  ,7.128861  ,0.147277  
3.880000  ,24.405647 ,-2.629460 ,6.824050  ,7.252516  ,0.369891  
3.880000  ,24.423137 ,-2.611970 ,6.824050  ,7.252516  ,0.346166  
3.900000  ,24.401845 ,-2.780153 ,6.863829  ,7.252516  ,0.445290  
3.900000  ,24.440063 ,-2.741936 ,6.863829  ,7.252516  ,0.393449  
3.920000  ,24.424489 ,-2.911185 ,6.899914  ,7.390546  ,0.487970  
3.920000  ,24.424935 ,-2.910739 ,6.899914  ,7.390546  ,0.487368  
3.940000  ,24.557892 ,-2.939100 ,6.945464  ,7.390546  ,0.382318  
3.940000  ,24.482504 ,-3.014488 ,6.945464  ,7.546274  ,0.485122  
3.960000  ,24.559623 ,-3.106747 ,6.986785  ,7.546274  ,0.456978  
3.960000  ,24.659276 ,-3.007094 ,6.986785  ,7.546274  ,0.323443  
3.980000  ,24.538482 ,-3.305283 ,7.038727  ,7.718580  ,0.563722  
3.980000  ,24.736646 ,-3.107119 ,7.038727  ,7.718580  ,0.299428  
4.000000  ,24.698196 ,-3.330532 ,7.101844  ,7.909346  ,0.431310  
4.000000  ,24.607813 ,-3.420915 ,7.101844  ,7.909346  ,0.551439  
4.020000  ,24.672506 ,-3.548063 ,7.176812  ,8.000000  ,0.547071  
4.020000  ,24.746337 ,-3.474232 ,7.176812  ,7.909346  ,0.448468  
4.040000  ,24.741854 ,-3.676617 ,7.253236  ,8.000000  ,0.537816  
4.040000  ,24.750477 ,-3.667993 ,7.253236  ,8.000000  ,0.526378  
4.060000  ,24.870841 ,-3.750411 ,7.322564  ,8.000000  ,0.451511  
4.060000  ,24.784419 ,-3.836833 ,7.322564  ,8.000000  ,0.566105  
4.080000  ,24.855133 ,-3.972581 ,7.385457  ,8.000000  ,0.558369  
4.080000  ,24.887837 ,-3.939877 ,7.385457  ,8.000000  ,0.514944  
4.100000  ,24.986220 ,-4.050665 ,7.442510  ,8.000000  ,0.471374  
4.100000  ,25.082152 ,-3.954732 ,7.442510  ,8.000000  ,0.344891  
4.120000  ,25.136218 ,-4.111816 ,7.494267  ,8.000000  ,0.362053  
4.120000  ,25.111324 ,-4.136710 ,7.494267  ,8.000000  ,0.395213  
4.140000  ,25.283205 ,-4.177457 ,7.541219  ,8.000000  ,0.256432  
4.140000  ,25.223712 ,-4.236950 ,7.541219  ,8.000000  ,0.336086  
4.160000  ,25.363404 ,-4.311037 ,7.583812  ,8.000000  ,0.243489  
4.160000  ,25.320472 ,-4.353969 ,7.583812  ,8.000000  ,0.298945  
4.180000  ,25.486650 ,-4.402562 ,7.622450  ,8.000000  ,0.173861  
4.180000  ,25.563200 ,-4.326012 ,7.622450  ,8.000000  ,0.070646  
4.200000  ,25.584884 ,-4.520048 ,7.657502  ,8.000000  ,0.139945  
4.200000  ,25.468641 ,-4.636291 ,7.657502  ,8.000000  ,0.298092  
4.220000  ,25.746949 ,-4.574645 ,7.689299  ,8.000000  ,0.025014  
4.220000  ,25.713013 ,-4.608581 ,7.689299  ,8.000000  ,0.067426  
4.240000  ,25.714313 ,-4.824876 ,7.718144  ,8.000000  ,0.179244  
4.240000  ,25.751898 ,-4.787291 ,7.718144  ,8.000000  ,0.127565  
4.260000  ,25.958350 ,-4.799340 ,7.744311  ,8.000000  ,0.042348  
4.260000  ,25.878675 ,-4.879015 ,7.744311  ,8.000000  ,0.068386  
4.280000  ,26.063772 ,-4.913254 ,7.768049  ,8.000000  ,0.067467  
4.280000  ,26.042857 ,-4.934169 ,7.768049  ,8.000000  ,0.038157  
4.300000  ,25.965220 ,-5.231821 ,7.789583  ,8.000000  ,0.201467  
4.300000  ,26.087774 ,-5.109267 ,7.789583  ,8.000000  ,0.028837  
4.320000  ,26.073544 ,-5.344012 ,7.809118  ,8.000000  ,0.190313  
4.320000  ,26.286552 ,-5.131004 ,7.809118  ,8.000000  ,0.109730  
4.340000  ,26.398054 ,-5.240344 ,7.826839  ,8.000000  ,0.124064  
4.340000  ,26.456745 ,-5.181653 ,7.826839  ,8.000000  ,0.206963  
4.360000  ,26.453194 ,-5.406247 ,7.842915  ,8.000000  ,0.053937  
4.360000  ,26.496376 ,-5.363065 ,7.842915  ,8.000000  ,0.114998  
4.380000  ,26.584196 ,-5.496411 ,7.857499  ,8.000000  ,0.086779  
4.380000  ,26.451820 ,-5.628788 ,7.857499  ,8.000000  ,0.100410  
4.400000  ,26.606722 ,-5.695151 ,7.870729  ,8.000000  ,0.037530  
4.400000  ,26.734538 ,-5.567335 ,7.870729  ,8.000000  ,0.143073  
4.420000  ,26.690951 ,-5.832389 ,7.882730  ,8.000000  ,0.081491  
4.420000  ,26.756857 ,-5.766483 ,7.882730  ,8.000000  ,0.011634  
4.440000  ,26.880315 ,-5.864803 ,7.893617  ,8.000000  ,0.022349  
4.440000  ,26.887089 ,-5.858029 ,7.893617  ,8.000000  ,0.031909  
4.460000  ,26.884047 ,-6.083333 ,7.903494  ,8.000000  ,0.138845  
4.460000  ,27.094442 ,-5.872938 ,7.903494  ,8.000000  ,0.157542  
4.480000  ,27.029430 ,-6.160832 ,7.912453  ,8.000000  ,0.103420  
4.480000  ,27.157769 ,-6.032494 ,7.912453  ,8.000000  ,0.077011  
4.500000  ,27.159419 ,-6.254339 ,7.920581  ,8.000000  ,0.094880  
4.500000  ,27.152708 ,-6.261050 ,7.920581  ,8.000000  ,0.104316  
4.520000  ,27.202688 ,-6.435098 ,7.927954  ,8.000000  ,0.209240  
4.520000  ,27.349168 ,-6.288619 ,7.927954  ,8.000000  ,0.003756  
4.540000  ,27.490105 ,-6.371995 ,7.934643  ,8.000000  ,0.016238  
4.540000  ,27.354613 ,-6.507486 ,7.934643  ,8.000000  ,0.173393  
4.560000  ,27.433888 ,-6.652455 ,7.940711  ,8.000000  ,0.241174  
4.560000  ,27.496889 ,-6.589454 ,7.940711  ,8.000000  ,0.153207  
4.580000  ,27.602013 ,-6.708058 ,7.946215  ,8.000000  ,0.186393  
4.580000  ,27.565567 ,-6.744504 ,7.946215  ,8.000000  ,0.238625  
4.600000  ,27.774468 ,-6.758372 ,7.951208  ,8.000000  ,0.128516  
4.600000  ,27.827936 ,-6.704904 ,7.951208  ,8.000000  ,0.054035  
4.620000  ,27.824071 ,-6.930106 ,7.955738  ,8.000000  ,0.240726  
4.620000  ,27.848371 ,-6.905806 ,7.955738  ,8.000000  ,0.206954  
4.640000  ,28.039481 ,-6.934267 ,7.959847  ,8.000000  ,0.122538  
4.640000  ,27.994505 ,-6.979243 ,7.959847  ,8.000000  ,0.184908  
4.660000  ,28.161948 ,-7.029478 ,7.963575  ,8.000000  ,0.133248  
4.660000  ,28.235878 ,-6.955548 ,7.963575  ,8.000000  ,0.030936  
4.680000  ,28.207353 ,-7.199790 ,7.966957  ,8.000000  ,0.251086  
4.680000  ,28.223322 ,-7.183821 ,7.966957  ,8.000000  ,0.228986  
4.700000  ,28.347021 ,-7.274100 ,7.970024  ,8.000000  ,0.237269  
4.700000  ,28.432387 ,-7.188734 ,7.970024  ,8.000000  ,0.119352  
4.720000  ,28.558960 ,-7.274805 ,7.972807  ,8.000000  ,0.123674  
4.720000  ,28.658135 ,-7.175630 ,7.972807  ,8.000000  ,0.013085  
4.740000  ,28.763954 ,-7.281302 ,7.975332  ,8.000000  ,0.019879  
4.740000  ,28.625804 ,-7.419453 ,7.975332  ,8.000000  ,0.210096  
4.760000  ,28.920983 ,-7.335050 ,7.977622  ,8.000000  ,0.017523  
4.760000  ,28.748296 ,-7.507737 ,7.977622  ,8.000000  ,0.220562  
4.780000  ,28.929987 ,-7.536653 ,7.979700  ,8.000000  ,0.149703  
4.780000  ,29.133242 ,-7.333398 ,7.979700  ,8.000000  ,0.130158  
4.800000  ,29.131044 ,-7.546686 ,7.981584  ,8.000000  ,0.053429  
4.800000  ,29.120104 ,-7.557626 ,7.981584  ,8.000000  ,0.068454  
4.820000  ,29.344644 ,-7.545068 ,7.983294  ,8.000000  ,0.058514  
4.820000  ,29.307028 ,-7.582685 ,7.983294  ,8.000000  ,0.000000  
4.840000  ,29.419448 ,-7.683226 ,7.984845  ,8.000000  ,0.021339  
4.840000  ,29.426589 ,-7.676086 ,7.984845  ,8.000000  ,0.011553  
4.860000  ,29.573164 ,-7.743555 ,7.986252  ,8.000000  ,0.005579  
4.860000  ,29.614506 ,-7.702213 ,7.986252  ,8.000000  ,0.062184  
4.880000  ,29.706246 ,-7.825865 ,7.987528  ,8.000000  ,0.002202  
4.880000  ,29.682704 ,-7.849407 ,7.987528  ,8.000000  ,0.030031  
4.900000  ,29.877136 ,-7.871604 ,7.988686  ,8.000000  ,0.049399  
4.900000  ,29.930320 ,-7.818420 ,7.988686  ,8.000000  ,0.122159  
4.920000  ,30.026593 ,-7.939775 ,7.989736  ,7.949458  ,0.066012  
4.920000  ,30.079660 ,-7.886707 ,7.989736  ,7.949458  ,0.138569  
4.940000  ,30.052974 ,-8.131582 ,7.975872  ,7.777932  ,0.086400  
4.940000  ,30.071037 ,-8.113519 ,7.975872  ,7.777932  ,0.061713  
4.960000  ,30.350692 ,-8.051583 ,7.907736  ,7.618341  ,0.132186  
4.960000  ,30.248344 ,-8.153931 ,7.907736  ,7.618341  ,0.007701  
4.980000  ,30.390045 ,-8.228149 ,7.808119  ,7.618341  ,0.000793  
4.980000  ,30.497245 ,-8.120949 ,7.808119  ,7.469717  ,0.145534  
5.000000  ,30.492389 ,-8.339784 ,7.742793  ,7.469717  ,0.045982  
5.000000  ,30.586606 ,-8.245567 ,7.742793  ,7.469717  ,0.082860  
5.020000  ,30.734058 ,-8.310131 ,7.648794  ,7.332734  ,0.101338  
5.020000  ,30.549407 ,-8.494782 ,7.648794  ,7.332734  ,0.151484  
5.040000  ,30.796396 ,-8.456966 ,7.539998  ,7.207394  ,0.005902  
5.040000  ,30.772893 ,-8.480468 ,7.539998  ,7.207394  ,0.026346  
5.060000  ,30.848229 ,-8.611055 ,7.425508  ,7.207394  ,0.099523  
5.060000  ,31.005372 ,-8.453911 ,7.425508  ,7.093195  ,0.114926  
5.080000  ,31.000980 ,-8.661539 ,7.350428  ,7.093195  ,0.064006  
5.080000  ,31.087942 ,-8.574577 ,7.350428  ,7.093195  ,0.055686  
5.100000  ,31.164351 ,-8.699030 ,7.261882  ,6.989892  ,0.010512  
5.100000  ,31.191724 ,-8.671657 ,7.261882  ,6.989892  ,0.027318  
5.120000  ,31.336685 ,-8.724736 ,7.168257  ,6.897407  ,0.059444  
5.120000  ,31.370883 ,-8.690538 ,7.168257  ,6.897407  ,0.106941  
5.140000  ,31.467930 ,-8.788738 ,7.075024  ,6.897407  ,0.080130  
5.140000  ,31.416620 ,-8.840047 ,7.075024  ,6.897407  ,0.008866  
5.160000  ,31.535965 ,-8.913806 ,7.013884  ,6.815367  ,0.014836  
5.160000  ,31.481520 ,-8.968251 ,7.013884  ,6.815367  ,0.061188  
5.180000  ,31.650274 ,-8.991014 ,6.945550  ,6.743592  ,0.017074  
5.180000  ,31.694613 ,-8.946675 ,6.945550  ,6.743592  ,0.079304  
5.200000  ,31.780081 ,-9.051330 ,6.876031  ,6.743592  ,0.049319  
5.200000  ,31.800272 ,-9.031140 ,6.876031  ,6.743592  ,0.077656  
5.220000  ,31.875560 ,-9.145049 ,6.830442  ,6.681907  ,0.034521  
5.220000  ,31.894259 ,-9.126350 ,6.830442  ,6.681907  ,0.060871  
5.240000  ,32.102618 ,-9.106660 ,6.779313  ,6.629829  ,0.208470  
5.240000  ,31.943181 ,-9.266098 ,6.779313  ,6.629829  ,0.016801  
5.260000  ,32.121082 ,-9.276427 ,6.727857  ,6.629829  ,0.095882  
5.260000  ,32.128355 ,-9.269154 ,6.727857  ,6.629829  ,0.106158  
5.280000  ,32.254071 ,-9.331511 ,6.694113  ,6.586993  ,0.145666  
5.280000  ,32.255491 ,-9.330091 ,6.694113  ,6.586993  ,0.147675  
5.300000  ,32.301629 ,-9.471966 ,6.657240  ,6.552964  ,0.077276  
5.300000  ,32.356135 ,-9.417460 ,6.657240  ,6.552964  ,0.154285  
5.320000  ,32.419514 ,-9.541659 ,6.621346  ,6.552964  ,0.117146  
5.320000  ,32.493082 ,-9.468092 ,6.621346  ,6.552964  ,0.221085  
5.340000  ,32.580928 ,-9.567150 ,6.597807  ,6.526947  ,0.218572  
5.340000  ,32.510693 ,-9.637385 ,6.597807  ,6.526947  ,0.119631  
5.360000  ,32.598714 ,-9.735290 ,6.573415  ,6.508068  ,0.120905  
5.360000  ,32.574366 ,-9.759639 ,6.573415  ,6.508068  ,0.086772  
5.380000  ,32.826343 ,-9.692181 ,6.550921  ,6.508068  ,0.327873  
5.380000  ,32.656629 ,-9.861895 ,6.550921  ,6.508068  ,0.089956  
5.400000  ,32.715019 ,-9.986255 ,6.536170  ,6.495325  ,0.060313  
5.400000  ,32.806144 ,-9.895130 ,6.536170  ,6.495325  ,0.187202  
5.420000  ,32.865686 ,-10.016316,6.522110  ,6.495325  ,0.166612  
5.420000  ,32.783649 ,-10.098353,6.522110  ,6.487565  ,0.048901  
5.440000  ,32.898331 ,-10.162066,6.512890  ,6.487565  ,0.111428  
5.440000  ,32.922862 ,-10.137535,6.512890  ,6.487565  ,0.145295  
5.460000  ,33.010247 ,-10.226218,6.504172  ,6.483596  ,0.169010  
5.460000  ,32.906268 ,-10.330197,6.504172  ,6.483596  ,0.026935  
5.480000  ,32.987198 ,-10.423220,6.497090  ,6.483596  ,0.050393  
5.480000  ,33.041304 ,-10.369114,6.497090  ,6.483596  ,0.124323  
5.500000  ,33.280169 ,-10.302412,6.492445  ,6.482178  ,0.361718  
5.500000  ,33.106640 ,-10.475941,6.492445  ,6.482178  ,0.127465  
5.520000  ,33.178103 ,-10.575009,6.488911  ,6.482061  ,0.141363  
5.520000  ,33.154659 ,-10.598452,6.488911  ,6.482061  ,0.110152  
5.540000  ,33.003964 ,-10.918491,6.486553  ,6.482061  ,0.164689  
5.540000  ,33.273314 ,-10.649142,6.486553  ,6.482061  ,0.195783  
5.560000  ,33.201235 ,-10.889523,6.485007  ,6.482061  ,0.028268  
5.560000  ,33.401618 ,-10.689140,6.485007  ,6.482061  ,0.290914  
5.580000  ,33.272593 ,-10.985550,6.483993  ,6.482061  ,0.053430  
5.580000  ,33.248112 ,-11.010031,6.483993  ,6.482061  ,0.021896  
5.600000  ,33.311097 ,-11.113923,6.483328  ,6.482061  ,0.044257  
5.600000  ,33.304887 ,-11.120132,6.483328  ,6.482061  ,0.036258  
5.620000  ,33.398941 ,-11.192416,6.482891  ,6.482912  ,0.097150  
5.620000  ,33.447097 ,-11.144260,6.482891  ,6.482912  ,0.158000  
5.640000  ,33.461856 ,-11.295094,6.482893  ,6.482912  ,0.124615  
5.640000  ,33.499332 ,-11.257618,6.482893  ,6.482912  ,0.171970  
5.660000  ,33.364189 ,-11.557525,6.482895  ,6.485298  ,0.046840  
5.660000  ,33.489378 ,-11.432336,6.482895  ,6.485298  ,0.108035  
5.680000  ,33.543794 ,-11.541494,6.483118  ,6.489573  ,0.127252  
5.680000  ,33.477918 ,-11.607369,6.483118  ,6.489573  ,0.047621  
5.700000  ,33.605969 ,-11.641239,6.483717  ,6.489573  ,0.163971  
5.700000  ,33.455408 ,-11.791800,6.483717  ,6.495797  ,0.020179  
5.720000  ,33.518569 ,-11.888714,6.484261  ,6.495797  ,0.022488  
5.720000  ,33.542175 ,-11.865108,6.484261  ,6.495797  ,0.050311  
5.740000  ,33.636536 ,-11.928254,6.485332  ,6.503856  ,0.126827  
5.740000  ,33.669064 ,-11.895727,6.485332  ,6.495797  ,0.168597  
5.760000  ,33.608260 ,-12.110651,6.487052  ,6.503856  ,0.069836  
5.760000  ,33.624852 ,-12.094059,6.487052  ,6.503856  ,0.088861  
5.780000  ,33.653124 ,-12.216199,6.488612  ,6.513511  ,0.097150  
5.780000  ,33.649706 ,-12.219616,6.488612  ,6.513511  ,0.093344  
5.800000  ,33.672910 ,-12.342941,6.490924  ,6.524496  ,0.098476  
5.800000  ,33.695132 ,-12.320719,6.490924  ,6.524496  ,0.122470  
5.820000  ,33.774047 ,-12.384403,6.494040  ,6.524496  ,0.195813  
5.820000  ,33.623184 ,-12.535266,6.494040  ,6.536547  ,0.029469  
5.840000  ,33.707767 ,-12.589486,6.496868  ,6.536547  ,0.111439  
5.840000  ,33.678863 ,-12.618390,6.496868  ,6.536547  ,0.081222  
5.860000  ,33.606354 ,-12.825739,6.500552  ,6.549435  ,0.000000  
5.860000  ,33.618380 ,-12.813712,6.500552  ,6.549435  ,0.011119  
5.880000  ,33.697750 ,-12.864898,6.505090  ,6.549435  ,0.089938  
5.880000  ,33.617334 ,-12.945314,6.505090  ,6.562939  ,0.005669  
5.900000  ,33.680717 ,-13.008746,6.509207  ,6.562939  ,0.070588  
5.900000  ,33.579453 ,-13.110010,6.509207  ,6.562939  ,0.028162  
5.920000  ,33.745056 ,-13.068137,6.514195  ,6.562939  ,0.136364  
5.920000  ,33.755425 ,-13.057768,6.514195  ,6.562939  ,0.146476  
5.940000  ,33.691287 ,-13.242903,6.518721  ,6.576963  ,0.087207  
5.940000  ,33.793397 ,-13.140793,6.518721  ,6.576963  ,0.183093  
5.960000  ,33.780976 ,-13.271865,6.524128  ,6.576963  ,0.178453  
5.960000  ,33.676672 ,-13.376168,6.524128  ,6.591446  ,0.078442  
5.980000  ,33.759014 ,-13.410300,6.529033  ,6.591446  ,0.163617  
5.980000  ,33.672225 ,-13.497089,6.529033  ,6.591446  ,0.085334  
6.000000  ,33.692719 ,-13.591073,6.534827  ,6.606378  ,0.112788  
6.000000  ,33.703011 ,-13.580781,6.534827  ,6.606378  ,0.121678  
6.020000  ,33.549189 ,-13.846761,6.541470  ,6.621792  ,0.003835  
6.020000  ,33.672456 ,-13.723494,6.541470  ,6.606378  ,0.109635  
6.040000  ,33.574894 ,-13.930603,6.548927  ,6.621792  ,0.042818  
6.040000  ,33.576293 ,-13.929204,6.548927  ,6.621792  ,0.043971  
6.060000  ,33.623685 ,-13.989171,6.555692  ,6.637760  ,0.098573  
6.060000  ,33.640099 ,-13.972757,6.555692  ,6.637760  ,0.111427  
6.080000  ,33.483861 ,-14.234464,6.563311  ,6.654344  ,0.010336  
6.080000  ,33.517771 ,-14.200553,6.563311  ,6.654344  ,0.035429  
6.100000  ,33.550734 ,-14.270581,6.571762  ,6.654344  ,0.083777  
6.100000  ,33.552126 ,-14.269189,6.571762  ,6.654344  ,0.084806  
6.120000  ,33.591893 ,-14.329776,6.579429  ,6.654344  ,0.137576  
6.120000  ,33.433441 ,-14.488228,6.579429  ,6.671585  ,0.022953  
6.140000  ,33.465719 ,-14.553446,6.586384  ,6.689540  ,0.068642  
6.140000  ,33.394895 ,-14.624270,6.586384  ,6.689540  ,0.022798  
6.160000  ,33.410799 ,-14.702152,6.595961  ,6.689540  ,0.061701  
6.160000  ,33.390408 ,-14.722542,6.595961  ,6.708230  ,0.044877  
6.180000  ,33.330837 ,-14.871945,6.604649  ,6.708230  ,0.039863  
6.180000  ,33.295078 ,-14.907704,6.604649  ,6.727677  ,0.015108  
6.200000  ,33.325948 ,-14.962858,6.614265  ,6.727677  ,0.064456  
6.200000  ,33.407798 ,-14.881008,6.614265  ,6.708230  ,0.115297  
6.220000  ,33.239878 ,-15.131042,6.624794  ,6.747889  ,0.045696  
6.220000  ,33.304734 ,-15.066185,6.624794  ,6.727677  ,0.083666  
6.240000  ,33.326952 ,-15.122122,6.636222  ,6.727677  ,0.125292  
6.240000  ,33.330437 ,-15.118636,6.636222  ,6.727677  ,0.127211  
6.260000  ,33.098581 ,-15.424567,6.644713  ,6.768966  ,0.039188  
6.260000  ,33.128130 ,-15.395018,6.644713  ,6.768966  ,0.052652  
6.280000  ,33.173793 ,-15.419594,6.656248  ,6.768966  ,0.104475  
6.280000  ,33.092858 ,-15.500529,6.656248  ,6.791006  ,0.065200  
6.300000  ,33.038728 ,-15.620838,6.666713  ,6.791006  ,0.074308  
6.300000  ,33.088384 ,-15.571182,6.666713  ,6.791006  ,0.094625  
6.320000  ,33.056064 ,-15.665979,6.678252  ,6.791006  ,0.110908  
6.320000  ,33.081907 ,-15.640136,6.678252  ,6.791006  ,0.121481  
6.340000  ,32.977636 ,-15.802987,6.688720  ,6.814171  ,0.108131  
6.340000  ,32.951870 ,-15.828753,6.688720  ,6.814171  ,0.098772  
6.360000  ,32.988212 ,-15.846967,6.700367  ,6.814171  ,0.139348  
6.360000  ,32.889817 ,-15.945362,6.700367  ,6.838673  ,0.104028  
6.380000  ,32.853856 ,-16.031716,6.710932  ,6.864821  ,0.116126  
6.380000  ,32.825350 ,-16.060221,6.710932  ,6.864821  ,0.108334  
6.400000  ,32.717433 ,-16.214317,6.725219  ,6.892843  ,0.102218  
6.400000  ,32.918252 ,-16.013498,6.725219  ,6.838673  ,0.164254  
6.420000  ,32.783131 ,-16.190165,6.740781  ,6.864821  ,0.145665  
6.420000  ,32.710726 ,-16.262570,6.740781  ,6.892843  ,0.124901  
6.440000  ,32.760250 ,-16.249788,6.752297  ,6.892843  ,0.157685  
6.440000  ,32.608337 ,-16.401702,6.752297  ,6.922912  ,0.120926  
6.460000  ,32.560085 ,-16.481972,6.765345  ,6.922912  ,0.131393  
6.460000  ,32.490377 ,-16.551680,6.765345  ,6.955251  ,0.116162  
6.480000  ,32.487246 ,-16.581601,6.779973  ,6.955251  ,0.132625  
6.480000  ,32.544134 ,-16.524713,6.779973  ,6.922912  ,0.144702  
6.500000  ,32.431157 ,-16.659363,6.796246  ,6.955251  ,0.138228  
6.500000  ,32.363103 ,-16.727417,6.796246  ,6.990024  ,0.126619  
6.520000  ,32.379326 ,-16.727817,6.811008  ,6.990024  ,0.139154  
6.520000  ,32.315668 ,-16.791475,6.811008  ,6.990024  ,0.132619  
6.540000  ,32.202718 ,-16.916101,6.827628  ,7.027317  ,0.128161  
6.540000  ,32.110690 ,-17.008129,6.827628  ,7.067182  ,0.119904  
6.560000  ,32.084640 ,-17.040943,6.846167  ,7.067182  ,0.124019  
6.560000  ,32.132865 ,-16.992717,6.846167  ,7.027317  ,0.128385  
6.580000  ,32.097708 ,-17.030158,6.866685  ,7.067182  ,0.125903  
6.580000  ,32.004960 ,-17.122907,6.866685  ,7.067182  ,0.123801  
6.600000  ,32.003958 ,-17.121909,6.885299  ,7.067182  ,0.122388  
6.600000  ,32.052806 ,-17.073060,6.885299  ,7.067182  ,0.123495  
6.620000  ,31.814661 ,-17.305159,6.902185  ,7.154780  ,0.115254  
6.620000  ,31.814811 ,-17.305009,6.902185  ,7.154780  ,0.115246  
6.640000  ,31.712032 ,-17.397956,6.925636  ,7.154780  ,0.113522  
6.640000  ,31.797626 ,-17.312362,6.925636  ,7.154780  ,0.108953  
6.660000  ,31.629347 ,-17.467287,6.946909  ,7.202347  ,0.107262  
6.660000  ,31.703034 ,-17.393600,6.946909  ,7.154780  ,0.104210  
6.680000  ,31.548253 ,-17.531759,6.970624  ,7.202347  ,0.102069  
6.680000  ,31.427662 ,-17.652350,6.970624  ,7.252347  ,0.113823  
6.700000  ,31.397243 ,-17.663109,6.992137  ,7.252347  ,0.102553  
6.700000  ,31.384207 ,-17.676145,6.992137  ,7.252347  ,0.104184  
6.720000  ,31.256964 ,-17.780886,7.016294  ,7.304682  ,0.104014  
6.720000  ,31.228836 ,-17.809014,7.016294  ,7.304682  ,0.108499  
6.740000  ,31.176682 ,-17.835983,7.043068  ,7.359271  ,0.095753  
6.740000  ,31.163935 ,-17.848730,7.043068  ,7.359271  ,0.098207  
6.760000  ,31.218759 ,-17.766131,7.072424  ,7.304682  ,0.068673  
6.760000  ,31.098946 ,-17.885944,7.072424  ,7.359271  ,0.088590  
6.780000  ,30.885988 ,-18.068306,7.093987  ,7.475149  ,0.105795  
6.780000  ,30.852389 ,-18.101905,7.093987  ,7.475149  ,0.114378  
6.800000  ,30.833268 ,-18.087639,7.129373  ,7.475149  ,0.091778  
6.800000  ,30.893915 ,-18.026992,7.129373  ,7.416100  ,0.078952  
6.820000  ,30.824257 ,-18.060734,7.161475  ,7.475149  ,0.064514  
6.820000  ,30.723438 ,-18.161553,7.161475  ,7.475149  ,0.090268  
6.840000  ,30.571931 ,-18.274289,7.190596  ,7.536377  ,0.098840  
6.840000  ,30.606674 ,-18.239546,7.190596  ,7.536377  ,0.088932  
6.860000  ,30.519623 ,-18.284929,7.222698  ,7.599779  ,0.077533  
6.860000  ,30.595691 ,-18.208861,7.222698  ,7.536377  ,0.057264  
6.880000  ,30.326836 ,-18.433366,7.257706  ,7.665354  ,0.099926  
6.880000  ,30.473247 ,-18.286955,7.257706  ,7.599779  ,0.054549  
6.900000  ,30.148286 ,-18.564548,7.295551  ,7.733080  ,0.120084  
6.900000  ,30.242743 ,-18.470090,7.295551  ,7.665354  ,0.088036  
6.920000  ,30.072627 ,-18.590031,7.336171  ,7.733080  ,0.104415  
6.920000  ,30.127818 ,-18.534840,7.336171  ,7.733080  ,0.084126  
6.940000  ,30.041010 ,-18.568152,7.373020  ,7.733080  ,0.069678  
6.940000  ,30.103856 ,-18.505306,7.373020  ,7.733080  ,0.046575  
6.960000  ,29.862454 ,-18.689850,7.406447  ,7.802958  ,0.087875  
6.960000  ,29.868790 ,-18.683515,7.406447  ,7.802958  ,0.085386  
6.980000  ,29.731524 ,-18.760690,7.443259  ,7.874972  ,0.087515  
6.980000  ,29.655164 ,-18.837050,7.443259  ,7.949104  ,0.118463  
7.000000  ,29.626786 ,-18.802310,7.483339  ,7.949104  ,0.074648  
7.000000  ,29.592196 ,-18.836899,7.483339  ,7.949104  ,0.089872  
7.020000  ,29.542096 ,-18.820817,7.526580  ,7.949104  ,0.052884  
7.020000  ,29.530767 ,-18.832146,7.526580  ,7.949104  ,0.057870  
7.040000  ,29.267621 ,-19.026082,7.565807  ,8.000000  ,0.114473  
7.040000  ,29.322879 ,-18.970824,7.565807  ,8.000000  ,0.087775  
7.060000  ,29.136237 ,-19.085506,7.606117  ,8.000000  ,0.111512  
7.060000  ,29.234637 ,-18.987106,7.606117  ,8.000000  ,0.065203  
7.080000  ,29.062524 ,-19.084597,7.642685  ,8.000000  ,0.080511  
7.080000  ,29.249424 ,-18.897697,7.642685  ,8.000000  ,0.009558  
7.100000  ,28.924290 ,-19.145212,7.675857  ,8.000000  ,0.078293  
7.100000  ,28.980820 ,-19.088682,7.675857  ,8.000000  ,0.050794  
7.120000  ,28.691387 ,-19.297606,7.705950  ,8.000000  ,0.126032  
7.120000  ,28.767277 ,-19.221716,7.705950  ,8.000000  ,0.085068  
7.140000  ,28.720745 ,-19.185202,7.733250  ,8.000000  ,0.033495  
7.140000  ,28.617547 ,-19.288400,7.733250  ,8.000000  ,0.089200  
7.160000  ,28.456012 ,-19.364356,7.758015  ,8.000000  ,0.097999  
7.160000  ,28.438687 ,-19.381681,7.758015  ,8.000000  ,0.107643  
7.180000  ,28.367579 ,-19.364401,7.780480  ,8.000000  ,0.064311  
7.180000  ,28.384974 ,-19.347005,7.780480  ,8.000000  ,0.054350  
7.200000  ,28.293621 ,-19.347437,7.800860  ,8.000000  ,0.021846  
7.200000  ,28.276846 ,-19.364212,7.800860  ,8.000000  ,0.031452  
7.220000  ,27.947896 ,-19.599911,7.819348  ,8.000000  ,0.135288  
7.220000  ,28.068999 ,-19.478808,7.819348  ,8.000000  ,0.064063  
7.240000  ,27.881878 ,-19.570586,7.836120  ,8.000000  ,0.085330  
7.240000  ,27.921349 ,-19.531115,7.836120  ,8.000000  ,0.061567  
7.260000  ,27.764626 ,-19.590778,7.851334  ,8.000000  ,0.064310  
7.260000  ,27.779982 ,-19.575423,7.851334  ,8.000000  ,0.054858  
7.280000  ,27.539934 ,-19.716573,7.865136  ,8.000000  ,0.109473  
7.280000  ,27.577864 ,-19.678643,7.865136  ,8.000000  ,0.085641  
7.300000  ,27.580090 ,-19.575854,7.877657  ,8.000000  ,0.011054  
7.300000  ,27.512657 ,-19.643287,7.877657  ,8.000000  ,0.031314  
7.320000  ,27.389844 ,-19.663868,7.889015  ,8.000000  ,0.011122  
7.320000  ,27.290825 ,-19.762886,7.889015  ,8.000000  ,0.074533  
7.340000  ,27.238057 ,-19.711937,7.899319  ,8.000000  ,0.008901  
7.340000  ,27.118097 ,-19.831897,7.899319  ,8.000000  ,0.087097  
7.360000  ,27.151864 ,-19.693531,7.908666  ,8.000000  ,0.034643  
7.360000  ,26.956237 ,-19.889158,7.908666  ,8.000000  ,0.093149  
7.380000  ,26.804748 ,-19.935322,7.917145  ,8.000000  ,0.092761  
7.380000  ,26.886082 ,-19.853987,7.917145  ,8.000000  ,0.038949  
7.400000  ,26.800739 ,-19.833646,7.924837  ,8.000000  ,0.005831  
7.400000  ,26.700328 ,-19.934056,7.924837  ,8.000000  ,0.061752  
7.420000  ,26.510436 ,-20.018089,7.931815  ,8.000000  ,0.088852  
7.420000  ,26.532833 ,-19.995691,7.931815  ,8.000000  ,0.073556  
7.440000  ,26.512007 ,-19.910243,7.938146  ,8.000000  ,0.014314  
7.440000  ,26.467490 ,-19.954760,7.938146  ,8.000000  ,0.015460  
7.460000  ,26.221897 ,-20.093871,7.943888  ,8.000000  ,0.082915  
7.460000  ,26.244425 ,-20.071343,7.943888  ,8.000000  ,0.067115  
7.480000  ,26.061294 ,-20.147537,7.949097  ,8.000000  ,0.092109  
7.480000  ,26.092625 ,-20.116205,7.949097  ,8.000000  ,0.069863  
7.500000  ,25.945060 ,-20.156659,7.953823  ,8.000000  ,0.071108  
7.500000  ,26.105724 ,-19.995996,7.953823  ,8.000000  ,0.042100  
7.520000  ,25.759149 ,-20.234720,7.958110  ,8.000000  ,0.099366  
7.520000  ,25.751966 ,-20.241903,7.958110  ,8.000000  ,0.104526  
7.540000  ,25.723581 ,-20.161033,7.961999  ,8.000000  ,0.019128  
7.540000  ,25.618148 ,-20.266466,7.961999  ,8.000000  ,0.094981  
7.560000  ,25.537825 ,-20.235832,7.965527  ,8.000000  ,0.045708  
7.560000  ,25.524672 ,-20.248985,7.965527  ,8.000000  ,0.054643  
7.580000  ,25.269398 ,-20.391238,7.968728  ,8.000000  ,0.132163  
7.580000  ,25.351624 ,-20.309013,7.968728  ,8.000000  ,0.071892  
7.600000  ,25.159215 ,-20.386397,7.971631  ,8.000000  ,0.101977  
7.600000  ,25.172433 ,-20.373179,7.971631  ,8.000000  ,0.092173  
7.620000  ,24.895954 ,-20.532215,7.974265  ,8.000000  ,0.183950  
7.620000  ,25.081978 ,-20.346191,7.974265  ,8.000000  ,0.044736  
7.640000  ,24.865003 ,-20.442526,7.976654  ,8.000000  ,0.089656  
7.640000  ,24.838191 ,-20.469338,7.976654  ,8.000000  ,0.109931  
7.660000  ,24.804919 ,-20.378747,7.978821  ,8.000000  ,0.014247  
7.660000  ,24.755785 ,-20.427881,7.978821  ,8.000000  ,0.051403  
7.680000  ,24.521271 ,-20.534807,7.980788  ,8.000000  ,0.104794  
7.680000  ,24.604093 ,-20.451984,7.980788  ,8.000000  ,0.041905  
7.700000  ,24.549114 ,-20.375917,7.982571  ,8.000000  ,0.044154  
7.700000  ,24.315604 ,-20.609426,7.982571  ,8.000000  ,0.134775  
7.720000  ,24.247289 ,-20.543752,7.984189  ,8.000000  ,0.056634  
7.720000  ,24.160778 ,-20.630263,7.984189  ,8.000000  ,0.123366  
7.740000  ,24.113696 ,-20.540633,7.985657  ,8.000000  ,0.026222  
7.740000  ,24.120898 ,-20.533430,7.985657  ,8.000000  ,0.020578  
7.760000  ,23.927217 ,-20.588318,7.986989  ,8.000000  ,0.035910  
7.760000  ,23.973410 ,-20.542125,7.986989  ,8.000000  ,0.000073  
7.780000  ,23.860087 ,-20.515142,7.988197  ,8.000000  ,0.048757  
7.780000  ,23.742766 ,-20.632463,7.988197  ,8.000000  ,0.043535  
7.800000  ,23.597171 ,-20.637033,7.989292  ,8.000000  ,0.020977  
7.800000  ,23.674580 ,-20.559624,7.989292  ,8.000000  ,0.040703  
7.820000  ,23.347501 ,-20.745796,7.990287  ,8.000000  ,0.081845  
7.820000  ,23.320515 ,-20.772781,7.990287  ,8.000000  ,0.103699  
7.840000  ,23.259281 ,-20.693930,7.991188  ,8.000000  ,0.015360  
7.840000  ,23.217222 ,-20.735989,7.991188  ,8.000000  ,0.049421  
7.860000  ,23.173650 ,-20.640427,7.992006  ,8.000000  ,0.052285  
7.860000  ,23.301565 ,-20.512513,7.992006  ,8.000000  ,0.155876  
7.880000  ,23.018374 ,-20.657749,7.992749  ,8.000000  ,0.062126  
7.880000  ,23.027294 ,-20.648829,7.992749  ,8.000000  ,0.069407  
7.900000  ,22.789612 ,-20.750262,7.993422  ,8.000000  ,0.009180  
7.900000  ,22.835505 ,-20.704370,7.993422  ,8.000000  ,0.046945  
7.920000  ,22.667607 ,-20.738335,7.994032  ,8.000000  ,0.040894  
7.920000  ,22.759796 ,-20.646146,7.994032  ,8.000000  ,0.116772  
7.940000  ,22.532860 ,-20.741218,7.994586  ,8.000000  ,0.059702  
7.940000  ,22.448714 ,-20.825365,7.994586  ,8.000000  ,0.010651  
7.960000  ,22.454298 ,-20.689594,7.995089  ,8.000000  ,0.122686  
7.960000  ,22.383632 ,-20.760260,7.995089  ,8.000000  ,0.063604  
7.980000  ,22.269680 ,-20.745600,7.995545  ,8.000000  ,0.095453  
7.980000  ,22.148071 ,-20.867210,7.995545  ,8.000000  ,0.006657  
8.000000  ,21.994417 ,-20.893627,7.995959  ,8.000000  ,0.011228  
8.000000  ,22.003574 ,-20.884470,7.995959  ,8.000000  ,0.003448  
8.020000  ,21.928268 ,-20.833890,7.996334  ,8.000000  ,0.057517  
8.020000  ,21.909275 ,-20.852883,7.996334  ,8.000000  ,0.041248  
8.040000  ,21.857720 ,-20.779562,7.996674  ,8.000000  ,0.120831  
8.040000  ,21.718428 ,-20.918853,7.996674  ,8.000000  ,0.001711  
8.060000  ,21.514125 ,-20.998668,7.996983  ,8.000000  ,0.051168  
8.060000  ,21.569605 ,-20.943188,7.996983  ,8.000000  ,0.002843  
8.080000  ,21.469316 ,-20.919068,7.997263  ,8.000000  ,0.033287  
8.080000  ,21.347594 ,-21.040790,7.997263  ,8.000000  ,0.072414  
8.100000  ,21.303862 ,-20.960152,7.997517  ,8.000000  ,0.012710  
8.100000  ,21.283715 ,-20.980299,7.997517  ,8.000000  ,0.004991  
8.120000  ,21.150154 ,-20.988970,7.997748  ,8.000000  ,0.002134  
8.120000  ,21.062591 ,-21.076533,7.997748  ,8.000000  ,0.075485  
8.140000  ,20.912002 ,-21.101250,7.997957  ,8.000000  ,0.083770  
8.140000  ,20.914934 ,-21.098318,7.997957  ,8.000000  ,0.081147  
8.160000  ,20.777421 ,-21.108541,7.998146  ,8.000000  ,0.076938  
8.160000  ,20.739348 ,-21.146614,7.998146  ,8.000000  ,0.111321  
8.180000  ,20.471330 ,-21.285607,7.998319  ,8.000000  ,0.225260  
8.180000  ,20.547085 ,-21.209852,7.998319  ,8.000000  ,0.156177  
8.200000  ,20.463006 ,-21.162559,7.998475  ,8.000000  ,0.101949  
8.200000  ,20.424959 ,-21.200606,7.998475  ,8.000000  ,0.136646  
8.220000  ,20.275336 ,-21.215939,7.998616  ,8.000000  ,0.139571  
8.220000  ,20.279647 ,-21.211629,7.998616  ,8.000000  ,0.135600  
8.240000  ,20.228924 ,-21.124334,7.998745  ,8.000000  ,0.044705  
8.240000  ,20.072953 ,-21.280305,7.998745  ,8.000000  ,0.188723  
8.260000  ,19.966526 ,-21.244995,7.998861  ,8.000000  ,0.145821  
8.260000  ,19.931384 ,-21.280137,7.998861  ,8.000000  ,0.178860  
8.280000  ,19.756483 ,-21.309367,7.998967  ,8.000000  ,0.197447  
8.280000  ,19.914010 ,-21.151841,7.998967  ,8.000000  ,0.049769  
8.300000  ,19.573279 ,-21.342901,7.999063  ,8.000000  ,0.221365  
8.300000  ,19.618307 ,-21.297873,7.999063  ,8.000000  ,0.179169  
8.320000  ,19.434993 ,-21.327325,7.999150  ,8.000000  ,0.200219  
8.320000  ,19.497625 ,-21.264694,7.999150  ,8.000000  ,0.140167  
8.340000  ,19.368412 ,-21.235767,7.999229  ,8.000000  ,0.105499  
8.340000  ,19.385606 ,-21.218573,7.999229  ,8.000000  ,0.088861  
8.360000  ,19.253077 ,-21.188848,7.999300  ,8.000000  ,0.054928  
8.360000  ,19.191261 ,-21.250665,7.999300  ,8.000000  ,0.114038  
8.380000  ,18.936205 ,-21.339609,7.999365  ,8.000000  ,0.196646  
8.380000  ,19.100572 ,-21.175243,7.999365  ,8.000000  ,0.036477  
8.400000  ,18.913347 ,-21.193077,7.999424  ,8.000000  ,0.049758  
8.400000  ,18.811956 ,-21.294468,7.999424  ,8.000000  ,0.149471  
8.420000  ,18.684835 ,-21.249541,7.999478  ,8.000000  ,0.102580  
8.420000  ,18.740005 ,-21.194370,7.999478  ,8.000000  ,0.047951  
8.440000  ,18.588024 ,-21.171806,7.999526  ,8.000000  ,0.023393  
8.440000  ,18.579605 ,-21.180226,7.999526  ,8.000000  ,0.031780  
8.460000  ,18.470071 ,-21.113494,7.999570  ,8.000000  ,0.035376  
8.460000  ,18.361600 ,-21.221965,7.999570  ,8.000000  ,0.072353  
8.480000  ,18.157669 ,-21.248548,7.999610  ,8.000000  ,0.098921  
8.480000  ,18.281899 ,-21.124318,7.999610  ,8.000000  ,0.025182  
8.500000  ,18.076238 ,-21.152449,7.999646  ,8.000000  ,0.003374  
8.500000  ,18.037642 ,-21.191046,7.999646  ,8.000000  ,0.042230  
8.520000  ,17.885563 ,-21.166360,7.999679  ,8.000000  ,0.018659  
8.520000  ,17.879246 ,-21.172677,7.999679  ,8.000000  ,0.025054  
8.540000  ,17.769640 ,-21.106629,7.999709  ,8.000000  ,0.040037  
8.540000  ,17.697329 ,-21.178939,7.999709  ,8.000000  ,0.033589  
8.560000  ,17.490647 ,-21.211627,7.999736  ,8.000000  ,0.070128  
8.560000  ,17.563215 ,-21.139059,7.999736  ,8.000000  ,0.004204  
8.580000  ,17.312491 ,-21.217751,7.999760  ,8.000000  ,0.080554  
8.580000  ,17.484332 ,-21.045910,7.999760  ,8.000000  ,0.095383  
8.600000  ,17.292041 ,-21.068515,7.999783  ,8.000000  ,0.067974  
8.600000  ,17.448853 ,-20.911703,7.999783  ,8.000000  ,0.228676  
8.620000  ,17.127790 ,-21.065422,7.999803  ,8.000000  ,0.066115  
8.620000  ,17.197226 ,-20.995986,7.999803  ,8.000000  ,0.138115  
8.640000  ,17.050775 ,-20.977240,7.999821  ,8.000000  ,0.151336  
8.640000  ,16.911008 ,-21.117006,7.999821  ,7.934721  ,0.006462  
8.660000  ,16.888161 ,-20.976778,7.999838  ,7.934721  ,0.145542  
8.660000  ,16.797795 ,-21.067143,7.999838  ,7.803832  ,0.051889  
8.680000  ,16.652422 ,-21.051628,7.977423  ,7.803832  ,0.059980  
8.680000  ,16.607445 ,-21.096605,7.977423  ,7.803832  ,0.012770  
8.700000  ,16.476176 ,-21.069743,7.917669  ,7.674899  ,0.032708  
8.700000  ,16.508715 ,-21.037204,7.917669  ,7.674899  ,0.067079  
8.720000  ,16.274154 ,-21.116678,7.834102  ,7.547894  ,0.026098  
8.720000  ,16.179094 ,-21.211738,7.834102  ,7.423114  ,0.126362  
8.740000  ,16.251553 ,-20.986811,7.735582  ,7.547894  ,0.101983  
8.740000  ,16.117177 ,-21.121188,7.735582  ,7.423114  ,0.040844  
8.760000  ,16.042994 ,-21.044362,7.670975  ,7.423114  ,0.030047  
8.760000  ,15.969403 ,-21.117953,7.670975  ,7.300839  ,0.048092  
8.780000  ,15.761015 ,-21.175880,7.585655  ,7.180897  ,0.123475  
8.780000  ,15.873473 ,-21.063422,7.585655  ,7.300839  ,0.002405  
8.800000  ,15.751285 ,-21.036375,7.446328  ,7.180897  ,0.014233  
8.800000  ,15.716634 ,-21.071026,7.446328  ,7.180897  ,0.023870  
8.820000  ,15.501923 ,-21.137072,7.354960  ,7.063397  ,0.111994  
8.820000  ,15.574620 ,-21.064376,7.354960  ,7.063397  ,0.030934  
8.840000  ,15.372295 ,-21.117162,7.254597  ,6.948058  ,0.106590  
8.840000  ,15.411531 ,-21.077925,7.254597  ,7.063397  ,0.064374  
8.860000  ,15.249762 ,-21.089044,7.149079  ,6.948058  ,0.096147  
8.860000  ,15.172650 ,-21.166157,7.149079  ,6.834649  ,0.181484  
8.880000  ,15.172002 ,-21.013818,7.079883  ,6.834649  ,0.031288  
8.880000  ,15.076494 ,-21.109326,7.079883  ,6.834649  ,0.141087  
8.900000  ,15.006477 ,-21.023700,6.995468  ,6.834649  ,0.068019  
8.900000  ,14.903655 ,-21.126523,6.995468  ,6.722725  ,0.185698  
8.920000  ,14.807583 ,-21.063858,6.940110  ,6.722725  ,0.141955  
8.920000  ,14.777958 ,-21.093483,6.940110  ,6.612103  ,0.174179  
8.940000  ,14.747481 ,-20.962223,6.865281  ,6.612103  ,0.052220  
8.940000  ,14.644028 ,-21.065676,6.865281  ,6.612103  ,0.175055  
8.960000  ,14.633439 ,-20.912392,6.778131  ,6.612103  ,0.027394  
8.960000  ,14.556180 ,-20.989651,6.778131  ,6.502645  ,0.117518  
8.980000  ,14.421042 ,-20.958754,6.720980  ,6.502645  ,0.119199  
8.980000  ,14.588252 ,-20.791544,6.720980  ,6.502645  ,0.082583  
9.000000  ,14.236332 ,-20.975741,6.645824  ,6.394084  ,0.180341  
9.000000  ,14.441771 ,-20.770302,6.645824  ,6.502645  ,0.068855  
9.020000  ,14.213798 ,-20.830047,6.559169  ,6.287119  ,0.042893  
9.020000  ,14.294745 ,-20.749100,6.559169  ,6.394084  ,0.053690  
9.040000  ,14.043293 ,-20.832460,6.465523  ,6.287119  ,0.094260  
9.040000  ,14.100740 ,-20.775013,6.465523  ,6.287119  ,0.022714  
9.060000  ,13.867593 ,-20.840052,6.404112  ,6.181424  ,0.152961  
9.060000  ,13.946953 ,-20.760692,6.404112  ,6.181424  ,0.052625  
9.080000  ,13.825914 ,-20.714124,6.327457  ,6.077361  ,0.043821  
9.080000  ,13.767655 ,-20.772383,6.327457  ,6.077361  ,0.118543  
9.100000  ,13.634876 ,-20.738798,6.241368  ,6.077361  ,0.132597  
9.100000  ,13.606169 ,-20.767505,6.241368  ,6.077361  ,0.169415  
9.120000  ,13.631579 ,-20.576860,6.184913  ,5.975971  ,0.020295  
9.120000  ,13.514898 ,-20.693542,6.184913  ,5.975971  ,0.131407  
9.140000  ,13.466545 ,-20.578110,6.112990  ,5.975971  ,0.042232  
9.140000  ,13.431625 ,-20.613030,6.112990  ,5.876439  ,0.084749  
9.160000  ,13.422523 ,-20.459850,6.065825  ,5.876439  ,0.051966  
9.160000  ,13.401348 ,-20.481025,6.065825  ,5.876439  ,0.024083  
9.180000  ,13.309505 ,-20.412430,6.000634  ,5.876439  ,0.050157  
9.180000  ,13.265329 ,-20.456607,6.000634  ,5.780080  ,0.005532  
9.200000  ,13.159173 ,-20.404223,5.957883  ,5.780080  ,0.003732  
9.200000  ,13.147949 ,-20.415448,5.957883  ,5.780080  ,0.018686  
9.220000  ,13.037209 ,-20.369662,5.896679  ,5.688011  ,0.023700  
9.220000  ,12.950149 ,-20.456722,5.896679  ,5.688011  ,0.140908  
9.240000  ,12.947065 ,-20.305547,5.824850  ,5.688011  ,0.007824  
9.240000  ,12.944923 ,-20.307689,5.824850  ,5.688011  ,0.010708  
9.260000  ,12.759075 ,-20.341151,5.777747  ,5.599990  ,0.126030  
9.260000  ,12.826624 ,-20.273602,5.777747  ,5.599990  ,0.034237  
9.280000  ,12.743145 ,-20.206157,5.716559  ,5.599990  ,0.015578  
9.280000  ,12.841599 ,-20.107703,5.716559  ,5.599990  ,0.118212  
9.300000  ,12.602948 ,-20.196372,5.676433  ,5.516792  ,0.075586  
9.300000  ,12.645012 ,-20.154307,5.676433  ,5.516792  ,0.017955  
9.320000  ,12.544337 ,-20.105391,5.621481  ,5.439535  ,0.024805  
9.320000  ,12.480174 ,-20.169553,5.621481  ,5.439535  ,0.113355  
9.340000  ,12.472040 ,-20.028249,5.558851  ,5.439535  ,0.001612  
9.340000  ,12.420885 ,-20.079404,5.558851  ,5.439535  ,0.068987  
9.360000  ,12.394583 ,-19.956025,5.517779  ,5.368524  ,0.023415  
9.360000  ,12.345589 ,-20.005019,5.517779  ,5.368524  ,0.044652  
9.380000  ,12.296094 ,-19.904550,5.466402  ,5.368524  ,0.010569  
9.380000  ,12.217414 ,-19.983230,5.466402  ,5.368524  ,0.098743  
9.400000  ,12.124949 ,-19.925450,5.432710  ,5.304082  ,0.101799  
9.400000  ,12.090390 ,-19.960009,5.432710  ,5.304082  ,0.150115  
9.420000  ,12.031779 ,-19.868229,5.388433  ,5.304082  ,0.110913  
9.420000  ,12.112658 ,-19.787350,5.388433  ,5.304082  ,0.002162  
9.440000  ,11.980137 ,-19.769482,5.359398  ,5.246428  ,0.060793  
9.440000  ,11.945838 ,-19.803781,5.359398  ,5.246428  ,0.109024  
9.460000  ,11.908755 ,-19.690608,5.320511  ,5.246428  ,0.044200  
9.460000  ,11.911893 ,-19.687470,5.320511  ,5.246428  ,0.039787  
9.480000  ,11.960699 ,-19.488815,5.295010  ,5.196069  ,0.147214  
9.480000  ,11.822878 ,-19.626636,5.295010  ,5.196069  ,0.047417  
9.500000  ,11.739040 ,-19.561260,5.260952  ,5.196069  ,0.054830  
9.500000  ,11.674673 ,-19.625627,5.260952  ,5.196069  ,0.145730  
9.520000  ,11.616619 ,-19.535216,5.238617  ,5.153102  ,0.116904  
9.520000  ,11.617901 ,-19.533934,5.238617  ,5.153102  ,0.115090  
9.540000  ,11.495701 ,-19.508444,5.209181  ,5.153102  ,0.184157  
9.540000  ,11.547704 ,-19.456442,5.209181  ,5.153102  ,0.110615  
9.560000  ,11.528791 ,-19.328438,5.189877  ,5.117568  ,0.034039  
9.560000  ,11.518015 ,-19.339213,5.189877  ,5.117568  ,0.049240  
9.580000  ,11.486570 ,-19.224515,5.164987  ,5.089335  ,0.008730  
9.580000  ,11.534272 ,-19.176813,5.164987  ,5.089335  ,0.075558  
9.600000  ,11.345575 ,-19.220293,5.138945  ,5.089335  ,0.101118  
9.600000  ,11.345638 ,-19.220230,5.138945  ,5.089335  ,0.101029  
9.620000  ,11.264723 ,-19.156739,5.121868  ,5.089335  ,0.127199  
9.620000  ,11.272093 ,-19.149370,5.121868  ,5.089335  ,0.116875  
9.640000  ,11.323489 ,-18.954188,5.110669  ,5.068131  ,0.040596  
9.640000  ,11.223249 ,-19.054427,5.110669  ,5.068131  ,0.098115  
9.660000  ,11.196498 ,-18.938111,5.096027  ,5.053346  ,0.049762  
9.660000  ,11.191524 ,-18.943084,5.096027  ,5.053346  ,0.056519  
9.680000  ,11.117551 ,-18.874895,5.081335  ,5.053346  ,0.088387  
9.680000  ,11.140841 ,-18.851605,5.081335  ,5.053346  ,0.056748  
9.700000  ,11.082033 ,-18.769138,5.071700  ,5.043979  ,0.060804  
9.700000  ,11.060813 ,-18.790358,5.071700  ,5.053346  ,0.097269  
9.720000  ,10.996618 ,-18.714354,5.062158  ,5.043979  ,0.115869  
9.720000  ,11.035561 ,-18.675411,5.062158  ,5.043979  ,0.064297  
9.740000  ,11.002954 ,-18.569248,5.055900  ,5.038924  ,0.042920  
9.740000  ,11.048118 ,-18.524084,5.055900  ,5.038924  ,0.014920  
9.760000  ,10.985509 ,-18.449855,5.050057  ,5.038924  ,0.018685  
9.760000  ,10.868614 ,-18.566750,5.050057  ,5.038924  ,0.168389  
9.780000  ,10.903939 ,-18.397137,5.046224  ,5.036998  ,0.069353  
9.780000  ,10.795995 ,-18.505082,5.046224  ,5.038924  ,0.215681  
9.800000  ,10.798575 ,-18.371137,5.043048  ,5.036998  ,0.164220  
9.800000  ,10.853553 ,-18.316160,5.043048  ,5.036998  ,0.096756  
9.820000  ,10.779703 ,-18.261878,5.040966  ,5.036998  ,0.153798  
9.820000  ,10.861738 ,-18.179843,5.040966  ,5.036824  ,0.046141  
9.840000  ,10.698271 ,-18.219046,5.039600  ,5.036824  ,0.213993  
9.840000  ,10.689427 ,-18.227890,5.039600  ,5.036824  ,0.224283  
9.860000  ,10.767139 ,-18.030662,5.038644  ,5.036824  ,0.112382  
9.860000  ,10.777598 ,-18.020204,5.038644  ,5.036824  ,0.100213  
9.880000  ,10.795109 ,-17.888384,5.038018  ,5.036824  ,0.060250  
9.880000  ,10.672688 ,-18.010806,5.038018  ,5.036824  ,0.193717  
9.900000  ,10.759572 ,-17.815609,5.037607  ,5.036824  ,0.088734  
9.900000  ,10.728041 ,-17.847140,5.037607  ,5.036824  ,0.123110  
9.920000  ,10.855423 ,-17.617627,5.037338  ,5.036824  ,0.019165  
9.920000  ,10.795056 ,-17.677994,5.037338  ,5.036824  ,0.041784  
9.940000  ,10.735245 ,-17.641736,5.037161  ,5.036824  ,0.101240  
9.940000  ,10.856673 ,-17.520308,5.037161  ,5.038113  ,0.023540  
9.960000  ,10.749306 ,-17.537344,5.037045  ,5.038113  ,0.082342  
9.960000  ,10.851334 ,-17.435316,5.037045  ,5.038113  ,0.012164  
9.980000  ,10.840254 ,-17.361227,5.037144  ,5.041893  ,0.001034  
9.980000  ,10.720398 ,-17.481083,5.037144  ,5.038113  ,0.115181  
10.000000 ,10.923151 ,-17.197486,5.037585  ,5.049056  ,0.065552  
10.000000 ,10.753612 ,-17.367026,5.037585  ,5.041893  ,0.083833  
10.020000 ,10.793530 ,-17.249503,5.038650  ,5.041893  ,0.061500  
10.020000 ,10.721771 ,-17.321262,5.038650  ,5.041893  ,0.122014  
10.040000 ,10.891283 ,-17.076094,5.038951  ,5.049056  ,0.008457  
10.040000 ,10.883023 ,-17.084354,5.038951  ,5.049056  ,0.002155  
10.060000 ,10.703998 ,-17.188464,5.039889  ,5.041893  ,0.158984  
10.060000 ,10.815001 ,-17.077461,5.039889  ,5.049056  ,0.065767  
10.080000 ,10.884103 ,-16.933845,5.040075  ,5.060345  ,0.026344  
10.080000 ,10.781269 ,-17.036679,5.040075  ,5.049056  ,0.107441  
10.100000 ,11.079632 ,-16.664072,5.041957  ,5.076207  ,0.083442  
10.100000 ,10.800272 ,-16.943432,5.041957  ,5.060345  ,0.104318  
10.120000 ,11.130828 ,-16.538896,5.045137  ,5.096942  ,0.090020  
10.120000 ,11.010556 ,-16.659168,5.045137  ,5.076207  ,0.016586  
10.140000 ,11.016074 ,-16.579946,5.049946  ,5.096942  ,0.000932  
10.140000 ,11.027779 ,-16.568241,5.049946  ,5.096942  ,0.005523  
10.160000 ,10.988044 ,-16.534564,5.054309  ,5.096942  ,0.043949  
10.160000 ,10.814253 ,-16.708355,5.054309  ,5.076207  ,0.152683  
10.180000 ,11.091135 ,-16.359050,5.058267  ,5.122798  ,0.012777  
10.180000 ,10.987445 ,-16.462739,5.058267  ,5.096942  ,0.071465  
10.200000 ,11.043066 ,-16.336565,5.064258  ,5.122798  ,0.065844  
10.200000 ,11.009023 ,-16.370608,5.064258  ,5.122798  ,0.082554  
10.220000 ,10.990097 ,-16.321930,5.069693  ,5.122798  ,0.120083  
10.220000 ,10.995154 ,-16.316874,5.069693  ,5.122798  ,0.117601  
10.240000 ,11.060290 ,-16.188399,5.074623  ,5.153741  ,0.107897  
10.240000 ,11.167085 ,-16.081603,5.074623  ,5.153741  ,0.061910  
10.260000 ,11.103276 ,-16.087808,5.081968  ,5.153741  ,0.115782  
10.260000 ,11.002487 ,-16.188598,5.081968  ,5.122798  ,0.164521  
10.280000 ,11.196682 ,-15.943442,5.088632  ,5.189570  ,0.098126  
10.280000 ,11.265492 ,-15.874632,5.088632  ,5.189570  ,0.072825  
10.300000 ,11.133333 ,-15.962770,5.098003  ,5.189570  ,0.143383  
10.300000 ,11.289869 ,-15.806234,5.098003  ,5.230060  ,0.083231  
10.320000 ,11.288593 ,-15.771132,5.106504  ,5.230060  ,0.103230  
10.320000 ,11.106364 ,-15.953362,5.106504  ,5.189570  ,0.171450  
10.340000 ,11.293233 ,-15.737944,5.117975  ,5.230060  ,0.117215  
10.340000 ,11.380067 ,-15.651110,5.117975  ,5.274858  ,0.087152  
10.360000 ,11.403270 ,-15.606907,5.128380  ,5.274858  ,0.093775  
10.360000 ,11.352812 ,-15.657365,5.128380  ,5.274858  ,0.105775  
10.380000 ,11.487574 ,-15.508600,5.141979  ,5.274858  ,0.081821  
10.380000 ,11.439820 ,-15.556354,5.141979  ,5.274858  ,0.093178  
10.400000 ,11.504828 ,-15.483492,5.154316  ,5.323501  ,0.078708  
10.400000 ,11.581945 ,-15.406375,5.154316  ,5.323501  ,0.065495  
10.420000 ,11.543055 ,-15.442442,5.170023  ,5.323501  ,0.073897  
10.420000 ,11.501391 ,-15.484106,5.170023  ,5.323501  ,0.081036  
10.440000 ,11.606879 ,-15.379507,5.184271  ,5.323501  ,0.062414  
10.440000 ,11.651288 ,-15.335098,5.184271  ,5.375368  ,0.051375  
10.460000 ,11.694650 ,-15.295344,5.197197  ,5.375368  ,0.044517  
10.460000 ,11.684127 ,-15.305867,5.197197  ,5.375368  ,0.045609  
10.480000 ,11.805337 ,-15.189794,5.213739  ,5.429203  ,0.026700  
10.480000 ,11.770085 ,-15.225046,5.213739  ,5.375368  ,0.033333  
10.500000 ,11.930683 ,-15.070208,5.233742  ,5.484787  ,0.013937  
10.500000 ,11.861553 ,-15.139337,5.233742  ,5.429203  ,0.020707  
10.520000 ,11.951134 ,-15.055318,5.257049  ,5.484787  ,0.010564  
10.520000 ,11.991666 ,-15.014786,5.257049  ,5.484787  ,0.011843  
10.540000 ,12.109321 ,-14.902304,5.278192  ,5.541560  ,0.009673  
10.540000 ,12.011590 ,-15.000035,5.278192  ,5.484787  ,0.008732  
10.560000 ,12.124823 ,-14.891775,5.302643  ,5.541560  ,0.007447  
10.560000 ,12.228280 ,-14.788318,5.302643  ,5.598926  ,0.013823  
10.580000 ,12.175388 ,-14.846405,5.324823  ,5.541560  ,0.008504  
10.580000 ,12.126784 ,-14.895009,5.324823  ,5.541560  ,0.003720  
10.600000 ,12.467022 ,-14.560858,5.344945  ,5.656139  ,0.046188  
10.600000 ,12.256942 ,-14.770938,5.344945  ,5.598926  ,0.009672  
10.620000 ,12.360999 ,-14.674276,5.373836  ,5.598926  ,0.020926  
10.620000 ,12.402268 ,-14.633008,5.373836  ,5.656139  ,0.025445  
10.640000 ,12.477237 ,-14.567711,5.394733  ,5.656139  ,0.034659  
10.640000 ,12.426336 ,-14.618611,5.394733  ,5.656139  ,0.023073  
10.660000 ,12.487960 ,-14.570039,5.419002  ,5.656139  ,0.026506  
10.660000 ,12.547632 ,-14.510367,5.419002  ,5.713658  ,0.037363  
10.680000 ,12.557444 ,-14.517627,5.441017  ,5.713658  ,0.025917  
10.680000 ,12.650617 ,-14.424454,5.441017  ,5.713658  ,0.052901  
10.700000 ,12.784314 ,-14.311971,5.466329  ,5.771373  ,0.075727  
10.700000 ,12.729732 ,-14.366552,5.466329  ,5.771373  ,0.056654  
10.720000 ,12.706930 ,-14.414789,5.494649  ,5.771373  ,0.026815  
10.720000 ,12.735204 ,-14.386515,5.494649  ,5.771373  ,0.036695  
10.740000 ,12.839875 ,-14.311962,5.520340  ,5.771373  ,0.047373  
10.740000 ,12.882649 ,-14.269188,5.520340  ,5.829271  ,0.060071  
10.760000 ,12.977036 ,-14.210170,5.543645  ,5.829271  ,0.067326  
10.760000 ,12.894923 ,-14.292283,5.543645  ,5.829271  ,0.033917  
10.780000 ,13.020572 ,-14.206921,5.570163  ,5.829271  ,0.049560  
10.780000 ,13.011843 ,-14.215651,5.570163  ,5.829271  ,0.046009  
10.800000 ,13.029360 ,-14.243214,5.594218  ,5.829271  ,0.013435  
10.800000 ,13.254000 ,-14.018574,5.594218  ,5.948298  ,0.111937  
10.820000 ,13.203840 ,-14.118546,5.616040  ,5.888070  ,0.044591  
10.820000 ,13.374585 ,-13.947801,5.616040  ,6.010427  ,0.125242  
10.840000 ,13.280677 ,-14.095613,5.641295  ,5.948298  ,0.030671  
10.840000 ,13.342245 ,-14.034045,5.641295  ,5.948298  ,0.062321  
10.860000 ,13.346392 ,-14.087267,5.669797  ,5.948298  ,0.011916  
10.860000 ,13.387176 ,-14.046483,5.669797  ,5.948298  ,0.032881  
10.880000 ,13.505504 ,-13.988987,5.695653  ,6.010427  ,0.038907  
10.880000 ,13.677749 ,-13.816743,5.695653  ,6.075177  ,0.137574  
10.900000 ,13.691731 ,-13.866257,5.724876  ,6.075177  ,0.086230  
10.900000 ,13.615535 ,-13.942452,5.724876  ,6.075177  ,0.039740  
10.920000 ,13.870014 ,-13.753839,5.757398  ,6.142987  ,0.134341  
10.920000 ,13.670352 ,-13.953501,5.757398  ,6.075177  ,0.011075  
10.940000 ,13.804218 ,-13.888256,5.793195  ,6.142987  ,0.025861  
10.940000 ,13.913726 ,-13.778749,5.793195  ,6.142987  ,0.097462  
10.960000 ,14.001536 ,-13.762757,5.825670  ,6.214309  ,0.085086  
10.960000 ,14.003223 ,-13.761070,5.825670  ,6.214309  ,0.086258  
10.980000 ,14.152595 ,-13.687075,5.861751  ,6.289545  ,0.115040  
10.980000 ,14.150908 ,-13.688763,5.861751  ,6.289545  ,0.113804  
11.000000 ,14.244717 ,-13.673736,5.901467  ,6.289545  ,0.106011  
11.000000 ,14.271244 ,-13.647210,5.901467  ,6.289545  ,0.125442  
11.020000 ,14.266032 ,-13.734807,5.937495  ,6.289545  ,0.041618  
11.020000 ,14.385277 ,-13.615562,5.937495  ,6.368926  ,0.127890  
11.040000 ,14.531569 ,-13.555695,5.970179  ,6.452796  ,0.153343  
11.040000 ,14.414321 ,-13.672943,5.970179  ,6.368926  ,0.065686  
11.060000 ,14.456972 ,-13.720586,6.014985  ,6.368926  ,0.010143  
11.060000 ,14.613306 ,-13.564251,6.014985  ,6.452796  ,0.129942  
11.080000 ,14.559334 ,-13.712131,6.047845  ,6.452796  ,0.005533  
11.080000 ,14.703832 ,-13.567633,6.047845  ,6.452796  ,0.110017  
11.100000 ,14.851455 ,-13.517800,6.085440  ,6.541273  ,0.132759  
11.100000 ,14.866665 ,-13.502591,6.085440  ,6.541273  ,0.145369  
11.120000 ,15.037227 ,-13.433343,6.127759  ,6.634354  ,0.187346  
11.120000 ,14.952137 ,-13.518433,6.127759  ,6.634354  ,0.114523  
11.140000 ,14.989086 ,-13.585919,6.174791  ,6.634354  ,0.042666  
11.140000 ,15.001147 ,-13.573858,6.174791  ,6.634354  ,0.052989  
11.160000 ,15.112883 ,-13.569948,6.217456  ,6.634354  ,0.041778  
11.160000 ,15.085616 ,-13.597215,6.217456  ,6.634354  ,0.018442  
11.180000 ,15.322320 ,-13.471864,6.256161  ,6.732347  ,0.112849  
11.180000 ,15.305464 ,-13.488720,6.256161  ,6.732347  ,0.098015  
11.200000 ,15.371166 ,-13.537357,6.300369  ,6.835218  ,0.041028  
11.200000 ,15.436270 ,-13.472254,6.300369  ,6.835218  ,0.099740  
11.220000 ,15.590027 ,-13.435424,6.350024  ,6.942734  ,0.121366  
11.220000 ,15.490404 ,-13.535047,6.350024  ,6.835218  ,0.032147  
11.240000 ,15.761249 ,-13.383888,6.405051  ,7.054978  ,0.158756  
11.240000 ,15.629160 ,-13.515977,6.405051  ,6.942734  ,0.038076  
11.260000 ,15.794124 ,-13.473204,6.465389  ,7.054978  ,0.067636  
11.260000 ,15.811774 ,-13.455555,6.465389  ,7.054978  ,0.084199  
11.280000 ,15.961468 ,-13.430778,6.520126  ,7.172087  ,0.099018  
11.280000 ,15.864607 ,-13.527639,6.520126  ,7.054978  ,0.009087  
11.300000 ,16.120449 ,-13.399696,6.580653  ,7.172087  ,0.122863  
11.300000 ,16.123387 ,-13.396758,6.580653  ,7.172087  ,0.125664  
11.320000 ,16.048148 ,-13.602631,6.635562  ,7.172087  ,0.076586  
11.320000 ,16.200685 ,-13.450094,6.635562  ,7.293518  ,0.068496  
11.340000 ,16.265762 ,-13.518293,6.685372  ,7.293518  ,0.001787  
11.340000 ,16.402190 ,-13.381865,6.685372  ,7.419151  ,0.129817  
11.360000 ,16.430078 ,-13.489802,6.741832  ,7.419151  ,0.021307  
11.360000 ,16.515308 ,-13.404572,6.741832  ,7.419151  ,0.104691  
11.380000 ,16.586392 ,-13.471516,6.804713  ,7.549094  ,0.035793  
11.380000 ,16.688285 ,-13.369623,6.804713  ,7.549094  ,0.136484  
11.400000 ,16.737255 ,-13.460605,6.873821  ,7.682867  ,0.044139  
11.400000 ,16.760843 ,-13.437017,6.873821  ,7.682867  ,0.067648  
11.420000 ,16.857607 ,-13.482098,6.948932  ,7.682867  ,0.022241  
11.420000 ,16.874463 ,-13.465242,6.948932  ,7.682867  ,0.039040  
11.440000 ,17.091236 ,-13.392170,7.017070  ,7.820191  ,0.111800  
11.440000 ,16.943954 ,-13.539452,7.017070  ,7.820191  ,0.036038  
11.460000 ,17.239502 ,-13.389234,7.091631  ,7.960953  ,0.115338  
11.460000 ,17.234183 ,-13.394552,7.091631  ,7.960953  ,0.109967  
11.480000 ,17.343917 ,-13.431842,7.172338  ,8.000000  ,0.073298  
11.480000 ,17.332339 ,-13.443421,7.172338  ,7.960953  ,0.062073  
11.500000 ,17.327444 ,-13.597373,7.249177  ,7.960953  ,0.091920  
11.500000 ,17.359376 ,-13.565441,7.249177  ,8.000000  ,0.060051  
11.520000 ,17.462113 ,-13.613637,7.315258  ,8.000000  ,0.106686  
11.520000 ,17.484818 ,-13.590932,7.315258  ,8.000000  ,0.083639  
11.540000 ,17.629254 ,-13.599096,7.378828  ,8.000000  ,0.089619  
11.540000 ,17.751638 ,-13.476711,7.378828  ,8.000000  ,0.034830  
11.560000 ,17.888298 ,-13.493962,7.436497  ,8.000000  ,0.020810  
11.560000 ,17.952251 ,-13.430009,7.436497  ,8.000000  ,0.085971  
11.580000 ,18.085358 ,-13.451566,7.488812  ,8.000000  ,0.068027  
11.580000 ,18.148759 ,-13.388164,7.488812  ,8.000000  ,0.132853  
11.600000 ,18.139676 ,-13.552513,7.536270  ,8.000000  ,0.031695  
11.600000 ,18.084596 ,-13.607594,7.536270  ,8.000000  ,0.087964  
11.620000 ,18.368264 ,-13.480080,7.579323  ,8.000000  ,0.047429  
11.620000 ,18.286947 ,-13.561398,7.579323  ,8.000000  ,0.036126  
11.640000 ,18.473398 ,-13.532144,7.618378  ,8.000000  ,0.001130  
11.640000 ,18.445736 ,-13.559806,7.618378  ,8.000000  ,0.029692  
11.660000 ,18.683274 ,-13.480208,7.653807  ,8.000000  ,0.057848  
11.660000 ,18.670545 ,-13.492937,7.653807  ,8.000000  ,0.044673  
11.680000 ,18.868352 ,-13.453958,7.685948  ,8.000000  ,0.090761  
11.680000 ,18.853828 ,-13.468482,7.685948  ,8.000000  ,0.075697  
11.700000 ,19.006621 ,-13.475225,7.715104  ,8.000000  ,0.074708  
11.700000 ,18.926161 ,-13.555685,7.715104  ,8.000000  ,0.008697  
11.720000 ,19.084328 ,-13.558154,7.741553  ,8.000000  ,0.005049  
11.720000 ,19.107315 ,-13.535167,7.741553  ,8.000000  ,0.018839  
11.740000 ,19.265495 ,-13.538959,7.765547  ,8.000000  ,0.021431  
11.740000 ,19.332753 ,-13.471701,7.765547  ,8.000000  ,0.091430  
11.760000 ,19.422703 ,-13.545027,7.787314  ,8.000000  ,0.021902  
11.760000 ,19.365805 ,-13.601925,7.787314  ,8.000000  ,0.037381  
11.780000 ,19.641741 ,-13.490352,7.807059  ,8.000000  ,0.085916  
11.780000 ,19.624289 ,-13.507804,7.807059  ,8.000000  ,0.067721  
11.800000 ,19.689395 ,-13.608089,7.824972  ,8.000000  ,0.029633  
11.800000 ,19.754386 ,-13.543098,7.824972  ,8.000000  ,0.038114  
11.820000 ,19.919669 ,-13.544286,7.841221  ,8.000000  ,0.044153  
11.820000 ,19.836107 ,-13.627848,7.841221  ,8.000000  ,0.042982  
11.840000 ,19.933983 ,-13.697827,7.855962  ,7.820332  ,0.108575  
11.840000 ,20.028620 ,-13.603190,7.855962  ,7.820332  ,0.000000  
11.860000 ,20.112039 ,-13.688322,7.843697  ,7.820332  ,0.091374  
11.860000 ,20.159578 ,-13.640782,7.843697  ,7.626528  ,0.041748  
11.880000 ,20.351914 ,-13.617251,7.835654  ,7.435807  ,0.009993  
11.880000 ,20.301974 ,-13.667191,7.835654  ,7.626528  ,0.062132  
11.900000 ,20.484738 ,-13.651472,7.698017  ,7.435807  ,0.038831  
11.900000 ,20.503409 ,-13.632801,7.698017  ,7.435807  ,0.019423  
11.920000 ,20.608658 ,-13.691463,7.607758  ,7.250430  ,0.073753  
11.920000 ,20.762428 ,-13.537692,7.607758  ,7.069395  ,0.085938  
11.940000 ,20.752311 ,-13.708740,7.484757  ,7.069395  ,0.085356  
11.940000 ,20.938851 ,-13.522200,7.484757  ,6.894486  ,0.107867  
11.960000 ,20.832107 ,-13.785959,7.341780  ,7.069395  ,0.159784  
11.960000 ,20.905642 ,-13.712424,7.341780  ,7.069395  ,0.083764  
11.980000 ,21.126300 ,-13.644489,7.248018  ,6.894486  ,0.008687  
11.980000 ,21.044649 ,-13.726140,7.248018  ,6.894486  ,0.092774  
12.000000 ,21.170947 ,-13.747750,7.126324  ,6.726044  ,0.110290  
12.000000 ,21.266083 ,-13.652614,7.126324  ,6.726044  ,0.012767  
12.020000 ,21.390946 ,-13.669873,6.988538  ,6.564007  ,0.026642  
12.020000 ,21.346458 ,-13.714360,6.988538  ,6.564007  ,0.071996  
12.040000 ,21.461616 ,-13.735323,6.842404  ,6.564007  ,0.090690  
12.040000 ,21.579494 ,-13.617446,6.842404  ,6.409809  ,0.029824  
12.060000 ,21.642803 ,-13.684100,6.746573  ,6.409809  ,0.036034  
12.060000 ,21.673360 ,-13.653543,6.746573  ,6.409809  ,0.005097  
12.080000 ,21.799784 ,-13.651015,6.630651  ,6.262485  ,0.000726  
12.080000 ,21.796714 ,-13.654086,6.630651  ,6.262485  ,0.003804  
12.100000 ,21.904032 ,-13.664642,6.503919  ,6.262485  ,0.014083  
12.100000 ,21.861400 ,-13.707274,6.503919  ,6.262485  ,0.056825  
12.120000 ,22.123449 ,-13.557764,6.420812  ,6.122813  ,0.091931  
12.120000 ,21.926418 ,-13.754795,6.420812  ,6.122813  ,0.102705  
12.140000 ,22.201495 ,-13.587856,6.318233  ,5.990604  ,0.061369  
12.140000 ,22.158889 ,-13.630461,6.318233  ,5.990604  ,0.020154  
12.160000 ,22.342735 ,-13.551377,6.205455  ,5.865796  ,0.095330  
12.160000 ,22.336531 ,-13.557581,6.205455  ,5.865796  ,0.089495  
12.180000 ,22.374856 ,-13.622087,6.088536  ,5.865796  ,0.022880  
12.180000 ,22.552756 ,-13.444187,6.088536  ,5.748479  ,0.192027  
12.200000 ,22.375129 ,-13.724521,6.011864  ,5.865796  ,0.079398  
12.200000 ,22.693295 ,-13.406354,6.011864  ,5.748479  ,0.217211  
12.220000 ,22.630841 ,-13.573146,5.961584  ,5.748479  ,0.056635  
12.220000 ,22.804634 ,-13.399353,5.961584  ,5.638675  ,0.214181  
12.240000 ,22.696314 ,-13.614556,5.888228  ,5.748479  ,0.009565  
12.240000 ,22.846905 ,-13.463966,5.888228  ,5.638675  ,0.144790  
12.260000 ,22.917776 ,-13.503258,5.840123  ,5.536192  ,0.100712  
12.260000 ,22.824155 ,-13.596880,5.840123  ,5.638675  ,0.015763  
12.280000 ,23.061718 ,-13.472774,5.735503  ,5.536192  ,0.106947  
12.280000 ,23.023363 ,-13.511129,5.735503  ,5.536192  ,0.075471  
12.300000 ,23.115263 ,-13.535951,5.666895  ,5.536192  ,0.035777  
12.300000 ,23.192188 ,-13.459025,5.666895  ,5.440513  ,0.099344  
12.320000 ,23.209862 ,-13.561887,5.621904  ,5.440513  ,0.004936  
12.320000 ,23.175184 ,-13.596565,5.621904  ,5.440513  ,0.031563  
12.340000 ,23.349768 ,-13.545855,5.559465  ,5.351100  ,0.015113  
12.340000 ,23.331478 ,-13.564145,5.559465  ,5.351100  ,0.028079  
12.360000 ,23.485501 ,-13.536217,5.487741  ,5.351100  ,0.040742  
12.360000 ,23.467064 ,-13.554654,5.487741  ,5.351100  ,0.053811  
12.380000 ,23.667365 ,-13.481990,5.440706  ,5.267571  ,0.037758  
12.380000 ,23.507399 ,-13.641956,5.440706  ,5.351100  ,0.148554  
12.400000 ,23.707072 ,-13.570573,5.381109  ,5.267571  ,0.134256  
12.400000 ,23.712669 ,-13.564976,5.381109  ,5.267571  ,0.130649  
12.420000 ,23.866666 ,-13.538946,5.342027  ,5.190716  ,0.154153  
12.420000 ,23.855087 ,-13.550526,5.342027  ,5.190716  ,0.160807  
12.440000 ,23.873611 ,-13.658522,5.289942  ,5.190716  ,0.268258  
12.440000 ,23.823828 ,-13.708305,5.289942  ,5.190716  ,0.296862  
12.460000 ,23.943664 ,-13.712301,5.255786  ,5.190716  ,0.343592  
12.460000 ,23.917152 ,-13.738812,5.255786  ,5.190716  ,0.358825  
12.480000 ,24.082276 ,-13.693869,5.233387  ,5.120922  ,0.373162  
12.480000 ,24.061608 ,-13.714537,5.233387  ,5.120922  ,0.383501  
12.500000 ,24.121863 ,-13.769483,5.194674  ,5.120922  ,0.458367  
12.500000 ,24.259609 ,-13.631737,5.194674  ,5.059464  ,0.384377  
12.520000 ,24.476505 ,-13.523632,5.169287  ,5.006371  ,0.385190  
12.520000 ,24.296263 ,-13.703874,5.169287  ,5.059464  ,0.465286  
12.540000 ,24.495289 ,-13.605519,5.113208  ,5.006371  ,0.465009  
12.540000 ,24.340672 ,-13.760136,5.113208  ,5.059464  ,0.535731  
12.560000 ,24.510506 ,-13.681152,5.076432  ,5.006371  ,0.537630  
12.560000 ,24.422487 ,-13.769170,5.076432  ,5.059464  ,0.581694  
12.580000 ,24.653350 ,-13.617951,5.052315  ,5.006371  ,0.557299  
12.580000 ,24.560811 ,-13.710489,5.052315  ,5.006371  ,0.588736  
12.600000 ,24.807724 ,-13.530610,5.036500  ,4.961137  ,0.561205  
12.600000 ,24.760385 ,-13.577949,5.036500  ,4.961137  ,0.573255  
12.620000 ,24.845859 ,-13.545562,5.010559  ,4.961137  ,0.595179  
12.620000 ,24.802524 ,-13.588896,5.010559  ,4.961137  ,0.606210  
12.640000 ,24.881888 ,-13.547585,4.993547  ,4.961137  ,0.617319  
12.640000 ,24.948867 ,-13.480605,4.993547  ,4.924197  ,0.593460  
12.660000 ,24.998831 ,-13.452903,4.982390  ,4.924197  ,0.602640  
12.660000 ,24.964716 ,-13.487018,4.982390  ,4.924197  ,0.608308  
12.680000 ,25.029676 ,-13.428061,4.962359  ,4.924197  ,0.602230  
12.680000 ,24.995139 ,-13.462599,4.962359  ,4.924197  ,0.607968  
12.700000 ,25.135602 ,-13.311712,4.949223  ,4.894440  ,0.570259  
12.700000 ,25.064817 ,-13.382496,4.949223  ,4.924197  ,0.588206  
12.720000 ,25.180226 ,-13.240376,4.930365  ,4.894440  ,0.547092  
12.720000 ,25.055034 ,-13.365568,4.930365  ,4.924197  ,0.568855  
12.740000 ,25.193681 ,-13.184313,4.917999  ,4.894440  ,0.514424  
12.740000 ,25.192414 ,-13.185580,4.917999  ,4.894440  ,0.514518  
12.760000 ,25.353244 ,-12.966993,4.909889  ,4.871715  ,0.463825  
12.760000 ,25.368107 ,-12.952129,4.909889  ,4.871715  ,0.464126  
12.780000 ,25.304831 ,-12.944042,4.896749  ,4.871715  ,0.413110  
12.780000 ,25.292068 ,-12.956806,4.896749  ,4.871715  ,0.412852  
12.800000 ,25.213682 ,-12.951946,4.888132  ,4.871715  ,0.353249  
12.800000 ,25.263856 ,-12.901772,4.888132  ,4.871715  ,0.354267  
12.820000 ,25.294330 ,-12.777875,4.882481  ,4.856076  ,0.285181  
12.820000 ,25.318994 ,-12.753211,4.882481  ,4.856076  ,0.288064  
12.840000 ,25.451522 ,-12.518874,4.873392  ,4.846818  ,0.238828  
12.840000 ,25.239451 ,-12.730945,4.873392  ,4.856076  ,0.212972  
12.860000 ,25.230141 ,-12.631801,4.864244  ,4.856076  ,0.141796  
12.860000 ,25.257886 ,-12.604055,4.864244  ,4.856076  ,0.145039  
12.880000 ,25.129481 ,-12.618842,4.861433  ,4.856076  ,0.056604  
12.880000 ,25.221699 ,-12.526623,4.861433  ,4.856076  ,0.067384  
12.900000 ,25.267317 ,-12.363534,4.859589  ,4.846818  ,0.001586  
12.900000 ,25.162416 ,-12.468435,4.859589  ,4.856076  ,0.015460  
12.920000 ,25.295376 ,-12.215410,4.855193  ,4.842476  ,0.069238  
12.920000 ,25.230213 ,-12.280572,4.855193  ,4.846818  ,0.080588  
12.940000 ,25.157676 ,-12.231570,4.850815  ,4.846818  ,0.168059  
12.940000 ,25.268085 ,-12.121161,4.850815  ,4.842476  ,0.142890  
12.960000 ,24.974199 ,-12.292979,4.849440  ,4.856076  ,0.272481  
12.960000 ,25.110453 ,-12.156726,4.849440  ,4.846818  ,0.250415  
