# laptime, ego_x_pos, ego_y_pos, actual speed, expected speed, tracking error
0.000000  ,-0.037611 ,-0.037611 ,0.000000  ,8.000000  ,0.077578  
0.000000  ,-0.062873 ,-0.062873 ,0.000000  ,8.000000  ,0.102906  
0.020000  ,-0.008313 ,-0.009929 ,0.171180  ,8.000000  ,0.049818  
0.020000  ,0.006024  ,0.004408  ,0.171180  ,8.000000  ,0.035443  
0.040000  ,0.127542  ,0.120601  ,0.361380  ,8.000000  ,0.084888  
0.040000  ,0.076279  ,0.069337  ,0.361380  ,8.000000  ,0.029673  
0.060000  ,-0.062351 ,-0.078388 ,0.551580  ,8.000000  ,0.118421  
0.060000  ,-0.039069 ,-0.055107 ,0.551580  ,8.000000  ,0.095077  
0.080000  ,0.063154  ,0.034428  ,0.741780  ,8.000000  ,0.005271  
0.080000  ,-0.053482 ,-0.082208 ,0.741780  ,8.000000  ,0.122216  
0.100000  ,0.065619  ,0.020419  ,0.931980  ,8.000000  ,0.019273  
0.100000  ,0.087594  ,0.042395  ,0.931980  ,8.000000  ,0.002761  
0.120000  ,0.088251  ,0.022943  ,1.122180  ,8.000000  ,0.016689  
0.120000  ,-0.068061 ,-0.133368 ,1.122180  ,8.000000  ,0.173415  
0.140000  ,0.064277  ,-0.024920 ,1.312380  ,8.000000  ,0.064615  
0.140000  ,0.057421  ,-0.031776 ,1.312380  ,8.000000  ,0.071490  
0.160000  ,0.044321  ,-0.072531 ,1.502580  ,8.000000  ,0.112280  
0.160000  ,0.120118  ,0.003266  ,1.502580  ,8.000000  ,0.032013  
0.180000  ,0.099457  ,-0.048772 ,1.692780  ,8.000000  ,0.088374  
0.180000  ,0.223190  ,0.074960  ,1.692780  ,8.000000  ,0.035132  
0.200000  ,0.001792  ,-0.181259 ,1.882980  ,8.000000  ,0.221121  
0.200000  ,0.124265  ,-0.058787 ,1.882980  ,8.000000  ,0.094187  
0.220000  ,0.107880  ,-0.113315 ,2.073180  ,8.000000  ,0.152894  
0.220000  ,0.185477  ,-0.035718 ,2.073180  ,8.000000  ,0.073802  
0.240000  ,0.211097  ,-0.051532 ,2.263380  ,8.000000  ,0.090715  
0.240000  ,0.209199  ,-0.053430 ,2.263380  ,8.000000  ,0.092529  
0.260000  ,0.298441  ,-0.008711 ,2.453580  ,8.000000  ,0.051732  
0.260000  ,0.417075  ,0.109923  ,2.453580  ,8.000000  ,0.061883  
0.280000  ,0.363872  ,0.009164  ,2.643780  ,8.000000  ,0.038431  
0.280000  ,0.432928  ,0.078220  ,2.643780  ,8.000000  ,0.030049  
0.300000  ,0.462152  ,0.056633  ,2.833980  ,8.000000  ,0.008221  
0.300000  ,0.427833  ,0.022314  ,2.833980  ,8.000000  ,0.025812  
0.320000  ,0.503905  ,0.044085  ,3.024180  ,8.000000  ,0.004673  
0.320000  ,0.385187  ,-0.074633 ,3.024180  ,8.000000  ,0.122401  
0.340000  ,0.531571  ,0.013864  ,3.214380  ,8.000000  ,0.034612  
0.340000  ,0.313301  ,-0.204406 ,3.214380  ,8.000000  ,0.247888  
0.360000  ,0.392548  ,-0.186888 ,3.404580  ,8.000000  ,0.234713  
0.360000  ,0.365849  ,-0.213587 ,3.404580  ,8.000000  ,0.261190  
0.380000  ,0.702377  ,0.057355  ,3.594780  ,8.000000  ,0.006367  
0.380000  ,0.689969  ,0.044947  ,3.594780  ,8.000000  ,0.005858  
0.400000  ,0.761359  ,0.047156  ,3.784980  ,8.000000  ,0.004475  
0.400000  ,0.625889  ,-0.088315 ,3.784980  ,8.000000  ,0.138164  
0.420000  ,0.818960  ,0.032256  ,3.975180  ,8.000000  ,0.020473  
0.420000  ,0.674550  ,-0.112154 ,3.975180  ,8.000000  ,0.162715  
0.440000  ,0.833084  ,-0.029659 ,4.165380  ,8.000000  ,0.082646  
0.440000  ,0.691881  ,-0.170862 ,4.165380  ,8.000000  ,0.221671  
0.460000  ,0.983758  ,0.041328  ,4.355580  ,8.000000  ,0.014610  
0.460000  ,0.932850  ,-0.009579 ,4.355580  ,8.000000  ,0.064645  
0.480000  ,1.063042  ,0.037370  ,4.545780  ,8.000000  ,0.019913  
0.480000  ,1.146915  ,0.121244  ,4.545780  ,8.000000  ,0.062591  
0.500000  ,1.311151  ,0.198681  ,4.735980  ,8.000000  ,0.137152  
0.500000  ,1.153074  ,0.040605  ,4.735980  ,8.000000  ,0.018145  
0.520000  ,1.228306  ,0.025378  ,4.926180  ,8.000000  ,0.034728  
0.520000  ,1.274593  ,0.071665  ,4.926180  ,8.000000  ,0.010716  
0.540000  ,1.585231  ,0.288149  ,5.116380  ,8.000000  ,0.221384  
0.540000  ,1.250952  ,-0.046130 ,5.116380  ,8.000000  ,0.106633  
0.560000  ,1.250032  ,-0.145080 ,5.306580  ,8.000000  ,0.205550  
0.560000  ,1.119281  ,-0.275831 ,5.306580  ,8.000000  ,0.333920  
0.580000  ,1.615256  ,0.118324  ,5.496780  ,8.000000  ,0.051003  
0.580000  ,1.665436  ,0.168504  ,5.496780  ,8.000000  ,0.100191  
0.600000  ,1.643341  ,0.040624  ,5.686980  ,8.000000  ,0.027233  
0.600000  ,1.865731  ,0.263014  ,5.686980  ,8.000000  ,0.190709  
0.620000  ,1.695515  ,-0.016867 ,5.877180  ,8.000000  ,0.085735  
0.620000  ,1.705309  ,-0.007074 ,5.877180  ,8.000000  ,0.076135  
0.640000  ,1.826324  ,0.000229  ,6.067380  ,8.000000  ,0.071218  
0.640000  ,1.908508  ,0.082412  ,6.067380  ,8.000000  ,0.009273  
0.660000  ,1.961680  ,0.018134  ,6.246803  ,8.000000  ,0.056035  
0.660000  ,2.067028  ,0.123482  ,6.246803  ,8.000000  ,0.047055  
0.680000  ,2.254380  ,0.190242  ,6.409568  ,8.000000  ,0.109790  
0.680000  ,2.130375  ,0.066236  ,6.409568  ,8.000000  ,0.011457  
0.700000  ,2.167202  ,-0.020278 ,6.557222  ,8.000000  ,0.098761  
0.700000  ,2.343288  ,0.155807  ,6.557222  ,8.000000  ,0.073461  
0.720000  ,2.642615  ,0.329100  ,6.691168  ,8.000000  ,0.239838  
0.720000  ,2.495640  ,0.182126  ,6.691168  ,8.000000  ,0.096293  
0.740000  ,2.629313  ,0.187064  ,6.812679  ,8.000000  ,0.098158  
0.740000  ,2.553938  ,0.111689  ,6.812679  ,8.000000  ,0.024590  
0.760000  ,2.837029  ,0.263716  ,6.922908  ,8.000000  ,0.169837  
0.760000  ,2.615989  ,0.042677  ,6.922908  ,8.000000  ,0.045873  
0.780000  ,2.703565  ,-0.003310 ,7.022904  ,8.000000  ,0.093923  
0.780000  ,2.799057  ,0.092182  ,7.022904  ,8.000000  ,0.000713  
0.800000  ,2.993925  ,0.150886  ,7.113617  ,8.000000  ,0.053197  
0.800000  ,2.999308  ,0.156269  ,7.113617  ,8.000000  ,0.058441  
0.820000  ,3.068147  ,0.086130  ,7.195908  ,8.000000  ,0.013428  
0.820000  ,3.116414  ,0.134397  ,7.195908  ,8.000000  ,0.033677  
0.840000  ,3.252798  ,0.129248  ,7.270559  ,8.000000  ,0.024932  
0.840000  ,3.356723  ,0.233172  ,7.270559  ,8.000000  ,0.126124  
0.860000  ,3.576733  ,0.309192  ,7.338280  ,8.000000  ,0.196134  
0.860000  ,3.346720  ,0.079178  ,7.338280  ,8.000000  ,0.027540  
0.880000  ,3.688468  ,0.274819  ,7.399713  ,8.000000  ,0.158622  
0.880000  ,3.507591  ,0.093941  ,7.399713  ,8.000000  ,0.017173  
0.900000  ,3.576998  ,0.015182  ,7.455443  ,8.000000  ,0.097766  
0.900000  ,3.690460  ,0.128643  ,7.455443  ,8.000000  ,0.012448  
0.920000  ,3.908826  ,0.196406  ,7.505999  ,8.000000  ,0.074017  
0.920000  ,3.932204  ,0.219784  ,7.505999  ,8.000000  ,0.096681  
0.940000  ,3.907951  ,0.042604  ,7.551862  ,8.000000  ,0.079785  
0.940000  ,4.023198  ,0.157851  ,7.551862  ,8.000000  ,0.032038  
0.960000  ,4.118780  ,0.098753  ,7.593466  ,8.000000  ,0.029825  
0.960000  ,4.240824  ,0.220798  ,7.593466  ,8.000000  ,0.088374  
0.980000  ,4.362819  ,0.186630  ,7.631209  ,8.000000  ,0.050478  
0.980000  ,4.274946  ,0.098757  ,7.631209  ,8.000000  ,0.034667  
1.000000  ,4.442123  ,0.108849  ,7.665447  ,8.000000  ,0.029799  
1.000000  ,4.532023  ,0.198748  ,7.665447  ,8.000000  ,0.057249  
1.020000  ,4.672781  ,0.182123  ,7.696506  ,8.000000  ,0.036002  
1.020000  ,4.527508  ,0.036850  ,7.696506  ,8.000000  ,0.104412  
1.040000  ,5.040779  ,0.392597  ,7.724682  ,8.000000  ,0.233990  
1.040000  ,4.674164  ,0.025982  ,7.724682  ,8.000000  ,0.120100  
1.060000  ,5.077994  ,0.272409  ,7.750243  ,8.000000  ,0.112581  
1.060000  ,5.040748  ,0.235162  ,7.750243  ,8.000000  ,0.076651  
1.080000  ,5.091477  ,0.128854  ,7.773430  ,8.000000  ,0.031356  
1.080000  ,5.131768  ,0.169145  ,7.773430  ,8.000000  ,0.007579  
1.100000  ,5.162699  ,0.043329  ,7.794464  ,8.000000  ,0.119260  
1.100000  ,5.145046  ,0.025677  ,7.794464  ,8.000000  ,0.136272  
1.120000  ,5.310967  ,0.034971  ,7.813546  ,8.000000  ,0.132902  
1.120000  ,5.317838  ,0.041843  ,7.813546  ,8.000000  ,0.126196  
1.140000  ,5.375028  ,-0.057011 ,7.830856  ,8.000000  ,0.227075  
1.140000  ,5.520352  ,0.088313  ,7.830856  ,8.000000  ,0.087084  
1.160000  ,5.824297  ,0.237382  ,7.846559  ,8.000000  ,0.050477  
1.160000  ,5.636513  ,0.049597  ,7.846559  ,8.000000  ,0.130124  
1.180000  ,5.882324  ,0.142346  ,7.860805  ,8.000000  ,0.046714  
1.180000  ,5.753219  ,0.013240  ,7.860805  ,8.000000  ,0.170776  
1.200000  ,6.137609  ,0.246990  ,7.873727  ,8.000000  ,0.048010  
1.200000  ,6.024775  ,0.134156  ,7.873727  ,8.000000  ,0.060372  
1.220000  ,6.116374  ,0.077500  ,7.885450  ,8.000000  ,0.120495  
1.220000  ,6.289146  ,0.250271  ,7.885450  ,8.000000  ,0.045226  
1.240000  ,6.288862  ,0.103952  ,7.896085  ,8.000000  ,0.100965  
1.240000  ,6.392200  ,0.207289  ,7.896085  ,8.000000  ,0.001834  
1.260000  ,6.436552  ,0.107771  ,7.905732  ,8.000000  ,0.103079  
1.260000  ,6.432444  ,0.103664  ,7.905732  ,8.000000  ,0.107016  
1.280000  ,6.578005  ,0.107536  ,7.914484  ,8.000000  ,0.109064  
1.280000  ,6.815500  ,0.345031  ,7.914484  ,8.000000  ,0.118336  
1.300000  ,6.700686  ,0.090322  ,7.922423  ,8.000000  ,0.131366  
1.300000  ,6.937027  ,0.326663  ,7.922423  ,8.000000  ,0.094883  
1.320000  ,6.909500  ,0.160864  ,7.929626  ,8.000000  ,0.069576  
1.320000  ,6.796616  ,0.047980  ,7.929626  ,8.000000  ,0.177649  
1.340000  ,6.884165  ,-0.001416 ,7.936159  ,8.000000  ,0.230708  
1.340000  ,6.921069  ,0.035488  ,7.936159  ,8.000000  ,0.195334  
1.360000  ,7.256106  ,0.234336  ,7.942086  ,8.000000  ,0.011135  
1.360000  ,7.332575  ,0.310805  ,7.942086  ,8.000000  ,0.061960  
1.380000  ,7.326345  ,0.168722  ,7.947463  ,8.000000  ,0.079706  
1.380000  ,7.524507  ,0.366884  ,7.947463  ,8.000000  ,0.109506  
1.400000  ,7.507488  ,0.214296  ,7.952340  ,8.000000  ,0.042161  
1.400000  ,7.695196  ,0.402004  ,7.952340  ,8.000000  ,0.136906  
1.420000  ,7.781090  ,0.351925  ,7.956765  ,8.000000  ,0.083021  
1.420000  ,7.879516  ,0.450351  ,7.956765  ,8.000000  ,0.176856  
1.440000  ,8.036655  ,0.470726  ,7.960779  ,8.000000  ,0.190022  
1.440000  ,7.973407  ,0.407477  ,7.960779  ,8.000000  ,0.129758  
1.460000  ,8.142767  ,0.438758  ,7.964420  ,8.000000  ,0.153218  
1.460000  ,7.986041  ,0.282031  ,7.964420  ,8.000000  ,0.003863  
1.480000  ,8.174224  ,0.329858  ,7.967723  ,8.000000  ,0.042970  
1.480000  ,8.249715  ,0.405349  ,7.967723  ,8.000000  ,0.114859  
1.500000  ,8.277481  ,0.289684  ,7.970720  ,8.000000  ,0.001974  
1.500000  ,8.490493  ,0.502697  ,7.970720  ,8.000000  ,0.200832  
1.520000  ,8.677568  ,0.543272  ,7.973438  ,8.000000  ,0.232522  
1.520000  ,8.662705  ,0.528409  ,7.973438  ,8.000000  ,0.218382  
1.540000  ,8.708850  ,0.425162  ,7.975904  ,8.000000  ,0.113091  
1.540000  ,8.630255  ,0.346567  ,7.975904  ,8.000000  ,0.038285  
1.560000  ,9.080325  ,0.644414  ,7.978141  ,8.000000  ,0.314305  
1.560000  ,8.933693  ,0.497783  ,7.978141  ,8.000000  ,0.174897  
1.580000  ,9.105129  ,0.513770  ,7.980170  ,8.000000  ,0.182640  
1.580000  ,9.162855  ,0.571497  ,7.980170  ,8.000000  ,0.237508  
1.600000  ,9.207573  ,0.457734  ,7.982011  ,8.000000  ,0.121716  
1.600000  ,9.072954  ,0.323115  ,7.982011  ,8.000000  ,0.006268  
1.620000  ,9.346415  ,0.434930  ,7.983681  ,8.000000  ,0.092236  
1.620000  ,9.334181  ,0.422695  ,7.983681  ,8.000000  ,0.080610  
1.640000  ,9.594822  ,0.519076  ,7.985196  ,8.000000  ,0.164230  
1.640000  ,9.511103  ,0.435356  ,7.985196  ,8.000000  ,0.084682  
1.660000  ,9.547320  ,0.305452  ,7.986571  ,8.000000  ,0.046830  
1.660000  ,9.774605  ,0.532738  ,7.986571  ,8.000000  ,0.169132  
1.680000  ,9.977349  ,0.567813  ,7.987818  ,8.000000  ,0.194291  
1.680000  ,9.599817  ,0.190280  ,7.987818  ,8.000000  ,0.164420  
1.700000  ,10.039960 ,0.461638  ,7.988949  ,8.000000  ,0.085193  
1.700000  ,10.161592 ,0.583270  ,7.988949  ,8.000000  ,0.200755  
1.720000  ,10.148150 ,0.400748  ,7.989975  ,8.000000  ,0.019103  
1.720000  ,10.105324 ,0.357922  ,7.989975  ,8.000000  ,0.021590  
1.740000  ,10.005434 ,0.088948  ,7.990905  ,8.000000  ,0.285373  
1.740000  ,10.201062 ,0.284577  ,7.990905  ,8.000000  ,0.099504  
1.760000  ,10.521211 ,0.436180  ,7.991750  ,8.000000  ,0.036352  
1.760000  ,10.230381 ,0.145350  ,7.991750  ,8.000000  ,0.239992  
1.780000  ,10.673097 ,0.421002  ,7.992516  ,8.000000  ,0.013858  
1.780000  ,10.622989 ,0.370894  ,7.992516  ,8.000000  ,0.033772  
1.800000  ,10.847876 ,0.431144  ,7.993210  ,8.000000  ,0.015563  
1.800000  ,10.691247 ,0.274516  ,7.993210  ,8.000000  ,0.133334  
1.820000  ,10.834959 ,0.256244  ,7.993841  ,8.000000  ,0.158515  
1.820000  ,11.043345 ,0.464630  ,7.993841  ,8.000000  ,0.039644  
1.840000  ,11.150749 ,0.412733  ,7.994413  ,8.000000  ,0.017332  
1.840000  ,11.179411 ,0.441395  ,7.994413  ,8.000000  ,0.009944  
1.860000  ,11.158136 ,0.263607  ,7.994931  ,8.000000  ,0.166640  
1.860000  ,11.406622 ,0.512093  ,7.994931  ,8.000000  ,0.069842  
1.880000  ,11.372064 ,0.324351  ,7.995402  ,8.000000  ,0.116081  
1.880000  ,11.538719 ,0.491006  ,7.995402  ,8.000000  ,0.042575  
1.900000  ,11.438722 ,0.241105  ,7.995829  ,8.000000  ,0.202349  
1.900000  ,11.622477 ,0.424861  ,7.995829  ,8.000000  ,0.027362  
1.920000  ,11.809579 ,0.465615  ,7.996216  ,8.000000  ,0.004730  
1.920000  ,11.720497 ,0.376532  ,7.996216  ,8.000000  ,0.080213  
1.940000  ,11.882078 ,0.395040  ,7.996567  ,8.000000  ,0.069066  
1.940000  ,11.951069 ,0.464032  ,7.996567  ,8.000000  ,0.003315  
1.960000  ,12.199114 ,0.571951  ,7.996886  ,8.000000  ,0.093422  
1.960000  ,12.012954 ,0.385790  ,7.996886  ,8.000000  ,0.084243  
1.980000  ,12.029235 ,0.264034  ,7.997175  ,8.000000  ,0.206604  
1.980000  ,12.300096 ,0.534896  ,7.997175  ,8.000000  ,0.051890  
2.000000  ,12.459971 ,0.557773  ,7.997437  ,8.000000  ,0.067890  
2.000000  ,12.268281 ,0.366083  ,7.997437  ,8.000000  ,0.115279  
2.020000  ,12.500118 ,0.460930  ,7.997675  ,8.000000  ,0.030684  
2.020000  ,12.505144 ,0.465956  ,7.997675  ,8.000000  ,0.025873  
2.040000  ,12.641307 ,0.464587  ,7.997891  ,8.000000  ,0.032939  
2.040000  ,12.573686 ,0.396967  ,7.997891  ,8.000000  ,0.097670  
2.060000  ,12.878932 ,0.563004  ,7.998087  ,8.000000  ,0.055546  
2.060000  ,12.908150 ,0.592222  ,7.998087  ,8.000000  ,0.083450  
2.080000  ,12.972923 ,0.515658  ,7.998265  ,8.000000  ,0.004387  
2.080000  ,12.918184 ,0.460919  ,7.998265  ,8.000000  ,0.048147  
2.100000  ,13.217470 ,0.616369  ,7.998426  ,8.000000  ,0.095400  
2.100000  ,12.934848 ,0.333747  ,7.998426  ,8.000000  ,0.175878  
2.120000  ,13.328600 ,0.580720  ,7.998572  ,8.000000  ,0.055447  
2.120000  ,13.251195 ,0.503315  ,7.998572  ,8.000000  ,0.018859  
2.140000  ,13.563286 ,0.665650  ,7.998704  ,8.000000  ,0.131661  
2.140000  ,13.577390 ,0.679754  ,7.998704  ,8.000000  ,0.145260  
2.160000  ,13.759260 ,0.708450  ,7.998825  ,8.000000  ,0.167492  
2.160000  ,13.749785 ,0.698975  ,7.998825  ,8.000000  ,0.158340  
2.180000  ,13.668366 ,0.461168  ,7.998934  ,8.000000  ,0.076392  
2.180000  ,13.834764 ,0.627566  ,7.998934  ,8.000000  ,0.084120  
2.200000  ,14.092973 ,0.726273  ,7.999033  ,8.000000  ,0.174117  
2.200000  ,14.040368 ,0.673667  ,7.999033  ,8.000000  ,0.123387  
2.220000  ,14.264894 ,0.735927  ,7.999123  ,8.000000  ,0.178620  
2.220000  ,14.093202 ,0.564236  ,7.999123  ,8.000000  ,0.012147  
2.240000  ,14.328365 ,0.634986  ,7.999204  ,8.000000  ,0.075703  
2.240000  ,14.244132 ,0.550754  ,7.999204  ,8.000000  ,0.005848  
2.260000  ,14.522530 ,0.662684  ,7.999278  ,8.000000  ,0.097819  
2.260000  ,14.601273 ,0.741427  ,7.999278  ,8.000000  ,0.174497  
2.280000  ,14.536222 ,0.508222  ,7.999345  ,8.000000  ,0.056945  
2.280000  ,14.674405 ,0.646406  ,7.999345  ,8.000000  ,0.077615  
2.300000  ,14.865706 ,0.668473  ,7.999406  ,8.000000  ,0.094893  
2.300000  ,14.815837 ,0.618605  ,7.999406  ,8.000000  ,0.046219  
2.320000  ,14.891841 ,0.524853  ,7.999461  ,8.000000  ,0.049306  
2.320000  ,14.935795 ,0.568807  ,7.999461  ,8.000000  ,0.006534  
2.340000  ,15.138638 ,0.602124  ,7.999511  ,8.000000  ,0.022317  
2.340000  ,15.028795 ,0.492281  ,7.999511  ,8.000000  ,0.085030  
2.360000  ,15.082237 ,0.376681  ,7.999556  ,8.000000  ,0.201745  
2.360000  ,15.273316 ,0.567760  ,7.999556  ,8.000000  ,0.014598  
2.380000  ,15.277169 ,0.403738  ,7.999598  ,8.000000  ,0.178664  
2.380000  ,15.366916 ,0.493484  ,7.999598  ,8.000000  ,0.090700  
2.400000  ,15.513370 ,0.473526  ,7.999635  ,8.000000  ,0.113272  
2.400000  ,15.563898 ,0.524055  ,7.999635  ,8.000000  ,0.063466  
2.420000  ,15.675806 ,0.471909  ,7.999669  ,8.000000  ,0.117196  
2.420000  ,15.737300 ,0.533403  ,7.999669  ,8.000000  ,0.056706  
2.440000  ,15.982531 ,0.617854  ,7.999700  ,8.000000  ,0.024810  
2.440000  ,15.924170 ,0.559494  ,7.999700  ,8.000000  ,0.032985  
2.460000  ,16.015112 ,0.493099  ,7.999727  ,8.000000  ,0.100255  
2.460000  ,16.050829 ,0.528816  ,7.999727  ,8.000000  ,0.064884  
2.480000  ,15.965768 ,0.289823  ,7.999753  ,8.000000  ,0.303045  
2.480000  ,16.210610 ,0.534664  ,7.999753  ,8.000000  ,0.060539  
2.500000  ,16.459830 ,0.633168  ,7.999776  ,8.000000  ,0.036199  
2.500000  ,16.346710 ,0.520048  ,7.999776  ,8.000000  ,0.076272  
2.520000  ,16.468646 ,0.494268  ,7.999797  ,8.000000  ,0.102749  
2.520000  ,16.252405 ,0.278027  ,7.999797  ,8.000000  ,0.317487  
2.540000  ,16.935183 ,0.816265  ,7.999815  ,8.000000  ,0.217285  
2.540000  ,16.681676 ,0.562759  ,7.999815  ,8.000000  ,0.035328  
2.560000  ,16.931107 ,0.670116  ,7.999833  ,8.000000  ,0.071142  
2.560000  ,17.018811 ,0.757820  ,7.999833  ,8.000000  ,0.158703  
2.580000  ,16.922177 ,0.520476  ,7.999848  ,8.000000  ,0.078483  
2.580000  ,17.066448 ,0.664747  ,7.999848  ,8.000000  ,0.065552  
2.600000  ,17.098680 ,0.556316  ,7.999862  ,8.000000  ,0.042998  
2.600000  ,17.207650 ,0.665285  ,7.999862  ,8.000000  ,0.065872  
2.620000  ,17.406244 ,0.721948  ,7.999875  ,8.000000  ,0.122362  
2.620000  ,17.412204 ,0.727908  ,7.999875  ,8.000000  ,0.128319  
2.640000  ,17.520297 ,0.692206  ,7.999887  ,8.000000  ,0.092539  
2.640000  ,17.568254 ,0.740162  ,7.999887  ,8.000000  ,0.140495  
2.660000  ,17.675920 ,0.701506  ,7.999897  ,8.000000  ,0.101840  
2.660000  ,17.615816 ,0.641401  ,7.999897  ,8.000000  ,0.041735  
2.680000  ,17.514124 ,0.389643  ,7.999907  ,8.000000  ,0.210024  
2.680000  ,17.807182 ,0.682701  ,7.999907  ,8.000000  ,0.083055  
2.700000  ,18.097127 ,0.818461  ,7.999915  ,8.000000  ,0.219066  
2.700000  ,18.048871 ,0.770205  ,7.999915  ,8.000000  ,0.170935  
2.720000  ,18.194627 ,0.757663  ,7.999923  ,8.000000  ,0.158849  
2.720000  ,18.200803 ,0.763839  ,7.999923  ,8.000000  ,0.165062  
2.740000  ,18.261078 ,0.661734  ,7.999930  ,8.000000  ,0.063317  
2.740000  ,18.185833 ,0.586490  ,7.999930  ,8.000000  ,0.012373  
2.760000  ,18.557565 ,0.791464  ,7.999937  ,8.000000  ,0.195291  
2.760000  ,18.523304 ,0.757203  ,7.999937  ,8.000000  ,0.160537  
2.780000  ,18.613706 ,0.676981  ,7.999943  ,8.000000  ,0.081634  
2.780000  ,18.524265 ,0.587539  ,7.999943  ,8.000000  ,0.009095  
2.800000  ,18.730207 ,0.619610  ,7.999948  ,7.979567  ,0.025633  
2.800000  ,18.786262 ,0.675665  ,7.999948  ,7.979567  ,0.082799  
2.820000  ,18.934522 ,0.647079  ,7.992932  ,7.834396  ,0.056839  
2.820000  ,18.836844 ,0.549401  ,7.992932  ,7.979567  ,0.042427  
2.840000  ,19.019293 ,0.553529  ,7.938360  ,7.834396  ,0.034450  
2.840000  ,19.092110 ,0.626345  ,7.938360  ,7.694283  ,0.039577  
2.860000  ,19.288132 ,0.643854  ,7.902573  ,7.694283  ,0.063593  
2.860000  ,19.238173 ,0.593895  ,7.902573  ,7.694283  ,0.012001  
2.880000  ,19.239544 ,0.417485  ,7.830875  ,7.694283  ,0.164266  
2.880000  ,19.359023 ,0.536963  ,7.830875  ,7.559918  ,0.041092  
2.900000  ,19.478950 ,0.480751  ,7.783856  ,7.559918  ,0.092358  
2.900000  ,19.728325 ,0.730127  ,7.783856  ,7.310827  ,0.167447  
2.920000  ,19.813082 ,0.640964  ,7.706772  ,7.310827  ,0.083450  
2.920000  ,19.813791 ,0.641672  ,7.706772  ,7.310827  ,0.084199  
2.940000  ,19.927866 ,0.586051  ,7.570478  ,7.197230  ,0.034650  
2.940000  ,19.741714 ,0.399899  ,7.570478  ,7.310827  ,0.161412  
2.960000  ,19.997406 ,0.490994  ,7.441997  ,7.197230  ,0.055188  
2.960000  ,20.179225 ,0.672813  ,7.441997  ,7.091667  ,0.138893  
2.980000  ,20.312428 ,0.646180  ,7.357742  ,6.994726  ,0.122360  
2.980000  ,20.139753 ,0.473505  ,7.357742  ,7.091667  ,0.063094  
3.000000  ,20.305575 ,0.484390  ,7.232784  ,6.994726  ,0.039250  
3.000000  ,20.371669 ,0.550484  ,7.232784  ,6.994726  ,0.033453  
3.020000  ,20.382275 ,0.410975  ,7.150839  ,6.994726  ,0.104156  
3.020000  ,20.576127 ,0.604827  ,7.150839  ,6.906950  ,0.108626  
3.040000  ,20.653076 ,0.535601  ,7.097101  ,6.906950  ,0.049741  
3.040000  ,20.474930 ,0.357455  ,7.097101  ,6.906950  ,0.149602  
3.060000  ,20.708296 ,0.447815  ,7.031646  ,6.828976  ,0.032045  
3.060000  ,20.746669 ,0.486188  ,7.031646  ,6.828976  ,0.011695  
3.080000  ,20.867285 ,0.466478  ,6.961882  ,6.828976  ,0.010473  
3.080000  ,20.857081 ,0.456274  ,6.961882  ,6.828976  ,0.001157  
3.100000  ,20.982947 ,0.443136  ,6.916133  ,6.761454  ,0.000000  
3.100000  ,21.061566 ,0.521754  ,6.916133  ,6.761454  ,0.096347  
3.120000  ,21.215584 ,0.536783  ,6.862889  ,6.705147  ,0.138968  
3.120000  ,21.046134 ,0.367333  ,6.862889  ,6.761454  ,0.058350  
3.140000  ,21.388193 ,0.568925  ,6.808590  ,6.660536  ,0.205254  
3.140000  ,21.188826 ,0.369558  ,6.808590  ,6.705147  ,0.030169  
3.160000  ,21.307627 ,0.345035  ,6.757626  ,6.660536  ,0.031409  
3.160000  ,21.318025 ,0.355433  ,6.757626  ,6.660536  ,0.018825  
3.180000  ,21.347979 ,0.237488  ,6.724206  ,6.660536  ,0.126178  
3.180000  ,21.610498 ,0.500007  ,6.724206  ,6.627419  ,0.191352  
3.200000  ,21.662674 ,0.398513  ,6.702289  ,6.627419  ,0.107953  
3.200000  ,21.661705 ,0.397543  ,6.702289  ,6.627419  ,0.106756  
3.220000  ,21.702661 ,0.278864  ,6.676517  ,6.604441  ,0.001557  
3.220000  ,21.854989 ,0.431192  ,6.676517  ,6.604441  ,0.193452  
3.240000  ,21.797831 ,0.208660  ,6.651707  ,6.604441  ,0.035858  
3.240000  ,22.107630 ,0.518459  ,6.651707  ,6.589444  ,0.356199  
3.260000  ,21.880360 ,0.120472  ,6.635436  ,6.589444  ,0.095836  
3.260000  ,22.034609 ,0.274721  ,6.635436  ,6.589444  ,0.102249  
3.280000  ,22.202632 ,0.267393  ,6.619605  ,6.580475  ,0.153960  
3.280000  ,22.013909 ,0.078670  ,6.619605  ,6.580475  ,0.092873  
3.300000  ,22.269071 ,0.154816  ,6.606135  ,6.576068  ,0.071682  
3.300000  ,22.451404 ,0.337148  ,6.606135  ,6.576068  ,0.314271  
3.320000  ,22.316796 ,0.020829  ,6.595785  ,6.576068  ,0.029259  
3.320000  ,22.481061 ,0.185093  ,6.595785  ,6.576068  ,0.189291  
3.340000  ,22.395808 ,-0.083698 ,6.588998  ,6.574684  ,0.093603  
3.340000  ,22.572301 ,0.092794  ,6.588998  ,6.574684  ,0.144915  
3.360000  ,22.379322 ,-0.284838 ,6.584071  ,6.574684  ,0.279128  
3.360000  ,22.735063 ,0.070903  ,6.584071  ,6.574684  ,0.199316  
3.380000  ,22.582210 ,-0.267187 ,6.580840  ,6.574684  ,0.169450  
3.380000  ,22.952896 ,0.103499  ,6.580840  ,6.574684  ,0.333878  
3.400000  ,22.912329 ,-0.122542 ,6.578721  ,6.574684  ,0.123138  
3.400000  ,23.074034 ,0.039163  ,6.578721  ,6.574684  ,0.347304  
3.420000  ,23.026624 ,-0.193715 ,6.577331  ,6.575162  ,0.123071  
3.420000  ,23.009873 ,-0.210465 ,6.577331  ,6.575162  ,0.099636  
3.440000  ,22.999477 ,-0.406111 ,6.576585  ,6.575162  ,0.063591  
3.440000  ,23.078876 ,-0.326712 ,6.576585  ,6.575162  ,0.047498  
3.460000  ,23.049291 ,-0.541133 ,6.576095  ,6.578082  ,0.144990  
3.460000  ,23.221823 ,-0.368602 ,6.576095  ,6.578082  ,0.097989  
3.480000  ,23.100311 ,-0.674291 ,6.576279  ,6.578082  ,0.214710  
3.480000  ,23.242611 ,-0.531990 ,6.576279  ,6.578082  ,0.014305  
3.500000  ,23.375724 ,-0.582083 ,6.576447  ,6.585202  ,0.033993  
3.500000  ,23.209090 ,-0.748717 ,6.576447  ,6.585202  ,0.201520  
3.520000  ,23.383802 ,-0.755919 ,6.577259  ,6.597629  ,0.090182  
3.520000  ,23.582474 ,-0.557246 ,6.577259  ,6.597629  ,0.190711  
3.540000  ,23.569009 ,-0.751087 ,6.579150  ,6.597629  ,0.047068  
3.540000  ,23.530294 ,-0.789802 ,6.579150  ,6.597629  ,0.007669  
3.560000  ,23.820070 ,-0.678744 ,6.580866  ,6.615490  ,0.278373  
3.560000  ,23.704210 ,-0.794603 ,6.580866  ,6.615490  ,0.115061  
3.580000  ,23.687907 ,-0.988046 ,6.584081  ,6.638691  ,0.025946  
3.580000  ,23.686051 ,-0.989901 ,6.584081  ,6.638691  ,0.028546  
3.600000  ,23.781280 ,-1.070565 ,6.589150  ,6.638691  ,0.001653  
3.600000  ,23.999818 ,-0.852027 ,6.589150  ,6.638691  ,0.304612  
3.620000  ,23.963629 ,-1.063391 ,6.593750  ,6.666964  ,0.146396  
3.620000  ,23.995602 ,-1.031419 ,6.593750  ,6.666964  ,0.190950  
3.640000  ,24.171134 ,-1.031062 ,6.600547  ,6.666964  ,0.334611  
3.640000  ,24.045467 ,-1.156729 ,6.600547  ,6.666964  ,0.159490  
3.660000  ,24.465602 ,-0.912593 ,6.606713  ,6.701211  ,0.643297  
3.660000  ,24.184840 ,-1.193355 ,6.606713  ,6.701211  ,0.252271  
3.680000  ,24.366002 ,-1.189842 ,6.615486  ,6.701211  ,0.402685  
3.680000  ,24.329700 ,-1.226144 ,6.615486  ,6.743029  ,0.353568  
3.700000  ,24.382491 ,-1.353280 ,6.623445  ,6.743029  ,0.321740  
3.700000  ,24.554706 ,-1.181066 ,6.623445  ,6.743029  ,0.562234  
3.720000  ,24.704809 ,-1.213440 ,6.634547  ,6.794164  ,0.664859  
3.720000  ,24.679226 ,-1.239023 ,6.634547  ,6.794164  ,0.629128  
3.740000  ,24.859360 ,-1.243941 ,6.649365  ,6.794164  ,0.772047  
3.740000  ,24.840947 ,-1.262354 ,6.649365  ,6.794164  ,0.746331  
3.760000  ,24.761366 ,-1.529155 ,6.662808  ,6.856821  ,0.525427  
3.760000  ,25.036541 ,-1.253980 ,6.662808  ,6.856821  ,0.908516  
3.780000  ,25.021344 ,-1.457773 ,6.680820  ,6.856821  ,0.779537  
3.780000  ,25.046614 ,-1.432503 ,6.680820  ,6.856821  ,0.814716  
3.800000  ,25.103157 ,-1.564759 ,6.697160  ,6.933504  ,0.785921  
3.800000  ,25.012685 ,-1.655230 ,6.697160  ,6.933504  ,0.660648  
3.820000  ,25.180697 ,-1.674733 ,6.719102  ,7.022561  ,0.788351  
3.820000  ,25.128739 ,-1.726691 ,6.719102  ,7.022561  ,0.716876  
3.840000  ,25.231563 ,-1.808477 ,6.747275  ,7.022561  ,0.761624  
3.840000  ,25.185419 ,-1.854621 ,6.747275  ,7.022561  ,0.698147  
3.860000  ,25.296448 ,-1.923411 ,6.772832  ,7.128861  ,0.756111  
3.860000  ,25.127768 ,-2.092090 ,6.772832  ,7.128861  ,0.525703  
3.880000  ,25.300624 ,-2.092402 ,6.805885  ,7.252516  ,0.672945  
3.880000  ,25.228507 ,-2.164520 ,6.805885  ,7.252516  ,0.575122  
3.900000  ,25.124046 ,-2.434124 ,6.847350  ,7.390546  ,0.352580  
3.900000  ,25.340958 ,-2.217211 ,6.847350  ,7.252516  ,0.648686  
3.920000  ,25.366015 ,-2.348021 ,6.897780  ,7.390546  ,0.607053  
3.920000  ,25.373476 ,-2.340559 ,6.897780  ,7.390546  ,0.617109  
3.940000  ,25.441737 ,-2.418050 ,6.943528  ,7.390546  ,0.642121  
3.940000  ,25.514389 ,-2.345398 ,6.943528  ,7.390546  ,0.740035  
3.960000  ,25.460263 ,-2.534793 ,6.985028  ,7.546274  ,0.603961  
3.960000  ,25.392061 ,-2.602995 ,6.985028  ,7.546274  ,0.512570  
3.980000  ,25.364865 ,-2.755249 ,7.037134  ,7.546274  ,0.420608  
3.980000  ,25.193904 ,-2.926209 ,7.037134  ,7.718580  ,0.191126  
4.000000  ,25.469482 ,-2.766229 ,7.084402  ,7.718580  ,0.508764  
4.000000  ,25.208323 ,-3.027388 ,7.084402  ,7.718580  ,0.160454  
4.020000  ,25.278241 ,-3.064798 ,7.143278  ,7.909346  ,0.206692  
4.020000  ,25.312436 ,-3.030603 ,7.143278  ,7.909346  ,0.252141  
4.040000  ,25.174700 ,-3.269105 ,7.214399  ,7.909346  ,0.026453  
4.040000  ,25.123572 ,-3.320233 ,7.214399  ,7.909346  ,0.041502  
4.060000  ,25.189400 ,-3.350533 ,7.278918  ,8.000000  ,0.005065  
4.060000  ,25.156281 ,-3.383652 ,7.278918  ,8.000000  ,0.038867  
4.080000  ,24.998267 ,-3.635271 ,7.345862  ,8.000000  ,0.287671  
4.080000  ,25.206657 ,-3.426881 ,7.345862  ,8.000000  ,0.011175  
4.100000  ,25.313240 ,-3.413654 ,7.406592  ,8.000000  ,0.091176  
4.100000  ,25.132164 ,-3.594730 ,7.406592  ,8.000000  ,0.149069  
4.120000  ,25.123204 ,-3.699109 ,7.461683  ,8.000000  ,0.200752  
4.120000  ,24.978098 ,-3.844216 ,7.461683  ,8.000000  ,0.392825  
4.140000  ,24.951505 ,-3.970633 ,7.511660  ,8.000000  ,0.470112  
4.140000  ,25.186584 ,-3.735555 ,7.511660  ,8.000000  ,0.158353  
4.160000  ,24.832633 ,-4.196027 ,7.556997  ,8.000000  ,0.672437  
4.160000  ,24.934902 ,-4.093758 ,7.556997  ,8.000000  ,0.536209  
4.180000  ,25.022328 ,-4.121394 ,7.598125  ,8.000000  ,0.469059  
4.180000  ,24.883575 ,-4.260147 ,7.598125  ,8.000000  ,0.653887  
4.200000  ,25.041705 ,-4.227021 ,7.635435  ,8.000000  ,0.496817  
4.200000  ,24.972728 ,-4.295997 ,7.635435  ,8.000000  ,0.587338  
4.220000  ,24.942117 ,-4.462680 ,7.669280  ,8.000000  ,0.688430  
4.220000  ,25.048616 ,-4.356181 ,7.669280  ,8.000000  ,0.545841  
4.240000  ,24.792479 ,-4.760229 ,7.699984  ,8.000000  ,0.954753  
4.240000  ,24.950822 ,-4.601886 ,7.699984  ,8.000000  ,0.741254  
4.260000  ,24.979687 ,-4.733133 ,7.727837  ,8.000000  ,0.776123  
4.260000  ,25.027026 ,-4.685794 ,7.727837  ,8.000000  ,0.712294  
4.280000  ,25.038314 ,-4.846748 ,7.753105  ,8.000000  ,0.776427  
4.280000  ,25.060173 ,-4.824889 ,7.753105  ,8.000000  ,0.746688  
4.300000  ,25.047308 ,-5.021626 ,7.776026  ,8.000000  ,0.850846  
4.300000  ,24.932480 ,-5.136454 ,7.776026  ,8.000000  ,1.008733  
4.320000  ,25.148417 ,-5.115106 ,7.796820  ,8.000000  ,0.813417  
4.320000  ,24.773103 ,-5.490419 ,7.796820  ,8.000000  ,1.326145  
4.340000  ,25.176319 ,-5.291212 ,7.815683  ,8.000000  ,0.880840  
4.340000  ,24.918078 ,-5.549454 ,7.815683  ,8.000000  ,1.239753  
4.360000  ,25.195972 ,-5.483345 ,7.832795  ,8.000000  ,0.968327  
4.360000  ,25.089173 ,-5.590144 ,7.832795  ,8.000000  ,1.117997  
4.380000  ,25.342501 ,-5.554431 ,7.848318  ,8.000000  ,0.894816  
4.380000  ,25.221684 ,-5.675248 ,7.848318  ,8.000000  ,1.064132  
4.400000  ,25.264301 ,-5.853863 ,7.862400  ,8.000000  ,1.138193  
4.400000  ,25.494607 ,-5.623557 ,7.862400  ,8.000000  ,0.813784  
4.420000  ,25.433074 ,-5.907514 ,7.875174  ,8.000000  ,1.039114  
4.420000  ,25.217043 ,-6.123545 ,7.875174  ,8.000000  ,1.344248  
4.440000  ,25.502739 ,-6.058893 ,7.886763  ,8.000000  ,1.089019  
4.440000  ,25.536660 ,-6.024972 ,7.886763  ,8.000000  ,1.041107  
4.460000  ,25.883455 ,-5.895186 ,7.897276  ,8.000000  ,0.695469  
4.460000  ,25.630076 ,-6.148565 ,7.897276  ,8.000000  ,1.053755  
4.480000  ,25.686291 ,-6.302840 ,7.906813  ,8.000000  ,1.117301  
4.480000  ,25.971676 ,-6.017454 ,7.906813  ,8.000000  ,0.717198  
4.500000  ,26.052377 ,-6.138301 ,7.915464  ,8.000000  ,0.744200  
4.500000  ,25.988695 ,-6.201982 ,7.915464  ,8.000000  ,0.834250  
4.520000  ,26.136002 ,-6.245260 ,7.923312  ,8.000000  ,0.761075  
4.520000  ,26.256332 ,-6.124930 ,7.923312  ,8.000000  ,0.591050  
4.540000  ,26.097167 ,-6.462242 ,7.930432  ,8.000000  ,0.947045  
4.540000  ,26.148831 ,-6.410578 ,7.930432  ,8.000000  ,0.874044  
4.560000  ,26.464574 ,-6.259620 ,7.936891  ,8.000000  ,0.548578  
4.560000  ,26.448691 ,-6.275503 ,7.936891  ,8.000000  ,0.570990  
4.580000  ,26.449456 ,-6.425865 ,7.942750  ,8.000000  ,0.683590  
4.580000  ,26.536834 ,-6.338487 ,7.942750  ,8.000000  ,0.560288  
4.600000  ,26.614845 ,-6.398300 ,7.948065  ,8.000000  ,0.553160  
4.600000  ,26.575354 ,-6.437791 ,7.948065  ,8.000000  ,0.608791  
4.620000  ,26.802206 ,-6.336462 ,7.952886  ,8.000000  ,0.385450  
4.620000  ,26.987732 ,-6.150936 ,7.952886  ,8.000000  ,0.124096  
4.640000  ,27.064553 ,-6.188934 ,7.957260  ,8.000000  ,0.103324  
4.640000  ,27.135689 ,-6.117798 ,7.957260  ,8.000000  ,0.003314  
4.660000  ,27.254834 ,-6.104889 ,7.961228  ,8.000000  ,0.081383  
4.660000  ,27.021237 ,-6.338486 ,7.961228  ,8.000000  ,0.247032  
4.680000  ,27.286542 ,-6.173394 ,7.964828  ,8.000000  ,0.049071  
4.680000  ,27.464273 ,-5.995663 ,7.964828  ,8.000000  ,0.298395  
4.700000  ,27.397650 ,-6.159382 ,7.968093  ,8.000000  ,0.128132  
4.700000  ,27.457118 ,-6.099914 ,7.968093  ,8.000000  ,0.211555  
