# laptime, ego_x_pos, ego_y_pos, actual speed, expected speed, tracking error
0.000000  ,-0.294392 ,-0.003796 ,7.987233  ,8.000000  ,0.104386  ,-0.026468 
0.000000  ,-0.294392 ,-0.003796 ,7.987233  ,8.000000  ,0.104386  ,0.024476  
0.020000  ,-0.143666 ,0.048971  ,7.982517  ,8.000000  ,0.000000  ,0.030430  
0.020000  ,-0.143666 ,0.048971  ,7.982517  ,8.000000  ,0.000000  ,-0.032704 
0.040000  ,0.007317  ,0.100996  ,7.986965  ,8.000000  ,0.073701  ,0.016862  
0.040000  ,0.007317  ,0.100996  ,7.986965  ,8.000000  ,0.073701  ,0.103049  
0.060000  ,0.158838  ,0.151656  ,7.989741  ,8.000000  ,0.018494  ,-0.098204 
0.060000  ,0.158838  ,0.151656  ,7.989741  ,8.000000  ,0.018494  ,0.068266  
0.080000  ,0.310732  ,0.200242  ,7.959468  ,8.000000  ,0.032198  ,0.018190  
0.080000  ,0.310732  ,0.200242  ,7.959468  ,8.000000  ,0.032198  ,0.006962  
0.100000  ,0.463216  ,0.246139  ,7.964920  ,8.000000  ,0.068972  ,0.008464  
0.100000  ,0.463216  ,0.246139  ,7.964920  ,8.000000  ,0.068972  ,-0.011729 
0.120000  ,0.616688  ,0.288969  ,7.968962  ,8.000000  ,0.102545  ,0.044129  
0.120000  ,0.616688  ,0.288969  ,7.968962  ,8.000000  ,0.102545  ,-0.022865 
0.140000  ,0.771208  ,0.328296  ,7.975941  ,8.000000  ,0.132353  ,-0.025350 
0.140000  ,0.771208  ,0.328296  ,7.975941  ,8.000000  ,0.132353  ,0.015287  
0.160000  ,0.926750  ,0.363651  ,7.975496  ,8.000000  ,0.156857  ,-0.038407 
0.160000  ,0.926750  ,0.363651  ,7.975496  ,8.000000  ,0.156857  ,0.005350  
0.180000  ,1.083118  ,0.394875  ,7.970710  ,8.000000  ,0.176362  ,0.003999  
0.180000  ,1.083118  ,0.394875  ,7.970710  ,8.000000  ,0.176362  ,-0.009986 
0.200000  ,1.240257  ,0.421866  ,7.973801  ,8.000000  ,0.190048  ,-0.011274 
0.200000  ,1.240257  ,0.421866  ,7.973801  ,8.000000  ,0.190048  ,-0.120418 
0.220000  ,1.398111  ,0.444624  ,7.975187  ,8.000000  ,0.199281  ,0.017325  
0.220000  ,1.398111  ,0.444624  ,7.975187  ,8.000000  ,0.199281  ,0.040555  
0.240000  ,1.556571  ,0.463144  ,7.979099  ,8.000000  ,0.203638  ,-0.019100 
0.240000  ,1.556571  ,0.463144  ,7.979099  ,8.000000  ,0.203638  ,-0.003101 
0.260000  ,1.715480  ,0.477762  ,7.979266  ,8.000000  ,0.203541  ,-0.033719 
0.260000  ,1.715480  ,0.477762  ,7.979266  ,8.000000  ,0.203541  ,-0.042752 
0.280000  ,1.874631  ,0.488827  ,7.974796  ,8.000000  ,0.199450  ,0.018576  
0.280000  ,1.874631  ,0.488827  ,7.974796  ,8.000000  ,0.199450  ,-0.054158 
0.300000  ,2.033969  ,0.496752  ,7.978860  ,8.000000  ,0.191731  ,-0.123622 
0.300000  ,2.033969  ,0.496752  ,7.978860  ,8.000000  ,0.191731  ,0.070475  
0.320000  ,2.193090  ,0.501879  ,7.943584  ,8.000000  ,0.181213  ,-0.011538 
0.320000  ,2.193090  ,0.501879  ,7.943584  ,8.000000  ,0.181213  ,0.034771  
0.340000  ,2.351980  ,0.504603  ,7.947750  ,8.000000  ,0.168198  ,0.049184  
0.340000  ,2.351980  ,0.504603  ,7.947750  ,8.000000  ,0.168198  ,0.004068  
0.360000  ,2.511027  ,0.505540  ,7.957167  ,8.000000  ,0.153328  ,-0.013457 
0.360000  ,2.511027  ,0.505540  ,7.957167  ,8.000000  ,0.153328  ,0.011842  
0.380000  ,2.670196  ,0.504902  ,7.959894  ,8.000000  ,0.136885  ,-0.042579 
0.380000  ,2.670196  ,0.504902  ,7.959894  ,8.000000  ,0.136885  ,0.000422  
0.400000  ,2.829377  ,0.503350  ,7.959043  ,8.000000  ,0.119898  ,-0.042467 
0.400000  ,2.829377  ,0.503350  ,7.959043  ,8.000000  ,0.119898  ,0.018135  
0.420000  ,2.988539  ,0.501319  ,7.958523  ,8.000000  ,0.102493  ,-0.027907 
0.420000  ,2.988539  ,0.501319  ,7.958523  ,8.000000  ,0.102493  ,0.084845  
0.440000  ,3.147709  ,0.499207  ,7.959783  ,8.000000  ,0.085256  ,-0.039454 
0.440000  ,3.147709  ,0.499207  ,7.959783  ,8.000000  ,0.085256  ,-0.125752 
0.460000  ,3.306894  ,0.497369  ,7.959854  ,8.000000  ,0.068593  ,-0.109352 
0.460000  ,3.306894  ,0.497369  ,7.959854  ,8.000000  ,0.068593  ,-0.089271 
0.480000  ,3.465834  ,0.495883  ,7.936031  ,8.000000  ,0.053091  ,-0.062769 
0.480000  ,3.465834  ,0.495883  ,7.936031  ,8.000000  ,0.053091  ,0.007896  
0.500000  ,3.624553  ,0.495004  ,7.936143  ,8.000000  ,0.038463  ,-0.065070 
0.500000  ,3.624553  ,0.495004  ,7.936143  ,8.000000  ,0.038463  ,0.055287  
0.520000  ,3.783271  ,0.494932  ,7.935725  ,8.000000  ,0.025147  ,0.011488  
0.520000  ,3.783271  ,0.494932  ,7.935725  ,8.000000  ,0.025147  ,0.081293  
0.540000  ,3.942054  ,0.495796  ,7.942759  ,8.000000  ,0.013318  ,0.032544  
0.540000  ,3.942054  ,0.495796  ,7.942759  ,8.000000  ,0.013318  ,-0.007427 
0.560000  ,4.100982  ,0.497675  ,7.951094  ,8.000000  ,0.003098  ,0.027655  
0.560000  ,4.100982  ,0.497675  ,7.951094  ,8.000000  ,0.003098  ,0.089595  
0.580000  ,4.260052  ,0.500448  ,7.958202  ,8.000000  ,0.004864  ,0.055614  
0.580000  ,4.260052  ,0.500448  ,7.958202  ,8.000000  ,0.004864  ,0.027703  
0.600000  ,4.419269  ,0.503958  ,7.967246  ,8.000000  ,0.011763  ,-0.004123 
0.600000  ,4.419269  ,0.503958  ,7.967246  ,8.000000  ,0.011763  ,-0.017397 
0.620000  ,4.578586  ,0.508131  ,7.969904  ,8.000000  ,0.017214  ,-0.076653 
0.620000  ,4.578586  ,0.508131  ,7.969904  ,8.000000  ,0.017214  ,0.024091  
0.640000  ,4.737745  ,0.512843  ,7.953878  ,8.000000  ,0.021286  ,0.000488  
0.640000  ,4.737745  ,0.512843  ,7.953878  ,8.000000  ,0.021286  ,0.144120  
0.660000  ,4.896784  ,0.517958  ,7.958205  ,8.000000  ,0.024076  ,0.109116  
0.660000  ,4.896784  ,0.517958  ,7.958205  ,8.000000  ,0.024076  ,-0.064983 
0.680000  ,5.055999  ,0.523344  ,7.972215  ,8.000000  ,0.024740  ,0.027792  
0.680000  ,5.055999  ,0.523344  ,7.972215  ,8.000000  ,0.024740  ,-0.041297 
0.700000  ,5.215400  ,0.528855  ,7.977375  ,8.000000  ,0.024874  ,0.049068  
0.700000  ,5.215400  ,0.528855  ,7.977375  ,8.000000  ,0.024874  ,-0.038456 
0.720000  ,5.374921  ,0.534349  ,7.984031  ,8.000000  ,0.024005  ,0.035615  
0.720000  ,5.374921  ,0.534349  ,7.984031  ,8.000000  ,0.024005  ,-0.055595 
0.740000  ,5.534560  ,0.539696  ,7.988820  ,8.000000  ,0.022227  ,-0.028051 
0.740000  ,5.534560  ,0.539696  ,7.988820  ,8.000000  ,0.022227  ,-0.033064 
0.760000  ,5.694195  ,0.544777  ,7.983013  ,8.000000  ,0.019623  ,-0.018901 
0.760000  ,5.694195  ,0.544777  ,7.983013  ,8.000000  ,0.019623  ,-0.046270 
0.780000  ,5.853778  ,0.549492  ,7.982354  ,8.000000  ,0.015142  ,-0.101669 
0.780000  ,5.853778  ,0.549492  ,7.982354  ,8.000000  ,0.015142  ,0.078811  
0.800000  ,6.013064  ,0.553744  ,7.953431  ,8.000000  ,0.010648  ,0.035983  
0.800000  ,6.013064  ,0.553744  ,7.953431  ,8.000000  ,0.010648  ,-0.053723 
0.820000  ,6.172167  ,0.557461  ,7.961095  ,8.000000  ,0.000000  ,0.035744  
0.820000  ,6.172167  ,0.557461  ,7.961095  ,8.000000  ,0.000000  ,0.002718  
0.840000  ,6.331428  ,0.560584  ,7.968025  ,8.000000  ,0.000265  ,0.067029  
0.840000  ,6.331428  ,0.560584  ,7.968025  ,8.000000  ,0.000265  ,0.012167  
0.860000  ,6.490862  ,0.563062  ,7.977217  ,8.000000  ,0.006630  ,0.012747  
0.860000  ,6.490862  ,0.563062  ,7.977217  ,8.000000  ,0.006630  ,-0.039716 
0.880000  ,6.650430  ,0.564831  ,7.980515  ,8.000000  ,0.014828  ,0.057796  
0.880000  ,6.650430  ,0.564831  ,7.980515  ,8.000000  ,0.014828  ,-0.011072 
0.900000  ,6.810111  ,0.565597  ,7.987690  ,8.000000  ,0.022515  ,-0.024015 
0.900000  ,6.810111  ,0.565597  ,7.987690  ,8.000000  ,0.022515  ,0.037733  
0.920000  ,6.969822  ,0.565278  ,7.983661  ,8.000000  ,0.030431  ,-0.002922 
0.920000  ,6.969822  ,0.565278  ,7.983661  ,8.000000  ,0.030431  ,0.006577  
0.940000  ,7.129500  ,0.563774  ,7.984907  ,8.000000  ,0.038489  ,-0.069793 
0.940000  ,7.129500  ,0.563774  ,7.984907  ,8.000000  ,0.038489  ,0.026671  
0.960000  ,7.288975  ,0.560966  ,7.966078  ,8.000000  ,0.046566  ,0.009139  
0.960000  ,7.288975  ,0.560966  ,7.966078  ,8.000000  ,0.046566  ,-0.003412 
0.980000  ,7.448280  ,0.556717  ,7.970075  ,8.000000  ,0.055928  ,0.003354  
0.980000  ,7.448280  ,0.556717  ,7.970075  ,8.000000  ,0.055928  ,0.009506  
1.000000  ,7.607605  ,0.550886  ,7.973165  ,8.000000  ,0.064165  ,-0.027412 
1.000000  ,7.607605  ,0.550886  ,7.973165  ,8.000000  ,0.064165  ,-0.007543 
1.020000  ,7.766887  ,0.543346  ,7.972966  ,8.000000  ,0.072058  ,-0.063764 
1.020000  ,7.766887  ,0.543346  ,7.972966  ,8.000000  ,0.072058  ,0.021847  
1.040000  ,7.925938  ,0.533990  ,7.960323  ,8.000000  ,0.079485  ,-0.054701 
1.040000  ,7.925938  ,0.533990  ,7.960323  ,8.000000  ,0.079485  ,-0.085994 
1.060000  ,8.084689  ,0.522715  ,7.955151  ,8.000000  ,0.086338  ,-0.051246 
1.060000  ,8.084689  ,0.522715  ,7.955151  ,8.000000  ,0.086338  ,-0.033804 
1.080000  ,8.243210  ,0.509414  ,7.952949  ,8.000000  ,0.094081  ,-0.020730 
1.080000  ,8.243210  ,0.509414  ,7.952949  ,8.000000  ,0.094081  ,0.082205  
1.100000  ,8.401544  ,0.493997  ,7.955393  ,8.000000  ,0.100071  ,-0.062856 
1.100000  ,8.401544  ,0.493997  ,7.955393  ,8.000000  ,0.100071  ,0.034424  
1.120000  ,8.559608  ,0.476403  ,7.949111  ,8.000000  ,0.105276  ,-0.027059 
1.120000  ,8.559608  ,0.476403  ,7.949111  ,8.000000  ,0.105276  ,0.015128  
1.140000  ,8.717371  ,0.456575  ,7.951324  ,8.000000  ,0.109645  ,0.012276  
1.140000  ,8.717371  ,0.456575  ,7.951324  ,8.000000  ,0.109645  ,0.047676  
1.160000  ,8.874908  ,0.434458  ,7.956982  ,8.000000  ,0.113142  ,0.055976  
1.160000  ,8.874908  ,0.434458  ,7.956982  ,8.000000  ,0.113142  ,0.028693  
1.180000  ,9.032252  ,0.410015  ,7.966173  ,8.000000  ,0.117440  ,0.035428  
1.180000  ,9.032252  ,0.410015  ,7.966173  ,8.000000  ,0.117440  ,0.051912  
1.200000  ,9.189373  ,0.383234  ,7.972602  ,8.000000  ,0.119653  ,-0.045866 
1.200000  ,9.189373  ,0.383234  ,7.972602  ,8.000000  ,0.119653  ,0.152167  
1.220000  ,9.346080  ,0.354143  ,7.966245  ,8.000000  ,0.120951  ,0.045109  
1.220000  ,9.346080  ,0.354143  ,7.966245  ,8.000000  ,0.120951  ,0.080132  
1.240000  ,9.502353  ,0.322738  ,7.973567  ,8.000000  ,0.121323  ,-0.127355 
1.240000  ,9.502353  ,0.322738  ,7.973567  ,8.000000  ,0.121323  ,0.096362  
1.260000  ,9.657857  ,0.289084  ,7.938827  ,8.000000  ,0.122010  ,0.056155  
1.260000  ,9.657857  ,0.289084  ,7.938827  ,8.000000  ,0.122010  ,0.014349  
1.280000  ,9.812628  ,0.253162  ,7.949720  ,8.000000  ,0.120970  ,0.017243  
1.280000  ,9.812628  ,0.253162  ,7.949720  ,8.000000  ,0.120970  ,-0.068954 
1.300000  ,9.967057  ,0.215072  ,7.955989  ,7.952409  ,0.119158  ,0.033464  
1.300000  ,9.967057  ,0.215072  ,7.955989  ,7.952409  ,0.119158  ,0.006730  
1.320000  ,10.121062 ,0.174945  ,7.958763  ,7.889594  ,0.116721  ,-0.082284 
1.320000  ,10.121062 ,0.174945  ,7.958763  ,7.889594  ,0.116721  ,0.034317  
1.340000  ,10.274047 ,0.133021  ,7.906629  ,7.826314  ,0.113791  ,-0.067220 
1.340000  ,10.274047 ,0.133021  ,7.906629  ,7.826314  ,0.113791  ,0.107749  
1.360000  ,10.425523 ,0.089526  ,7.855844  ,7.826314  ,0.112204  ,-0.018113 
1.360000  ,10.425523 ,0.089526  ,7.855844  ,7.826314  ,0.112204  ,-0.020996 
1.380000  ,10.575843 ,0.044413  ,7.839444  ,7.762534  ,0.109315  ,0.058587  
1.380000  ,10.575843 ,0.044413  ,7.839444  ,7.762534  ,0.109315  ,-0.123983 
1.400000  ,10.725415 ,-0.002382 ,7.833137  ,7.698239  ,0.106233  ,-0.055453 
1.400000  ,10.725415 ,-0.002382 ,7.833137  ,7.698239  ,0.106233  ,0.058806  
1.420000  ,10.873744 ,-0.050610 ,7.767614  ,7.633426  ,0.103069  ,0.019175  
1.420000  ,10.873744 ,-0.050610 ,7.767614  ,7.633426  ,0.103069  ,0.001789  
1.440000  ,11.020559 ,-0.100109 ,7.728024  ,7.568103  ,0.099891  ,0.049759  
1.440000  ,11.020559 ,-0.100109 ,7.728024  ,7.568103  ,0.099891  ,0.046417  
1.460000  ,11.166109 ,-0.150910 ,7.690103  ,7.568103  ,0.099071  ,0.043830  
1.460000  ,11.166109 ,-0.150910 ,7.690103  ,7.568103  ,0.099071  ,-0.061860 
1.480000  ,11.310516 ,-0.203012 ,7.663196  ,7.502290  ,0.096775  ,-0.066730 
1.480000  ,11.310516 ,-0.203012 ,7.663196  ,7.502290  ,0.096775  ,-0.060270 
1.500000  ,11.453371 ,-0.256208 ,7.584838  ,7.436025  ,0.094589  ,0.049549  
1.500000  ,11.453371 ,-0.256208 ,7.584838  ,7.436025  ,0.094589  ,-0.117232 
1.520000  ,11.594589 ,-0.310615 ,7.550669  ,7.369377  ,0.092333  ,-0.031020 
1.520000  ,11.594589 ,-0.310615 ,7.550669  ,7.369377  ,0.092333  ,-0.005200 
1.540000  ,11.734102 ,-0.366374 ,7.477586  ,7.369377  ,0.092136  ,-0.107916 
1.540000  ,11.734102 ,-0.366374 ,7.477586  ,7.369377  ,0.092136  ,0.024976  
1.560000  ,11.871519 ,-0.423368 ,7.403190  ,7.302453  ,0.090117  ,0.112683  
1.560000  ,11.871519 ,-0.423368 ,7.403190  ,7.302453  ,0.090117  ,0.102026  
1.580000  ,12.007559 ,-0.481843 ,7.404299  ,7.235408  ,0.087758  ,0.050608  
1.580000  ,12.007559 ,-0.481843 ,7.404299  ,7.235408  ,0.087758  ,0.042469  
1.600000  ,12.142481 ,-0.541829 ,7.363583  ,7.235408  ,0.086777  ,-0.013852 
1.600000  ,12.142481 ,-0.541829 ,7.363583  ,7.235408  ,0.086777  ,-0.037865 
1.620000  ,12.275815 ,-0.603144 ,7.314694  ,7.168452  ,0.084702  ,0.013600  
1.620000  ,12.275815 ,-0.603144 ,7.314694  ,7.168452  ,0.084702  ,0.000771  
1.640000  ,12.407498 ,-0.665759 ,7.269035  ,7.101858  ,0.082266  ,0.013644  
1.640000  ,12.407498 ,-0.665759 ,7.269035  ,7.101858  ,0.082266  ,0.020719  
1.660000  ,12.537479 ,-0.729626 ,7.216185  ,7.035971  ,0.079444  ,-0.106471 
1.660000  ,12.537479 ,-0.729626 ,7.216185  ,7.035971  ,0.079444  ,-0.042702 
1.680000  ,12.665262 ,-0.794447 ,7.117502  ,7.035971  ,0.078328  ,-0.067752 
1.680000  ,12.665262 ,-0.794447 ,7.117502  ,7.035971  ,0.078328  ,-0.033522 
1.700000  ,12.790891 ,-0.860226 ,7.066115  ,6.971217  ,0.075695  ,0.010546  
1.700000  ,12.790891 ,-0.860226 ,7.066115  ,6.971217  ,0.075695  ,0.107644  
1.720000  ,12.914946 ,-0.927277 ,7.037079  ,6.908125  ,0.072580  ,-0.031005 
1.720000  ,12.914946 ,-0.927277 ,7.037079  ,6.908125  ,0.072580  ,0.050113  
1.740000  ,13.037369 ,-0.995525 ,6.982017  ,6.908125  ,0.070793  ,0.085410  
1.740000  ,13.037369 ,-0.995525 ,6.982017  ,6.908125  ,0.070793  ,0.016367  
1.760000  ,13.158458 ,-1.065092 ,6.983087  ,6.847325  ,0.067845  ,0.056313  
1.760000  ,13.158458 ,-1.065092 ,6.983087  ,6.847325  ,0.067845  ,-0.066495 
1.780000  ,13.278431 ,-1.136023 ,6.955739  ,6.789478  ,0.064516  ,-0.044846 
1.780000  ,13.278431 ,-1.136023 ,6.955739  ,6.789478  ,0.064516  ,-0.028395 
1.800000  ,13.396682 ,-1.207838 ,6.883071  ,6.735191  ,0.060878  ,0.008862  
1.800000  ,13.396682 ,-1.207838 ,6.883071  ,6.735191  ,0.060878  ,0.018604  
1.820000  ,13.513090 ,-1.280371 ,6.835217  ,6.735191  ,0.059894  ,0.039643  
1.820000  ,13.513090 ,-1.280371 ,6.835217  ,6.735191  ,0.059894  ,-0.027613 
1.840000  ,13.628109 ,-1.353848 ,6.814432  ,6.684994  ,0.057073  ,0.012497  
1.840000  ,13.628109 ,-1.353848 ,6.814432  ,6.684994  ,0.057073  ,-0.002816 
1.860000  ,13.741800 ,-1.428236 ,6.774178  ,6.639334  ,0.054076  ,-0.026357 
1.860000  ,13.741800 ,-1.428236 ,6.774178  ,6.639334  ,0.054076  ,0.093164  
1.880000  ,13.853900 ,-1.503278 ,6.718689  ,6.639334  ,0.054091  ,0.012049  
1.880000  ,13.853900 ,-1.503278 ,6.718689  ,6.639334  ,0.054091  ,-0.020277 
1.900000  ,13.964587 ,-1.579033 ,6.695521  ,6.598564  ,0.052448  ,0.042656  
1.900000  ,13.964587 ,-1.579033 ,6.695521  ,6.598564  ,0.052448  ,0.026735  
1.920000  ,14.074077 ,-1.655788 ,6.676829  ,6.562931  ,0.050631  ,-0.008915 
1.920000  ,14.074077 ,-1.655788 ,6.676829  ,6.562931  ,0.050631  ,-0.015991 
1.940000  ,14.182122 ,-1.733501 ,6.634554  ,6.562931  ,0.052147  ,0.031998  
1.940000  ,14.182122 ,-1.733501 ,6.634554  ,6.562931  ,0.052147  ,-0.152391 
1.960000  ,14.288776 ,-1.812201 ,6.620914  ,6.532558  ,0.051650  ,-0.050766 
1.960000  ,14.288776 ,-1.812201 ,6.620914  ,6.532558  ,0.051650  ,-0.039810 
1.980000  ,14.393936 ,-1.891840 ,6.573025  ,6.507433  ,0.050904  ,-0.060723 
1.980000  ,14.393936 ,-1.891840 ,6.573025  ,6.507433  ,0.050904  ,-0.042082 
2.000000  ,14.497335 ,-1.972276 ,6.529544  ,6.507433  ,0.054238  ,-0.028973 
2.000000  ,14.497335 ,-1.972276 ,6.529544  ,6.507433  ,0.054238  ,-0.009094 
2.020000  ,14.599160 ,-2.053745 ,6.511960  ,6.487378  ,0.055048  ,0.026308  
2.020000  ,14.599160 ,-2.053745 ,6.511960  ,6.487378  ,0.055048  ,0.041637  
2.040000  ,14.699667 ,-2.136574 ,6.512120  ,6.472041  ,0.055443  ,0.052434  
2.040000  ,14.699667 ,-2.136574 ,6.512120  ,6.472041  ,0.055443  ,-0.061006 
2.060000  ,14.798773 ,-2.221095 ,6.513267  ,6.472041  ,0.060733  ,-0.027314 
2.060000  ,14.798773 ,-2.221095 ,6.513267  ,6.472041  ,0.060733  ,-0.029286 
2.080000  ,14.896210 ,-2.307176 ,6.489674  ,6.460940  ,0.062448  ,-0.059664 
2.080000  ,14.896210 ,-2.307176 ,6.489674  ,6.460940  ,0.062448  ,-0.023427 
2.100000  ,14.991663 ,-2.394649 ,6.459245  ,6.460940  ,0.067468  ,0.075468  
2.100000  ,14.991663 ,-2.394649 ,6.459245  ,6.460940  ,0.067468  ,0.046471  
2.120000  ,15.085265 ,-2.483788 ,6.466409  ,6.453522  ,0.070660  ,-0.035051 
2.120000  ,15.085265 ,-2.483788 ,6.466409  ,6.453522  ,0.070660  ,-0.018667 
2.140000  ,15.176990 ,-2.574710 ,6.449908  ,6.449157  ,0.073130  ,-0.031875 
2.140000  ,15.176990 ,-2.574710 ,6.449908  ,6.449157  ,0.073130  ,-0.057648 
2.160000  ,15.266493 ,-2.667438 ,6.438677  ,6.449157  ,0.080038  ,-0.014860 
2.160000  ,15.266493 ,-2.667438 ,6.438677  ,6.449157  ,0.080038  ,0.018487  
2.180000  ,15.353768 ,-2.762100 ,6.437169  ,6.447123  ,0.083936  ,0.016788  
2.180000  ,15.353768 ,-2.762100 ,6.437169  ,6.447123  ,0.083936  ,0.086403  
2.200000  ,15.438774 ,-2.858818 ,6.439652  ,6.446585  ,0.086984  ,-0.032147 
2.200000  ,15.438774 ,-2.858818 ,6.439652  ,6.446585  ,0.086984  ,-0.012299 
2.220000  ,15.521225 ,-2.957636 ,6.430973  ,6.446585  ,0.095564  ,0.018860  
2.220000  ,15.521225 ,-2.957636 ,6.430973  ,6.446585  ,0.095564  ,0.062071  
2.240000  ,15.601123 ,-3.058467 ,6.434173  ,6.446585  ,0.099922  ,0.003809  
2.240000  ,15.601123 ,-3.058467 ,6.434173  ,6.446585  ,0.099922  ,0.053991  
2.260000  ,15.678394 ,-3.161382 ,6.435679  ,6.446585  ,0.103325  ,0.045344  
2.260000  ,15.678394 ,-3.161382 ,6.435679  ,6.446585  ,0.103325  ,-0.032398 
2.280000  ,15.752952 ,-3.266363 ,6.440901  ,6.446585  ,0.112383  ,0.013551  
2.280000  ,15.752952 ,-3.266363 ,6.440901  ,6.446585  ,0.112383  ,-0.066860 
2.300000  ,15.824831 ,-3.373280 ,6.442687  ,6.447112  ,0.116396  ,-0.007811 
2.300000  ,15.824831 ,-3.373280 ,6.442687  ,6.447112  ,0.116396  ,0.029976  
2.320000  ,15.893802 ,-3.482101 ,6.441522  ,6.447112  ,0.123572  ,0.046329  
2.320000  ,15.893802 ,-3.482101 ,6.441522  ,6.447112  ,0.123572  ,0.018755  
2.340000  ,15.959837 ,-3.592773 ,6.446342  ,6.449264  ,0.127534  ,-0.000564 
2.340000  ,15.959837 ,-3.592773 ,6.446342  ,6.449264  ,0.127534  ,-0.085316 
2.360000  ,16.023022 ,-3.705154 ,6.446561  ,6.454146  ,0.130220  ,0.008036  
2.360000  ,16.023022 ,-3.705154 ,6.446561  ,6.454146  ,0.130220  ,0.041986  
2.380000  ,16.083305 ,-3.819137 ,6.448011  ,6.454146  ,0.136394  ,-0.043189 
2.380000  ,16.083305 ,-3.819137 ,6.448011  ,6.454146  ,0.136394  ,-0.003053 
2.400000  ,16.140607 ,-3.934513 ,6.435256  ,6.462850  ,0.138768  ,0.016635  
2.400000  ,16.140607 ,-3.934513 ,6.435256  ,6.462850  ,0.138768  ,-0.046594 
2.420000  ,16.194931 ,-4.051234 ,6.439362  ,6.476401  ,0.139764  ,-0.020396 
2.420000  ,16.194931 ,-4.051234 ,6.439362  ,6.476401  ,0.139764  ,0.087890  
2.440000  ,16.246325 ,-4.169335 ,6.440907  ,6.476401  ,0.144342  ,-0.080555 
2.440000  ,16.246325 ,-4.169335 ,6.440907  ,6.476401  ,0.144342  ,0.017742  
2.460000  ,16.294711 ,-4.288542 ,6.425396  ,6.495685  ,0.144597  ,0.032707  
2.460000  ,16.294711 ,-4.288542 ,6.425396  ,6.495685  ,0.144597  ,0.019431  
2.480000  ,16.340114 ,-4.408862 ,6.434958  ,6.495685  ,0.146553  ,0.004227  
2.480000  ,16.340114 ,-4.408862 ,6.434958  ,6.495685  ,0.146553  ,-0.071441 
2.500000  ,16.382605 ,-4.530405 ,6.440988  ,6.521445  ,0.145772  ,0.045506  
2.500000  ,16.382605 ,-4.530405 ,6.440988  ,6.521445  ,0.145772  ,-0.024094 
2.520000  ,16.422199 ,-4.653111 ,6.452683  ,6.554296  ,0.143461  ,-0.018008 
2.520000  ,16.422199 ,-4.653111 ,6.452683  ,6.554296  ,0.143461  ,0.032840  
2.540000  ,16.458939 ,-4.776903 ,6.460444  ,6.554296  ,0.142991  ,-0.035296 
2.540000  ,16.458939 ,-4.776903 ,6.460444  ,6.554296  ,0.142991  ,-0.040427 
2.560000  ,16.493078 ,-4.901575 ,6.465881  ,6.594732  ,0.139657  ,0.038970  
2.560000  ,16.493078 ,-4.901575 ,6.465881  ,6.594732  ,0.139657  ,0.078423  
2.580000  ,16.524701 ,-5.027127 ,6.481461  ,6.643137  ,0.135141  ,0.008796  
2.580000  ,16.524701 ,-5.027127 ,6.481461  ,6.643137  ,0.135141  ,0.066220  
2.600000  ,16.553916 ,-5.153583 ,6.497288  ,6.643137  ,0.132746  ,0.055557  
2.600000  ,16.553916 ,-5.153583 ,6.497288  ,6.643137  ,0.132746  ,0.011882  
2.620000  ,16.580836 ,-5.280902 ,6.515986  ,6.699789  ,0.127467  ,-0.017550 
2.620000  ,16.580836 ,-5.280902 ,6.515986  ,6.699789  ,0.127467  ,-0.056591 
2.640000  ,16.605723 ,-5.408981 ,6.531421  ,6.764857  ,0.121404  ,0.036252  
2.640000  ,16.605723 ,-5.408981 ,6.531421  ,6.764857  ,0.121404  ,-0.061320 
2.660000  ,16.628856 ,-5.537801 ,6.556458  ,6.764857  ,0.117730  ,0.028322  
2.660000  ,16.628856 ,-5.537801 ,6.556458  ,6.764857  ,0.117730  ,-0.068539 
2.680000  ,16.650399 ,-5.667374 ,6.578435  ,6.838369  ,0.111766  ,0.002247  
2.680000  ,16.650399 ,-5.667374 ,6.578435  ,6.838369  ,0.111766  ,0.051389  
2.700000  ,16.670520 ,-5.797643 ,6.602776  ,6.838369  ,0.107118  ,-0.013995 
2.700000  ,16.670520 ,-5.797643 ,6.602776  ,6.838369  ,0.107118  ,0.008959  
2.720000  ,16.689385 ,-5.928554 ,6.623349  ,6.920189  ,0.101558  ,0.063661  
2.720000  ,16.689385 ,-5.928554 ,6.623349  ,6.920189  ,0.101558  ,0.038664  
2.740000  ,16.707163 ,-6.060164 ,6.656817  ,7.010084  ,0.095862  ,0.058432  
2.740000  ,16.707163 ,-6.060164 ,6.656817  ,7.010084  ,0.095862  ,0.048075  
2.760000  ,16.724018 ,-6.192619 ,6.695039  ,7.010084  ,0.091484  ,-0.004612 
2.760000  ,16.724018 ,-6.192619 ,6.695039  ,7.010084  ,0.091484  ,-0.043786 
2.780000  ,16.740064 ,-6.325849 ,6.723859  ,7.107788  ,0.086499  ,-0.072573 
2.780000  ,16.740064 ,-6.325849 ,6.723859  ,7.107788  ,0.086499  ,0.015354  
2.800000  ,16.755393 ,-6.459744 ,6.752765  ,7.213021  ,0.081585  ,-0.047853 
2.800000  ,16.755393 ,-6.459744 ,6.752765  ,7.213021  ,0.081585  ,0.050225  
2.820000  ,16.770095 ,-6.594386 ,6.791052  ,7.213021  ,0.077702  ,-0.013922 
2.820000  ,16.770095 ,-6.594386 ,6.791052  ,7.213021  ,0.077702  ,-0.012224 
2.840000  ,16.784245 ,-6.729853 ,6.828935  ,7.325473  ,0.073414  ,-0.041634 
2.840000  ,16.784245 ,-6.729853 ,6.828935  ,7.325473  ,0.073414  ,-0.110400 
2.860000  ,16.797894 ,-6.866178 ,6.871168  ,7.444799  ,0.069176  ,0.010144  
2.860000  ,16.797894 ,-6.866178 ,6.871168  ,7.444799  ,0.069176  ,0.010772  
2.880000  ,16.811096 ,-7.003517 ,6.925365  ,7.570609  ,0.065021  ,-0.006032 
2.880000  ,16.811096 ,-7.003517 ,6.925365  ,7.570609  ,0.065021  ,0.036179  
2.900000  ,16.823897 ,-7.142034 ,6.984709  ,7.570609  ,0.061379  ,0.008764  
2.900000  ,16.823897 ,-7.142034 ,6.984709  ,7.570609  ,0.061379  ,-0.064991 
2.920000  ,16.836317 ,-7.281736 ,7.039917  ,7.702456  ,0.057177  ,-0.106670 
2.920000  ,16.836317 ,-7.281736 ,7.039917  ,7.702456  ,0.057177  ,0.029970  
2.940000  ,16.848364 ,-7.422543 ,7.091523  ,7.839837  ,0.052832  ,-0.008639 
2.940000  ,16.848364 ,-7.422543 ,7.091523  ,7.839837  ,0.052832  ,-0.002720 
2.960000  ,16.860082 ,-7.564585 ,7.160194  ,7.839837  ,0.048190  ,-0.006650 
2.960000  ,16.860082 ,-7.564585 ,7.160194  ,7.839837  ,0.048190  ,0.130670  
2.980000  ,16.871719 ,-7.707950 ,7.222674  ,7.982220  ,0.043303  ,-0.059292 
2.980000  ,16.871719 ,-7.707950 ,7.222674  ,7.982220  ,0.043303  ,-0.037211 
3.000000  ,16.883331 ,-7.852596 ,7.287685  ,8.000000  ,0.038228  ,-0.053745 
3.000000  ,16.883331 ,-7.852596 ,7.287685  ,8.000000  ,0.038228  ,-0.011562 
3.020000  ,16.894989 ,-7.998504 ,7.348826  ,8.000000  ,0.032935  ,0.063413  
3.020000  ,16.894989 ,-7.998504 ,7.348826  ,8.000000  ,0.032935  ,0.009754  
3.040000  ,16.906777 ,-8.145681 ,7.415167  ,8.000000  ,0.026531  ,-0.039384 
3.040000  ,16.906777 ,-8.145681 ,7.415167  ,8.000000  ,0.026531  ,0.002484  
3.060000  ,16.918775 ,-8.294012 ,7.465806  ,8.000000  ,0.020194  ,0.093429  
3.060000  ,16.918775 ,-8.294012 ,7.465806  ,8.000000  ,0.020194  ,-0.046560 
3.080000  ,16.931060 ,-8.443414 ,7.524074  ,8.000000  ,0.013492  ,0.006490  
3.080000  ,16.931060 ,-8.443414 ,7.524074  ,8.000000  ,0.013492  ,0.063651  
3.100000  ,16.943702 ,-8.593818 ,7.568861  ,8.000000  ,0.006491  ,-0.025557 
3.100000  ,16.943702 ,-8.593818 ,7.568861  ,8.000000  ,0.006491  ,-0.074812 
3.120000  ,16.956750 ,-8.745015 ,7.606515  ,8.000000  ,0.001242  ,0.057763  
3.120000  ,16.956750 ,-8.745015 ,7.606515  ,8.000000  ,0.001242  ,0.069354  
3.140000  ,16.970257 ,-8.896970 ,7.648408  ,8.000000  ,0.000000  ,0.021865  
3.140000  ,16.970257 ,-8.896970 ,7.648408  ,8.000000  ,0.000000  ,-0.032002 
3.160000  ,16.984415 ,-9.049634 ,7.683080  ,8.000000  ,0.015891  ,0.078349  
3.160000  ,16.984415 ,-9.049634 ,7.683080  ,8.000000  ,0.015891  ,-0.037114 
3.180000  ,16.999271 ,-9.202948 ,7.719776  ,8.000000  ,0.022916  ,0.009318  
3.180000  ,16.999271 ,-9.202948 ,7.719776  ,8.000000  ,0.022916  ,-0.021313 
3.200000  ,17.014894 ,-9.356825 ,7.746657  ,8.000000  ,0.029931  ,-0.016904 
3.200000  ,17.014894 ,-9.356825 ,7.746657  ,8.000000  ,0.029931  ,-0.013282 
3.220000  ,17.031490 ,-9.511090 ,7.768608  ,8.000000  ,0.036091  ,0.037827  
3.220000  ,17.031490 ,-9.511090 ,7.768608  ,8.000000  ,0.036091  ,-0.006843 
3.240000  ,17.049152 ,-9.665709 ,7.793602  ,8.000000  ,0.041521  ,0.007250  
3.240000  ,17.049152 ,-9.665709 ,7.793602  ,8.000000  ,0.041521  ,-0.019909 
3.260000  ,17.067839 ,-9.820659 ,7.813437  ,8.000000  ,0.046237  ,-0.031587 
3.260000  ,17.067839 ,-9.820659 ,7.813437  ,8.000000  ,0.046237  ,0.067602  
3.280000  ,17.087493 ,-9.975833 ,7.827824  ,8.000000  ,0.050434  ,0.007986  
3.280000  ,17.087493 ,-9.975833 ,7.827824  ,8.000000  ,0.050434  ,0.042861  
3.300000  ,17.108170 ,-10.131189,7.844550  ,8.000000  ,0.053717  ,-0.060183 
3.300000  ,17.108170 ,-10.131189,7.844550  ,8.000000  ,0.053717  ,-0.060011 
3.320000  ,17.129886 ,-10.286660,7.853395  ,8.000000  ,0.056167  ,0.029341  
3.320000  ,17.129886 ,-10.286660,7.853395  ,8.000000  ,0.056167  ,0.012728  
3.340000  ,17.152639 ,-10.442238,7.869730  ,8.000000  ,0.057769  ,0.057120  
3.340000  ,17.152639 ,-10.442238,7.869730  ,8.000000  ,0.057769  ,-0.038432 
3.360000  ,17.176423 ,-10.598003,7.887127  ,8.000000  ,0.058528  ,-0.072721 
3.360000  ,17.176423 ,-10.598003,7.887127  ,8.000000  ,0.058528  ,-0.034716 
3.380000  ,17.201189 ,-10.753827,7.890854  ,8.000000  ,0.058562  ,-0.031383 
3.380000  ,17.201189 ,-10.753827,7.890854  ,8.000000  ,0.058562  ,-0.032785 
3.400000  ,17.226891 ,-10.909611,7.898074  ,8.000000  ,0.057695  ,0.026255  
3.400000  ,17.226891 ,-10.909611,7.898074  ,8.000000  ,0.057695  ,0.064571  
3.420000  ,17.253512 ,-11.065435,7.909974  ,8.000000  ,0.056026  ,-0.027044 
3.420000  ,17.253512 ,-11.065435,7.909974  ,8.000000  ,0.056026  ,-0.022693 
3.440000  ,17.281008 ,-11.221287,7.915821  ,8.000000  ,0.053591  ,0.047602  
3.440000  ,17.281008 ,-11.221287,7.915821  ,8.000000  ,0.053591  ,0.049380  
3.460000  ,17.309225 ,-11.377194,7.928056  ,8.000000  ,0.050527  ,0.033671  
3.460000  ,17.309225 ,-11.377194,7.928056  ,8.000000  ,0.050527  ,-0.050306 
3.480000  ,17.338041 ,-11.533216,7.937861  ,8.000000  ,0.046917  ,-0.012956 
3.480000  ,17.338041 ,-11.533216,7.937861  ,8.000000  ,0.046917  ,-0.050092 
3.500000  ,17.367299 ,-11.689301,7.942427  ,8.000000  ,0.042875  ,-0.041165 
3.500000  ,17.367299 ,-11.689301,7.942427  ,8.000000  ,0.042875  ,-0.074689 
3.520000  ,17.396887 ,-11.845385,7.943950  ,8.000000  ,0.038490  ,0.055026  
3.520000  ,17.396887 ,-11.845385,7.943950  ,8.000000  ,0.038490  ,0.016233  
3.540000  ,17.426701 ,-12.001548,7.954263  ,8.000000  ,0.033855  ,-0.025363 
3.540000  ,17.426701 ,-12.001548,7.954263  ,8.000000  ,0.033855  ,0.024039  
3.560000  ,17.456619 ,-12.157814,7.956154  ,8.000000  ,0.029074  ,0.066447  
3.560000  ,17.456619 ,-12.157814,7.956154  ,8.000000  ,0.029074  ,-0.051049 
3.580000  ,17.486519 ,-12.314208,7.966394  ,8.000000  ,0.024100  ,0.005961  
3.580000  ,17.486519 ,-12.314208,7.966394  ,8.000000  ,0.024100  ,-0.048800 
3.600000  ,17.516291 ,-12.470767,7.970067  ,8.000000  ,0.019256  ,-0.053496 
3.600000  ,17.516291 ,-12.470767,7.970067  ,8.000000  ,0.019256  ,0.050543  
3.620000  ,17.545795 ,-12.627328,7.961956  ,8.000000  ,0.014552  ,-0.113834 
3.620000  ,17.545795 ,-12.627328,7.961956  ,8.000000  ,0.014552  ,0.059292  
3.640000  ,17.574880 ,-12.783609,7.935867  ,8.000000  ,0.010080  ,-0.026347 
3.640000  ,17.574880 ,-12.783609,7.935867  ,8.000000  ,0.010080  ,-0.137890 
3.660000  ,17.603488 ,-12.939762,7.939375  ,8.000000  ,0.005763  ,-0.078153 
3.660000  ,17.603488 ,-12.939762,7.939375  ,8.000000  ,0.005763  ,-0.002742 
3.680000  ,17.631578 ,-13.095981,7.933342  ,8.000000  ,0.001887  ,0.001148  
3.680000  ,17.631578 ,-13.095981,7.933342  ,8.000000  ,0.001887  ,-0.013657 
3.700000  ,17.659092 ,-13.252309,7.939637  ,8.000000  ,0.001574  ,-0.015358 
3.700000  ,17.659092 ,-13.252309,7.939637  ,8.000000  ,0.001574  ,0.009387  
3.720000  ,17.685998 ,-13.408848,7.943815  ,8.000000  ,0.004575  ,-0.014456 
3.720000  ,17.685998 ,-13.408848,7.943815  ,8.000000  ,0.004575  ,-0.032111 
3.740000  ,17.712252 ,-13.565580,7.947689  ,8.000000  ,0.007079  ,-0.110062 
3.740000  ,17.712252 ,-13.565580,7.947689  ,8.000000  ,0.007079  ,0.020880  
3.760000  ,17.737782 ,-13.722258,7.927810  ,8.000000  ,0.009204  ,0.039371  
3.760000  ,17.737782 ,-13.722258,7.927810  ,8.000000  ,0.009204  ,-0.023812 
3.780000  ,17.762727 ,-13.878946,7.938167  ,8.000000  ,0.010818  ,0.021758  
3.780000  ,17.762727 ,-13.878946,7.938167  ,8.000000  ,0.010818  ,-0.040248 
3.800000  ,17.787273 ,-14.035879,7.945927  ,8.000000  ,0.012163  ,-0.021266 
3.800000  ,17.787273 ,-14.035879,7.945927  ,8.000000  ,0.012163  ,-0.068333 
3.820000  ,17.811455 ,-14.192978,7.948973  ,8.000000  ,0.013278  ,-0.046588 
3.820000  ,17.811455 ,-14.192978,7.948973  ,8.000000  ,0.013278  ,0.069416  
3.840000  ,17.835348 ,-14.350156,7.949385  ,8.000000  ,0.014237  ,0.102459  
3.840000  ,17.835348 ,-14.350156,7.949385  ,8.000000  ,0.014237  ,0.013679  
3.860000  ,17.859074 ,-14.507509,7.963596  ,8.000000  ,0.015227  ,-0.019654 
3.860000  ,17.859074 ,-14.507509,7.963596  ,8.000000  ,0.015227  ,-0.082364 
3.880000  ,17.882594 ,-14.665051,7.965151  ,8.000000  ,0.016023  ,-0.034994 
3.880000  ,17.882594 ,-14.665051,7.965151  ,8.000000  ,0.016023  ,-0.103674 
3.900000  ,17.905837 ,-14.822649,7.965101  ,8.000000  ,0.016630  ,0.024642  
3.900000  ,17.905837 ,-14.822649,7.965101  ,8.000000  ,0.016630  ,0.008153  
3.920000  ,17.928862 ,-14.980334,7.970629  ,8.000000  ,0.017085  ,0.022160  
3.920000  ,17.928862 ,-14.980334,7.970629  ,8.000000  ,0.017085  ,-0.006713 
3.940000  ,17.951685 ,-15.138154,7.975413  ,8.000000  ,0.017384  ,0.121382  
3.940000  ,17.951685 ,-15.138154,7.975413  ,8.000000  ,0.017384  ,0.022682  
3.960000  ,17.974298 ,-15.296189,7.988965  ,8.000000  ,0.017460  ,-0.072803 
3.960000  ,17.974298 ,-15.296189,7.988965  ,8.000000  ,0.017460  ,0.027068  
3.980000  ,17.996622 ,-15.454176,7.967703  ,8.000000  ,0.017246  ,0.035736  
3.980000  ,17.996622 ,-15.454176,7.967703  ,8.000000  ,0.017246  ,0.060749  
4.000000  ,18.018599 ,-15.612071,7.974019  ,8.000000  ,0.016670  ,-0.029437 
4.000000  ,18.018599 ,-15.612071,7.974019  ,8.000000  ,0.016670  ,-0.078653 
4.020000  ,18.040359 ,-15.770048,7.972829  ,8.000000  ,0.015812  ,-0.000522 
4.020000  ,18.040359 ,-15.770048,7.972829  ,8.000000  ,0.015812  ,0.025779  
4.040000  ,18.062009 ,-15.928053,7.975303  ,8.000000  ,0.014758  ,0.006400  
4.040000  ,18.062009 ,-15.928053,7.975303  ,8.000000  ,0.014758  ,0.003859  
4.060000  ,18.083561 ,-16.086126,7.978190  ,8.000000  ,0.013271  ,0.004709  
4.060000  ,18.083561 ,-16.086126,7.978190  ,8.000000  ,0.013271  ,0.043363  
4.080000  ,18.105059 ,-16.244260,7.980652  ,8.000000  ,0.011649  ,-0.015215 
4.080000  ,18.105059 ,-16.244260,7.980652  ,8.000000  ,0.011649  ,0.012710  
4.100000  ,18.126572 ,-16.402420,7.981036  ,8.000000  ,0.000000  ,0.019676  
4.100000  ,18.126572 ,-16.402420,7.981036  ,8.000000  ,0.000000  ,-0.046985 
4.120000  ,18.148184 ,-16.560608,7.984623  ,8.000000  ,0.007839  ,-0.025984 
4.120000  ,18.148184 ,-16.560608,7.984623  ,8.000000  ,0.007839  ,0.046754  
4.140000  ,18.169975 ,-16.718768,7.980972  ,8.000000  ,0.005729  ,0.061156  
4.140000  ,18.169975 ,-16.718768,7.980972  ,8.000000  ,0.005729  ,0.030736  
4.160000  ,18.192038 ,-16.876931,7.988416  ,8.000000  ,0.003235  ,-0.037610 
4.160000  ,18.192038 ,-16.876931,7.988416  ,8.000000  ,0.003235  ,0.017329  
4.180000  ,18.214445 ,-17.035025,7.979457  ,8.000000  ,0.000991  ,-0.008211 
4.180000  ,18.214445 ,-17.035025,7.979457  ,8.000000  ,0.000991  ,0.057553  
4.200000  ,18.237263 ,-17.192986,7.980602  ,8.000000  ,0.000000  ,-0.053409 
4.200000  ,18.237263 ,-17.192986,7.980602  ,8.000000  ,0.000000  ,-0.042283 
4.220000  ,18.260553 ,-17.350765,7.968895  ,8.000000  ,0.003018  ,0.021743  
4.220000  ,18.260553 ,-17.350765,7.968895  ,8.000000  ,0.003018  ,-0.039572 
4.240000  ,18.284383 ,-17.508402,7.973801  ,8.000000  ,0.004610  ,-0.018198 
4.240000  ,18.284383 ,-17.508402,7.973801  ,8.000000  ,0.004610  ,-0.007400 
4.260000  ,18.308821 ,-17.666002,7.974544  ,8.000000  ,0.006017  ,0.023696  
4.260000  ,18.308821 ,-17.666002,7.974544  ,8.000000  ,0.006017  ,0.013589  
4.280000  ,18.333752 ,-17.823579,7.979107  ,8.000000  ,0.006992  ,-0.076107 
4.280000  ,18.333752 ,-17.823579,7.979107  ,8.000000  ,0.006992  ,-0.046676 
4.300000  ,18.359006 ,-17.980947,7.960101  ,8.000000  ,0.000000  ,-0.050830 
4.300000  ,18.359006 ,-17.980947,7.960101  ,8.000000  ,0.000000  ,-0.044930 
4.320000  ,18.384542 ,-18.138048,7.956338  ,8.000000  ,0.008461  ,0.023257  
4.320000  ,18.384542 ,-18.138048,7.956338  ,8.000000  ,0.008461  ,0.069784  
4.340000  ,18.410335 ,-18.295134,7.962551  ,8.000000  ,0.009023  ,-0.036730 
4.340000  ,18.410335 ,-18.295134,7.962551  ,8.000000  ,0.009023  ,0.072119  
4.360000  ,18.436297 ,-18.452255,7.962618  ,8.000000  ,0.009716  ,0.008729  
4.360000  ,18.436297 ,-18.452255,7.962618  ,8.000000  ,0.009716  ,-0.047557 
4.380000  ,18.462318 ,-18.609411,7.966899  ,8.000000  ,0.010396  ,-0.034901 
4.380000  ,18.462318 ,-18.609411,7.966899  ,8.000000  ,0.010396  ,-0.119316 
4.400000  ,18.488445 ,-18.766586,7.966279  ,8.000000  ,0.011111  ,0.003359  
4.400000  ,18.488445 ,-18.766586,7.966279  ,8.000000  ,0.011111  ,-0.000605 
4.420000  ,18.514736 ,-18.923763,7.969721  ,8.000000  ,0.011795  ,0.090549  
4.420000  ,18.514736 ,-18.923763,7.969721  ,8.000000  ,0.011795  ,-0.009748 
4.440000  ,18.541169 ,-19.081065,7.980939  ,8.000000  ,0.012492  ,0.050565  
4.440000  ,18.541169 ,-19.081065,7.980939  ,8.000000  ,0.012492  ,0.046283  
4.460000  ,18.567754 ,-19.238521,7.987403  ,8.000000  ,0.013368  ,-0.015579 
4.460000  ,18.567754 ,-19.238521,7.987403  ,8.000000  ,0.013368  ,-0.030916 
4.480000  ,18.594506 ,-19.396002,7.986376  ,8.000000  ,0.014126  ,-0.059036 
4.480000  ,18.594506 ,-19.396002,7.986376  ,8.000000  ,0.014126  ,-0.067580 
4.500000  ,18.621438 ,-19.553276,7.970744  ,8.000000  ,0.014830  ,-0.008115 
4.500000  ,18.621438 ,-19.553276,7.970744  ,8.000000  ,0.014830  ,-0.038166 
4.520000  ,18.648620 ,-19.710376,7.972707  ,8.000000  ,0.015428  ,0.048941  
4.520000  ,18.648620 ,-19.710376,7.972707  ,8.000000  ,0.015428  ,0.030574  
4.540000  ,18.676153 ,-19.867508,7.979784  ,8.000000  ,0.015871  ,-0.023328 
4.540000  ,18.676153 ,-19.867508,7.979784  ,8.000000  ,0.015871  ,0.001865  
4.560000  ,18.704095 ,-20.024627,7.978713  ,8.000000  ,0.016322  ,0.029897  
4.560000  ,18.704095 ,-20.024627,7.978713  ,8.000000  ,0.016322  ,0.002546  
4.580000  ,18.732502 ,-20.181701,7.983465  ,8.000000  ,0.016357  ,-0.061294 
4.580000  ,18.732502 ,-20.181701,7.983465  ,8.000000  ,0.016357  ,-0.002412 
4.600000  ,18.761400 ,-20.338569,7.968058  ,8.000000  ,0.016071  ,-0.037847 
4.600000  ,18.761400 ,-20.338569,7.968058  ,8.000000  ,0.016071  ,0.010065  
4.620000  ,18.790675 ,-20.495196,7.966025  ,8.000000  ,0.015570  ,-0.025944 
4.620000  ,18.790675 ,-20.495196,7.966025  ,8.000000  ,0.015570  ,0.027473  
4.640000  ,18.820231 ,-20.651759,7.966771  ,8.000000  ,0.014975  ,0.032332  
4.640000  ,18.820231 ,-20.651759,7.966771  ,8.000000  ,0.014975  ,-0.072997 
4.660000  ,18.850066 ,-20.808339,7.972858  ,8.000000  ,0.014436  ,-0.005362 
4.660000  ,18.850066 ,-20.808339,7.972858  ,8.000000  ,0.014436  ,-0.080544 
4.680000  ,18.880118 ,-20.964959,7.974880  ,8.000000  ,0.013718  ,0.001752  
4.680000  ,18.880118 ,-20.964959,7.974880  ,8.000000  ,0.013718  ,0.048476  
4.700000  ,18.910294 ,-21.121602,7.977374  ,8.000000  ,0.013011  ,-0.040716 
4.700000  ,18.910294 ,-21.121602,7.977374  ,8.000000  ,0.013011  ,0.034026  
4.720000  ,18.940476 ,-21.278202,7.971147  ,8.000000  ,0.012394  ,-0.048791 
4.720000  ,18.940476 ,-21.278202,7.971147  ,8.000000  ,0.012394  ,0.018569  
4.740000  ,18.970544 ,-21.434690,7.964284  ,8.000000  ,0.011946  ,0.024755  
4.740000  ,18.970544 ,-21.434690,7.964284  ,8.000000  ,0.011946  ,0.109875  
4.760000  ,19.000420 ,-21.591207,7.969898  ,8.000000  ,0.011599  ,-0.007841 
4.760000  ,19.000420 ,-21.591207,7.969898  ,8.000000  ,0.011599  ,0.054767  
4.780000  ,19.030183 ,-21.747823,7.971965  ,8.000000  ,0.011358  ,-0.001673 
4.780000  ,19.030183 ,-21.747823,7.971965  ,8.000000  ,0.011358  ,-0.002029 
4.800000  ,19.059908 ,-21.904492,7.974412  ,8.000000  ,0.011053  ,0.019707  
4.800000  ,19.059908 ,-21.904492,7.974412  ,8.000000  ,0.011053  ,0.034044  
4.820000  ,19.089582 ,-22.061238,7.978617  ,8.000000  ,0.010642  ,-0.071234 
4.820000  ,19.089582 ,-22.061238,7.978617  ,8.000000  ,0.010642  ,-0.014568 
4.840000  ,19.119197 ,-22.217855,7.961457  ,8.000000  ,0.009986  ,-0.052569 
4.840000  ,19.119197 ,-22.217855,7.961457  ,8.000000  ,0.009986  ,-0.057006 
4.860000  ,19.148798 ,-22.374257,7.956629  ,8.000000  ,0.008542  ,-0.048961 
4.860000  ,19.148798 ,-22.374257,7.956629  ,8.000000  ,0.008542  ,-0.060606 
4.880000  ,19.178482 ,-22.530575,7.954705  ,8.000000  ,0.006947  ,-0.056510 
4.880000  ,19.178482 ,-22.530575,7.954705  ,8.000000  ,0.006947  ,-0.052004 
4.900000  ,19.208174 ,-22.686833,7.950845  ,8.000000  ,0.005027  ,0.117839  
4.900000  ,19.208174 ,-22.686833,7.950845  ,8.000000  ,0.005027  ,-0.035421 
4.920000  ,19.237824 ,-22.843221,7.966348  ,8.000000  ,0.002922  ,-0.029104 
4.920000  ,19.237824 ,-22.843221,7.966348  ,8.000000  ,0.002922  ,0.021054  
4.940000  ,19.267460 ,-22.999771,7.966770  ,8.000000  ,0.000609  ,-0.029424 
4.940000  ,19.267460 ,-22.999771,7.966770  ,8.000000  ,0.000609  ,0.073778  
4.960000  ,19.297030 ,-23.156343,7.967124  ,8.000000  ,0.001671  ,0.000105  
4.960000  ,19.297030 ,-23.156343,7.967124  ,8.000000  ,0.001671  ,-0.014645 
4.980000  ,19.326490 ,-23.312970,7.970186  ,8.000000  ,0.003901  ,-0.010095 
4.980000  ,19.326490 ,-23.312970,7.970186  ,8.000000  ,0.003901  ,0.059281  
5.000000  ,19.355783 ,-23.469678,7.972016  ,8.000000  ,0.005983  ,-0.003428 
5.000000  ,19.355783 ,-23.469678,7.972016  ,8.000000  ,0.005983  ,-0.087629 
5.020000  ,19.384836 ,-23.626472,7.974296  ,8.000000  ,0.007815  ,-0.058422 
5.020000  ,19.384836 ,-23.626472,7.974296  ,8.000000  ,0.007815  ,0.025370  
5.040000  ,19.413553 ,-23.783231,7.963034  ,8.000000  ,0.009244  ,0.030432  
5.040000  ,19.413553 ,-23.783231,7.963034  ,8.000000  ,0.009244  ,0.065105  
5.060000  ,19.441876 ,-23.940017,7.969291  ,8.000000  ,0.010250  ,-0.057043 
5.060000  ,19.441876 ,-23.940017,7.969291  ,8.000000  ,0.010250  ,-0.018111 
5.080000  ,19.469740 ,-24.096851,7.960226  ,8.000000  ,0.010733  ,0.009779  
5.080000  ,19.469740 ,-24.096851,7.960226  ,8.000000  ,0.010733  ,0.111594  
5.100000  ,19.497242 ,-24.253710,7.964827  ,7.960780  ,0.010783  ,0.100919  
5.100000  ,19.497242 ,-24.253710,7.964827  ,7.960780  ,0.010783  ,-0.102826 
5.120000  ,19.524524 ,-24.410745,7.973820  ,7.803453  ,0.010507  ,-0.022708 
5.120000  ,19.524524 ,-24.410745,7.973820  ,7.803453  ,0.010507  ,0.008418  
5.140000  ,19.551489 ,-24.567215,7.907359  ,7.803453  ,0.009865  ,0.070272  
5.140000  ,19.551489 ,-24.567215,7.907359  ,7.803453  ,0.009865  ,0.016186  
5.160000  ,19.578164 ,-24.722973,7.895781  ,7.647575  ,0.009028  ,0.131804  
5.160000  ,19.578164 ,-24.722973,7.895781  ,7.647575  ,0.009028  ,-0.025865 
5.180000  ,19.604656 ,-24.878223,7.855713  ,7.493661  ,0.008025  ,-0.009355 
5.180000  ,19.604656 ,-24.878223,7.855713  ,7.493661  ,0.008025  ,-0.002800 
5.200000  ,19.630861 ,-25.031771,7.727866  ,7.342216  ,0.006972  ,0.058181  
5.200000  ,19.630861 ,-25.031771,7.727866  ,7.342216  ,0.006972  ,-0.047630 
5.220000  ,19.656760 ,-25.182940,7.615143  ,7.193733  ,0.005988  ,-0.074469 
5.220000  ,19.656760 ,-25.182940,7.615143  ,7.193733  ,0.005988  ,-0.041458 
5.240000  ,19.682363 ,-25.331252,7.444450  ,7.193733  ,0.004826  ,-0.006555 
5.240000  ,19.682363 ,-25.331252,7.444450  ,7.193733  ,0.004826  ,0.069285  
5.260000  ,19.707818 ,-25.477003,7.355890  ,7.048698  ,0.003932  ,0.033267  
5.260000  ,19.707818 ,-25.477003,7.355890  ,7.048698  ,0.003932  ,0.054880  
5.280000  ,19.733348 ,-25.620881,7.261599  ,6.907592  ,0.003246  ,0.009678  
5.280000  ,19.733348 ,-25.620881,7.261599  ,6.907592  ,0.003246  ,-0.036403 
5.300000  ,19.758989 ,-25.762563,7.143073  ,6.770884  ,0.002853  ,-0.109268 
5.300000  ,19.758989 ,-25.762563,7.143073  ,6.770884  ,0.002853  ,-0.087285 
5.320000  ,19.784690 ,-25.901320,6.977344  ,6.770884  ,0.001974  ,0.062852  
5.320000  ,19.784690 ,-25.901320,6.977344  ,6.770884  ,0.001974  ,-0.008948 
5.340000  ,19.810532 ,-26.037924,6.927911  ,6.639026  ,0.001715  ,0.009060  
5.340000  ,19.810532 ,-26.037924,6.927911  ,6.639026  ,0.001715  ,0.005242  
5.360000  ,19.836547 ,-26.172986,6.831588  ,6.512478  ,0.001600  ,0.023139  
5.360000  ,19.836547 ,-26.172986,6.831588  ,6.512478  ,0.001600  ,0.034609  
5.380000  ,19.862747 ,-26.305989,6.729708  ,6.512478  ,0.000503  ,-0.041112 
5.380000  ,19.862747 ,-26.305989,6.729708  ,6.512478  ,0.000503  ,-0.058779 
5.400000  ,19.889130 ,-26.437017,6.640781  ,6.391627  ,0.000000  ,0.023629  
5.400000  ,19.889130 ,-26.437017,6.640781  ,6.391627  ,0.000000  ,-0.030465 
5.420000  ,19.915810 ,-26.566291,6.563150  ,6.276770  ,0.000191  ,0.159888  
5.420000  ,19.915810 ,-26.566291,6.563150  ,6.276770  ,0.000191  ,-0.065492 
5.440000  ,19.943004 ,-26.694237,6.519608  ,6.276770  ,0.002251  ,0.006993  
5.440000  ,19.943004 ,-26.694237,6.519608  ,6.276770  ,0.002251  ,0.021599  
5.460000  ,19.970658 ,-26.820789,6.438425  ,6.168197  ,0.003334  ,0.091441  
5.460000  ,19.970658 ,-26.820789,6.438425  ,6.168197  ,0.003334  ,0.071732  
5.480000  ,19.998726 ,-26.945797,6.376882  ,6.066153  ,0.004295  ,0.054523  
5.480000  ,19.998726 ,-26.945797,6.376882  ,6.066153  ,0.004295  ,0.012136  
5.500000  ,20.027191 ,-27.069165,6.288690  ,6.066153  ,0.008432  ,-0.053552 
5.500000  ,20.027191 ,-27.069165,6.288690  ,6.066153  ,0.008432  ,0.001486  
5.520000  ,20.056018 ,-27.190562,6.193653  ,5.970835  ,0.010967  ,0.006752  
5.520000  ,20.056018 ,-27.190562,6.193653  ,5.970835  ,0.010967  ,0.018914  
5.540000  ,20.085555 ,-27.310056,6.119278  ,5.970835  ,0.015723  ,0.030915  
5.540000  ,20.085555 ,-27.310056,6.119278  ,5.970835  ,0.015723  ,0.006983  
5.560000  ,20.115993 ,-27.428156,6.078822  ,5.882387  ,0.019470  ,0.036621  
5.560000  ,20.115993 ,-27.428156,6.078822  ,5.882387  ,0.019470  ,-0.111701 
5.580000  ,20.147614 ,-27.544947,6.023810  ,5.800865  ,0.022527  ,0.007854  
5.580000  ,20.147614 ,-27.544947,6.023810  ,5.800865  ,0.022527  ,0.024055  
5.600000  ,20.180574 ,-27.660015,5.949771  ,5.800865  ,0.028949  ,-0.011814 
5.600000  ,20.180574 ,-27.660015,5.949771  ,5.800865  ,0.028949  ,0.001946  
5.620000  ,20.214998 ,-27.773312,5.894447  ,5.726218  ,0.032430  ,0.007719  
5.620000  ,20.214998 ,-27.773312,5.894447  ,5.726218  ,0.032430  ,-0.051070 
5.640000  ,20.251094 ,-27.884927,5.839196  ,5.726218  ,0.038278  ,-0.040068 
5.640000  ,20.251094 ,-27.884927,5.839196  ,5.726218  ,0.038278  ,-0.006132 
5.660000  ,20.289023 ,-27.994791,5.786514  ,5.658269  ,0.041778  ,0.001706  
5.660000  ,20.289023 ,-27.994791,5.786514  ,5.658269  ,0.041778  ,-0.026735 
5.680000  ,20.328968 ,-28.102918,5.742956  ,5.596694  ,0.043504  ,-0.071414 
5.680000  ,20.328968 ,-28.102918,5.742956  ,5.596694  ,0.043504  ,-0.015900 
5.700000  ,20.370945 ,-28.208981,5.668027  ,5.596694  ,0.049621  ,-0.071654 
5.700000  ,20.370945 ,-28.208981,5.668027  ,5.596694  ,0.049621  ,-0.031667 
5.720000  ,20.415038 ,-28.312848,5.618807  ,5.540996  ,0.050581  ,-0.024516 
5.720000  ,20.415038 ,-28.312848,5.618807  ,5.540996  ,0.050581  ,-0.061132 
5.740000  ,20.461335 ,-28.414835,5.583584  ,5.540996  ,0.055278  ,0.055862  
5.740000  ,20.461335 ,-28.414835,5.583584  ,5.540996  ,0.055278  ,-0.050722 
5.760000  ,20.510108 ,-28.515303,5.584816  ,5.490503  ,0.055484  ,0.039253  
5.760000  ,20.510108 ,-28.515303,5.584816  ,5.490503  ,0.055484  ,0.061117  
5.780000  ,20.561363 ,-28.614317,5.565863  ,5.490503  ,0.058850  ,-0.000585 
5.780000  ,20.561363 ,-28.614317,5.565863  ,5.490503  ,0.058850  ,0.059935  
5.800000  ,20.614749 ,-28.711681,5.539721  ,5.444423  ,0.058718  ,0.003921  
5.800000  ,20.614749 ,-28.711681,5.539721  ,5.444423  ,0.058718  ,-0.055002 
5.820000  ,20.670237 ,-28.807193,5.508266  ,5.444423  ,0.061298  ,0.053683  
5.820000  ,20.670237 ,-28.807193,5.508266  ,5.444423  ,0.061298  ,0.006240  
5.840000  ,20.727967 ,-28.900974,5.504769  ,5.401892  ,0.060979  ,0.019288  
5.840000  ,20.727967 ,-28.900974,5.504769  ,5.401892  ,0.060979  ,0.119516  
5.860000  ,20.787824 ,-28.993011,5.475996  ,5.362206  ,0.058522  ,0.021680  
5.860000  ,20.787824 ,-28.993011,5.475996  ,5.362206  ,0.058522  ,-0.024261 
5.880000  ,20.849574 ,-29.083056,5.444289  ,5.362206  ,0.062595  ,0.100089  
5.880000  ,20.849574 ,-29.083056,5.444289  ,5.362206  ,0.062595  ,0.032487  
5.900000  ,20.913342 ,-29.171333,5.445961  ,5.324921  ,0.060292  ,0.053129  
5.900000  ,20.913342 ,-29.171333,5.445961  ,5.324921  ,0.060292  ,0.019715  
5.920000  ,20.979095 ,-29.257853,5.422584  ,5.324921  ,0.064101  ,-0.033636 
5.920000  ,20.979095 ,-29.257853,5.422584  ,5.324921  ,0.064101  ,0.031622  
5.940000  ,21.046482 ,-29.342217,5.377388  ,5.289795  ,0.062141  ,-0.026069 
5.940000  ,21.046482 ,-29.342217,5.377388  ,5.289795  ,0.062141  ,-0.077196 
5.960000  ,21.115364 ,-29.424271,5.338263  ,5.289795  ,0.065794  ,-0.042706 
5.960000  ,21.115364 ,-29.424271,5.338263  ,5.289795  ,0.065794  ,0.055876  
5.980000  ,21.185811 ,-29.504051,5.306879  ,5.256780  ,0.064078  ,0.078001  
5.980000  ,21.185811 ,-29.504051,5.306879  ,5.256780  ,0.064078  ,-0.025482 
6.000000  ,21.258249 ,-29.581658,5.309469  ,5.256780  ,0.067245  ,-0.056284 
6.000000  ,21.258249 ,-29.581658,5.309469  ,5.256780  ,0.067245  ,0.006719  
6.020000  ,21.332384 ,-29.657129,5.271958  ,5.225944  ,0.065418  ,-0.004402 
6.020000  ,21.332384 ,-29.657129,5.271958  ,5.225944  ,0.065418  ,-0.008186 
6.040000  ,21.408076 ,-29.730266,5.254603  ,5.225944  ,0.068269  ,0.087109  
6.040000  ,21.408076 ,-29.730266,5.254603  ,5.225944  ,0.068269  ,0.005513  
6.060000  ,21.485542 ,-29.801360,5.260030  ,5.197407  ,0.066473  ,-0.035718 
6.060000  ,21.485542 ,-29.801360,5.260030  ,5.197407  ,0.066473  ,-0.058213 
6.080000  ,21.564563 ,-29.870261,5.226179  ,5.197407  ,0.069097  ,0.015344  
6.080000  ,21.564563 ,-29.870261,5.226179  ,5.197407  ,0.069097  ,-0.024996 
6.100000  ,21.645014 ,-29.936910,5.221557  ,5.171365  ,0.067433  ,-0.093136 
6.100000  ,21.645014 ,-29.936910,5.221557  ,5.171365  ,0.067433  ,0.067040  
6.120000  ,21.726660 ,-30.001184,5.172220  ,5.171365  ,0.069896  ,0.083047  
6.120000  ,21.726660 ,-30.001184,5.172220  ,5.171365  ,0.069896  ,0.007251  
6.140000  ,21.809572 ,-30.063166,5.179851  ,5.148126  ,0.068346  ,-0.043502 
6.140000  ,21.809572 ,-30.063166,5.179851  ,5.148126  ,0.068346  ,-0.059968 
6.160000  ,21.893829 ,-30.122968,5.153956  ,5.148126  ,0.070636  ,-0.008454 
6.160000  ,21.893829 ,-30.122968,5.153956  ,5.148126  ,0.070636  ,-0.045212 
6.180000  ,21.979273 ,-30.180529,5.149039  ,5.128132  ,0.069163  ,0.082969  
6.180000  ,21.979273 ,-30.180529,5.149039  ,5.128132  ,0.069163  ,-0.057372 
6.200000  ,22.066089 ,-30.236023,5.154801  ,5.128132  ,0.071263  ,-0.037164 
6.200000  ,22.066089 ,-30.236023,5.154801  ,5.128132  ,0.071263  ,0.016475  
6.220000  ,22.154040 ,-30.289365,5.132828  ,5.111788  ,0.069868  ,-0.023319 
6.220000  ,22.154040 ,-30.289365,5.132828  ,5.111788  ,0.069868  ,-0.091834 
6.240000  ,22.242886 ,-30.340465,5.117558  ,5.111788  ,0.071722  ,-0.085636 
6.240000  ,22.242886 ,-30.340465,5.117558  ,5.111788  ,0.071722  ,-0.102548 
6.260000  ,22.332469 ,-30.389277,5.086094  ,5.099308  ,0.070285  ,0.040872  
6.260000  ,22.332469 ,-30.389277,5.086094  ,5.099308  ,0.070285  ,0.013918  
6.280000  ,22.422934 ,-30.435897,5.091115  ,5.099308  ,0.071647  ,0.070572  
6.280000  ,22.422934 ,-30.435897,5.091115  ,5.099308  ,0.071647  ,0.051824  
6.300000  ,22.514551 ,-30.480491,5.098428  ,5.090547  ,0.069877  ,0.066738  
6.300000  ,22.514551 ,-30.480491,5.098428  ,5.090547  ,0.069877  ,0.016847  
6.320000  ,22.607262 ,-30.523073,5.103892  ,5.090547  ,0.070474  ,-0.064356 
6.320000  ,22.607262 ,-30.523073,5.103892  ,5.090547  ,0.070474  ,-0.114802 
6.340000  ,22.700679 ,-30.563513,5.077145  ,5.085094  ,0.068145  ,-0.033597 
6.340000  ,22.700679 ,-30.563513,5.077145  ,5.085094  ,0.068145  ,-0.069699 
6.360000  ,22.794637 ,-30.601770,5.068316  ,5.085094  ,0.067866  ,0.025706  
6.360000  ,22.794637 ,-30.601770,5.068316  ,5.085094  ,0.067866  ,-0.014254 
6.380000  ,22.889365 ,-30.637955,5.072260  ,5.082298  ,0.064677  ,0.037143  
6.380000  ,22.889365 ,-30.637955,5.072260  ,5.082298  ,0.064677  ,-0.036480 
6.400000  ,22.984931 ,-30.672114,5.076641  ,5.082298  ,0.063736  ,-0.019867 
6.400000  ,22.984931 ,-30.672114,5.076641  ,5.082298  ,0.063736  ,0.043529  
6.420000  ,23.081197 ,-30.704223,5.071749  ,5.081363  ,0.059803  ,-0.080269 
6.420000  ,23.081197 ,-30.704223,5.071749  ,5.081363  ,0.059803  ,-0.044087 
6.440000  ,23.177832 ,-30.734199,5.047428  ,5.081363  ,0.059132  ,-0.044179 
6.440000  ,23.177832 ,-30.734199,5.047428  ,5.081363  ,0.059132  ,0.016017  
6.460000  ,23.274866 ,-30.761893,5.043902  ,5.081363  ,0.055079  ,0.008555  
6.460000  ,23.274866 ,-30.761893,5.043902  ,5.081363  ,0.055079  ,-0.096288 
6.480000  ,23.372515 ,-30.787376,5.048174  ,5.081363  ,0.055564  ,0.029416  
6.480000  ,23.372515 ,-30.787376,5.048174  ,5.081363  ,0.055564  ,-0.036414 
6.500000  ,23.470820 ,-30.810637,5.053986  ,5.081363  ,0.052449  ,0.036486  
6.500000  ,23.470820 ,-30.810637,5.053986  ,5.081363  ,0.052449  ,0.014401  
6.520000  ,23.569780 ,-30.831512,5.059915  ,5.081363  ,0.054613  ,-0.010188 
6.520000  ,23.569780 ,-30.831512,5.059915  ,5.081363  ,0.054613  ,-0.049777 
6.540000  ,23.669295 ,-30.849933,5.060960  ,5.081451  ,0.052825  ,-0.052275 
6.540000  ,23.669295 ,-30.849933,5.060960  ,5.081451  ,0.052825  ,0.021990  
6.560000  ,23.769176 ,-30.865592,5.050020  ,5.081451  ,0.056677  ,-0.050604 
6.560000  ,23.769176 ,-30.865592,5.050020  ,5.081451  ,0.056677  ,-0.071519 
6.580000  ,23.869260 ,-30.878612,5.043420  ,5.082644  ,0.056289  ,0.010634  
6.580000  ,23.869260 ,-30.878612,5.043420  ,5.082644  ,0.056289  ,-0.013839 
6.600000  ,23.969668 ,-30.888684,5.048049  ,5.082644  ,0.061654  ,0.003249  
6.600000  ,23.969668 ,-30.888684,5.048049  ,5.082644  ,0.061654  ,0.042710  
6.620000  ,24.070416 ,-30.895715,5.051562  ,5.085916  ,0.062249  ,0.053026  
6.620000  ,24.070416 ,-30.895715,5.051562  ,5.085916  ,0.062249  ,-0.012918 
6.640000  ,24.171450 ,-30.899617,5.059674  ,5.085916  ,0.068343  ,0.075971  
6.640000  ,24.171450 ,-30.899617,5.059674  ,5.085916  ,0.068343  ,0.019998  
6.660000  ,24.272733 ,-30.900310,5.069164  ,5.092253  ,0.069420  ,-0.002136 
6.660000  ,24.272733 ,-30.900310,5.069164  ,5.092253  ,0.069420  ,-0.019882 
6.680000  ,24.374098 ,-30.897722,5.071109  ,5.092253  ,0.075734  ,0.005405  
6.680000  ,24.374098 ,-30.897722,5.071109  ,5.092253  ,0.075734  ,0.058703  
6.700000  ,24.475367 ,-30.891795,5.073574  ,5.102856  ,0.076820  ,0.025826  
6.700000  ,24.475367 ,-30.891795,5.073574  ,5.102856  ,0.076820  ,0.043695  
6.720000  ,24.576457 ,-30.882477,5.078690  ,5.102856  ,0.082885  ,-0.030983 
6.720000  ,24.576457 ,-30.882477,5.078690  ,5.102856  ,0.082885  ,0.070078  
6.740000  ,24.677199 ,-30.869733,5.076344  ,5.119188  ,0.083556  ,0.094179  
6.740000  ,24.677199 ,-30.869733,5.076344  ,5.119188  ,0.083556  ,-0.038352 
6.760000  ,24.777549 ,-30.853522,5.089065  ,5.119188  ,0.088941  ,-0.009001 
6.760000  ,24.777549 ,-30.853522,5.089065  ,5.119188  ,0.088941  ,0.034837  
6.780000  ,24.877421 ,-30.833827,5.091026  ,5.142848  ,0.088845  ,0.019970  
6.780000  ,24.877421 ,-30.833827,5.091026  ,5.142848  ,0.088845  ,0.032004  
6.800000  ,24.976640 ,-30.810680,5.097691  ,5.142848  ,0.093193  ,0.117242  
6.800000  ,24.976640 ,-30.810680,5.097691  ,5.142848  ,0.093193  ,-0.024423 
6.820000  ,25.075269 ,-30.784276,5.112768  ,5.175532  ,0.092313  ,0.033394  
6.820000  ,25.075269 ,-30.784276,5.112768  ,5.175532  ,0.092313  ,-0.038287 
6.840000  ,25.173167 ,-30.754449,5.121695  ,5.175532  ,0.095543  ,-0.003036 
6.840000  ,25.173167 ,-30.754449,5.121695  ,5.175532  ,0.095543  ,-0.030076 
6.860000  ,25.270203 ,-30.721500,5.126411  ,5.218941  ,0.093738  ,-0.024790 
6.860000  ,25.270203 ,-30.721500,5.126411  ,5.218941  ,0.093738  ,-0.090369 
6.880000  ,25.366326 ,-30.685656,5.132700  ,5.218941  ,0.095988  ,-0.013282 
6.880000  ,25.366326 ,-30.685656,5.132700  ,5.218941  ,0.095988  ,-0.030154 
6.900000  ,25.461540 ,-30.647114,5.139474  ,5.274721  ,0.093787  ,0.025136  
6.900000  ,25.461540 ,-30.647114,5.139474  ,5.274721  ,0.093787  ,0.029774  
6.920000  ,25.555884 ,-30.605939,5.154364  ,5.274721  ,0.095257  ,0.025688  
6.920000  ,25.555884 ,-30.605939,5.154364  ,5.274721  ,0.095257  ,-0.090514 
6.940000  ,25.649394 ,-30.562228,5.167922  ,5.344510  ,0.092730  ,-0.052440 
6.940000  ,25.649394 ,-30.562228,5.167922  ,5.344510  ,0.092730  ,0.109023  
6.960000  ,25.742027 ,-30.516123,5.179448  ,5.344510  ,0.093311  ,0.106452  
6.960000  ,25.742027 ,-30.516123,5.179448  ,5.344510  ,0.093311  ,-0.000085 
6.980000  ,25.833882 ,-30.467689,5.204655  ,5.429978  ,0.090444  ,-0.037103 
6.980000  ,25.833882 ,-30.467689,5.204655  ,5.429978  ,0.090444  ,-0.025416 
7.000000  ,25.925018 ,-30.417032,5.222129  ,5.429978  ,0.089999  ,0.022628  
7.000000  ,25.925018 ,-30.417032,5.222129  ,5.429978  ,0.089999  ,0.004880  
7.020000  ,26.015523 ,-30.364476,5.243526  ,5.532873  ,0.086931  ,0.039477  
7.020000  ,26.015523 ,-30.364476,5.243526  ,5.532873  ,0.086931  ,0.058510  
7.040000  ,26.105533 ,-30.310064,5.274054  ,5.532873  ,0.085709  ,0.019287  
7.040000  ,26.105533 ,-30.310064,5.274054  ,5.532873  ,0.085709  ,0.077470  
7.060000  ,26.195111 ,-30.253878,5.299873  ,5.654875  ,0.082430  ,0.025334  
7.060000  ,26.195111 ,-30.253878,5.299873  ,5.654875  ,0.082430  ,0.087459  
7.080000  ,26.284411 ,-30.196113,5.335183  ,5.654875  ,0.080298  ,0.039913  
7.080000  ,26.284411 ,-30.196113,5.335183  ,5.654875  ,0.080298  ,-0.043874 
7.100000  ,26.373615 ,-30.136949,5.368568  ,5.797498  ,0.076893  ,-0.058936 
7.100000  ,26.373615 ,-30.136949,5.368568  ,5.797498  ,0.076893  ,-0.035062 
7.120000  ,26.462772 ,-30.076497,5.402918  ,5.961989  ,0.073295  ,0.035888  
7.120000  ,26.462772 ,-30.076497,5.402918  ,5.961989  ,0.073295  ,-0.009227 
7.140000  ,26.552127 ,-30.014745,5.458153  ,5.961989  ,0.070167  ,-0.015187 
7.140000  ,26.552127 ,-30.014745,5.458153  ,5.961989  ,0.070167  ,-0.002830 
7.160000  ,26.641845 ,-29.951756,5.503519  ,6.149668  ,0.066228  ,0.057986  
7.160000  ,26.641845 ,-29.951756,5.503519  ,6.149668  ,0.066228  ,0.069895  
7.180000  ,26.732207 ,-29.887754,5.568890  ,6.149668  ,0.061721  ,-0.013290 
7.180000  ,26.732207 ,-29.887754,5.568890  ,6.149668  ,0.061721  ,-0.084898 
7.200000  ,26.823347 ,-29.822811,5.621575  ,6.361658  ,0.057281  ,-0.086765 
7.200000  ,26.823347 ,-29.822811,5.621575  ,6.361658  ,0.057281  ,-0.004244 
7.220000  ,26.915382 ,-29.757169,5.682229  ,6.361658  ,0.051417  ,-0.070239 
7.220000  ,26.915382 ,-29.757169,5.682229  ,6.361658  ,0.051417  ,-0.033060 
7.240000  ,27.008498 ,-29.691026,5.738785  ,6.318189  ,0.046129  ,-0.034978 
7.240000  ,27.008498 ,-29.691026,5.738785  ,6.318189  ,0.046129  ,-0.004062 
7.260000  ,27.102701 ,-29.624566,5.789329  ,6.318189  ,0.038975  ,0.057201  
7.260000  ,27.102701 ,-29.624566,5.789329  ,6.318189  ,0.038975  ,0.075253  
7.280000  ,27.198062 ,-29.557927,5.843739  ,6.188966  ,0.032169  ,0.000961  
7.280000  ,27.198062 ,-29.557927,5.843739  ,6.188966  ,0.032169  ,-0.016899 
7.300000  ,27.294520 ,-29.491357,5.875878  ,6.081359  ,0.025735  ,-0.028356 
7.300000  ,27.294520 ,-29.491357,5.875878  ,6.081359  ,0.025735  ,0.105657  
7.320000  ,27.392062 ,-29.425517,5.892322  ,6.081359  ,0.014811  ,0.033253  
7.320000  ,27.392062 ,-29.425517,5.892322  ,6.081359  ,0.014811  ,-0.018033 
7.340000  ,27.490762 ,-29.360747,5.912959  ,5.993145  ,0.006857  ,0.060067  
7.340000  ,27.490762 ,-29.360747,5.912959  ,5.993145  ,0.006857  ,0.010325  
7.360000  ,27.590696 ,-29.297270,5.925980  ,5.993145  ,0.004985  ,0.008114  
7.360000  ,27.590696 ,-29.297270,5.925980  ,5.993145  ,0.004985  ,0.160660  
7.380000  ,27.691970 ,-29.235571,5.932969  ,5.922223  ,0.014393  ,0.094309  
7.380000  ,27.691970 ,-29.235571,5.932969  ,5.922223  ,0.014393  ,-0.011348 
7.400000  ,27.794534 ,-29.175748,5.940727  ,5.866604  ,0.022594  ,-0.114702 
7.400000  ,27.794534 ,-29.175748,5.940727  ,5.866604  ,0.022594  ,-0.051856 
7.420000  ,27.897927 ,-29.118616,5.875729  ,5.866604  ,0.037233  ,-0.077283 
7.420000  ,27.897927 ,-29.118616,5.875729  ,5.866604  ,0.037233  ,-0.037429 
7.440000  ,28.001838 ,-29.064414,5.845985  ,5.824326  ,0.046228  ,0.067845  
7.440000  ,28.001838 ,-29.064414,5.845985  ,5.824326  ,0.046228  ,0.011213  
7.460000  ,28.107121 ,-29.013477,5.850273  ,5.824326  ,0.060045  ,-0.023290 
7.460000  ,28.107121 ,-29.013477,5.850273  ,5.824326  ,0.060045  ,-0.029057 
7.480000  ,28.213878 ,-28.966038,5.833325  ,5.793518  ,0.068705  ,0.008969  
7.480000  ,28.213878 ,-28.966038,5.833325  ,5.793518  ,0.068705  ,0.070918  
7.500000  ,28.321965 ,-28.922444,5.822709  ,5.793518  ,0.080594  ,-0.038599 
7.500000  ,28.321965 ,-28.922444,5.822709  ,5.793518  ,0.080594  ,0.063867  
7.520000  ,28.431258 ,-28.882970,5.799374  ,5.772176  ,0.088249  ,0.014848  
7.520000  ,28.431258 ,-28.882970,5.799374  ,5.772176  ,0.088249  ,-0.081766 
7.540000  ,28.541700 ,-28.847707,5.795123  ,5.758248  ,0.092838  ,-0.047605 
7.540000  ,28.541700 ,-28.847707,5.795123  ,5.758248  ,0.092838  ,-0.001273 
7.560000  ,28.653097 ,-28.816859,5.766043  ,5.758248  ,0.103904  ,0.079563  
7.560000  ,28.653097 ,-28.816859,5.766043  ,5.758248  ,0.103904  ,0.058991  
7.580000  ,28.765383 ,-28.790315,5.772706  ,5.749922  ,0.107100  ,0.028736  
7.580000  ,28.765383 ,-28.790315,5.772706  ,5.749922  ,0.107100  ,-0.080026 
7.600000  ,28.878677 ,-28.768091,5.773258  ,5.749922  ,0.115643  ,0.053598  
7.600000  ,28.878677 ,-28.768091,5.773258  ,5.749922  ,0.115643  ,0.113490  
7.620000  ,28.992769 ,-28.750197,5.776068  ,5.745722  ,0.117620  ,0.033147  
7.620000  ,28.992769 ,-28.750197,5.776068  ,5.745722  ,0.117620  ,0.075706  
7.640000  ,29.107481 ,-28.736581,5.776328  ,5.745722  ,0.123799  ,0.065397  
7.640000  ,29.107481 ,-28.736581,5.776328  ,5.745722  ,0.123799  ,0.058981  
7.660000  ,29.222649 ,-28.727159,5.779558  ,5.744308  ,0.124908  ,0.008928  
7.660000  ,29.222649 ,-28.727159,5.779558  ,5.744308  ,0.124908  ,0.046517  
7.680000  ,29.338016 ,-28.721843,5.770497  ,5.744308  ,0.129209  ,0.082591  
7.680000  ,29.338016 ,-28.721843,5.770497  ,5.744308  ,0.129209  ,-0.079857 
7.700000  ,29.453465 ,-28.720391,5.775734  ,5.744308  ,0.130133  ,0.019175  
7.700000  ,29.453465 ,-28.720391,5.775734  ,5.744308  ,0.130133  ,-0.014889 
7.720000  ,29.568911 ,-28.722558,5.771517  ,5.744308  ,0.129627  ,0.025351  
7.720000  ,29.568911 ,-28.722558,5.771517  ,5.744308  ,0.129627  ,-0.087427 
7.740000  ,29.684191 ,-28.728226,5.770877  ,5.744308  ,0.134539  ,-0.051350 
7.740000  ,29.684191 ,-28.728226,5.770877  ,5.744308  ,0.134539  ,0.026149  
7.760000  ,29.798969 ,-28.737243,5.744056  ,5.744381  ,0.134215  ,-0.068500 
7.760000  ,29.798969 ,-28.737243,5.744056  ,5.744381  ,0.134215  ,0.029223  
7.780000  ,29.912945 ,-28.749468,5.720588  ,5.744381  ,0.136248  ,0.003459  
7.780000  ,29.912945 ,-28.749468,5.720588  ,5.744381  ,0.136248  ,-0.037290 
7.800000  ,30.026342 ,-28.764843,5.723118  ,5.746004  ,0.134249  ,0.052356  
7.800000  ,30.026342 ,-28.764843,5.723118  ,5.746004  ,0.134249  ,0.025386  
7.820000  ,30.139372 ,-28.783312,5.730104  ,5.746004  ,0.133039  ,-0.018454 
7.820000  ,30.139372 ,-28.783312,5.730104  ,5.746004  ,0.133039  ,-0.040406 
7.840000  ,30.251941 ,-28.804737,5.729225  ,5.750532  ,0.128691  ,-0.053218 
7.840000  ,30.251941 ,-28.804737,5.729225  ,5.750532  ,0.128691  ,-0.031376 
7.860000  ,30.363867 ,-28.828721,5.718240  ,5.759199  ,0.122166  ,-0.021603 
7.860000  ,30.363867 ,-28.828721,5.718240  ,5.759199  ,0.122166  ,0.069441  
7.880000  ,30.475153 ,-28.855146,5.720037  ,5.759199  ,0.119141  ,-0.009766 
7.880000  ,30.475153 ,-28.855146,5.720037  ,5.759199  ,0.119141  ,0.062513  
7.900000  ,30.585904 ,-28.883914,5.722766  ,5.773157  ,0.111537  ,0.090368  
7.900000  ,30.585904 ,-28.883914,5.722766  ,5.773157  ,0.111537  ,0.024434  
7.920000  ,30.696216 ,-28.914916,5.735834  ,5.773157  ,0.107440  ,0.040331  
7.920000  ,30.696216 ,-28.914916,5.735834  ,5.773157  ,0.107440  ,-0.054536 
7.940000  ,30.806126 ,-28.948024,5.743043  ,5.793533  ,0.099748  ,-0.020552 
7.940000  ,30.806126 ,-28.948024,5.743043  ,5.793533  ,0.099748  ,0.008979  
7.960000  ,30.915537 ,-28.983074,5.745823  ,5.793533  ,0.095371  ,-0.051513 
7.960000  ,30.915537 ,-28.983074,5.745823  ,5.793533  ,0.095371  ,0.031001  
7.980000  ,31.024368 ,-29.019925,5.744513  ,5.821094  ,0.088512  ,-0.032974 
7.980000  ,31.024368 ,-29.019925,5.744513  ,5.821094  ,0.088512  ,-0.015606 
8.000000  ,31.132636 ,-29.058489,5.748562  ,5.821094  ,0.084481  ,-0.044577 
8.000000  ,31.132636 ,-29.058489,5.748562  ,5.821094  ,0.084481  ,-0.014246 
8.020000  ,31.240372 ,-29.098700,5.751157  ,5.856205  ,0.079077  ,0.014568  
8.020000  ,31.240372 ,-29.098700,5.751157  ,5.856205  ,0.079077  ,0.027467  
8.040000  ,31.347643 ,-29.140521,5.762262  ,5.898980  ,0.072933  ,-0.084639 
8.040000  ,31.347643 ,-29.140521,5.762262  ,5.898980  ,0.072933  ,-0.067082 
8.060000  ,31.454462 ,-29.183905,5.767097  ,5.898980  ,0.072278  ,-0.046736 
8.060000  ,31.454462 ,-29.183905,5.767097  ,5.898980  ,0.072278  ,0.048476  
8.080000  ,31.560785 ,-29.228820,5.775002  ,5.949390  ,0.068174  ,0.015610  
8.080000  ,31.560785 ,-29.228820,5.775002  ,5.949390  ,0.068174  ,0.039088  
8.100000  ,31.666621 ,-29.275511,5.792641  ,5.949390  ,0.068356  ,-0.045366 
8.100000  ,31.666621 ,-29.275511,5.792641  ,5.949390  ,0.068356  ,-0.004883 
8.120000  ,31.771956 ,-29.323992,5.802982  ,6.007358  ,0.065945  ,0.062891  
8.120000  ,31.771956 ,-29.323992,5.802982  ,6.007358  ,0.065945  ,0.015671  
8.140000  ,31.876817 ,-29.374312,5.827795  ,6.007358  ,0.066645  ,0.064115  
8.140000  ,31.876817 ,-29.374312,5.827795  ,6.007358  ,0.066645  ,-0.016599 
8.160000  ,31.981263 ,-29.426556,5.850418  ,6.072804  ,0.065785  ,0.029034  
8.160000  ,31.981263 ,-29.426556,5.850418  ,6.072804  ,0.065785  ,-0.013718 
8.180000  ,32.085226 ,-29.480756,5.873759  ,6.145580  ,0.064246  ,-0.009519 
8.180000  ,32.085226 ,-29.480756,5.873759  ,6.145580  ,0.064246  ,-0.018104 
8.200000  ,32.188667 ,-29.536953,5.898111  ,6.145580  ,0.067055  ,0.017764  
8.200000  ,32.188667 ,-29.536953,5.898111  ,6.145580  ,0.067055  ,-0.047871 
8.220000  ,32.291551 ,-29.595163,5.922735  ,6.225443  ,0.066608  ,-0.002251 
8.220000  ,32.291551 ,-29.595163,5.922735  ,6.225443  ,0.066608  ,0.020689  
8.240000  ,32.393983 ,-29.655213,5.950629  ,6.225443  ,0.069142  ,0.045629  
8.240000  ,32.393983 ,-29.655213,5.950629  ,6.225443  ,0.069142  ,-0.028648 
8.260000  ,32.495984 ,-29.717109,5.980379  ,6.312029  ,0.069748  ,-0.027209 
8.260000  ,32.495984 ,-29.717109,5.980379  ,6.312029  ,0.069748  ,-0.028149 
8.280000  ,32.597548 ,-29.780819,6.008643  ,6.404903  ,0.069988  ,-0.026225 
8.280000  ,32.597548 ,-29.780819,6.008643  ,6.404903  ,0.069988  ,0.060093  
8.300000  ,32.698717 ,-29.846317,6.042996  ,6.404903  ,0.072966  ,-0.030787 
8.300000  ,32.698717 ,-29.846317,6.042996  ,6.404903  ,0.072966  ,0.015241  
8.320000  ,32.799519 ,-29.913556,6.073737  ,6.503847  ,0.073555  ,-0.050505 
8.320000  ,32.799519 ,-29.913556,6.073737  ,6.503847  ,0.073555  ,0.000318  
8.340000  ,32.899976 ,-29.982485,6.108979  ,6.503847  ,0.075250  ,-0.031722 
8.340000  ,32.899976 ,-29.982485,6.108979  ,6.503847  ,0.075250  ,0.042695  
8.360000  ,33.000122 ,-30.053067,6.142693  ,6.608875  ,0.075385  ,0.011261  
8.360000  ,33.000122 ,-30.053067,6.142693  ,6.608875  ,0.075385  ,-0.038111 
8.380000  ,33.100126 ,-30.125196,6.187019  ,6.720151  ,0.075068  ,0.071689  
8.380000  ,33.100126 ,-30.125196,6.187019  ,6.720151  ,0.075068  ,0.000825  
8.400000  ,33.200272 ,-30.198839,6.243170  ,6.720151  ,0.074664  ,0.064205  
8.400000  ,33.200272 ,-30.198839,6.243170  ,6.720151  ,0.074664  ,-0.015820 
8.420000  ,33.300645 ,-30.273961,6.293413  ,6.837919  ,0.073195  ,-0.046178 
8.420000  ,33.300645 ,-30.273961,6.293413  ,6.837919  ,0.073195  ,0.021752  
8.440000  ,33.401220 ,-30.350418,6.339677  ,6.837919  ,0.070791  ,0.084101  
8.440000  ,33.401220 ,-30.350418,6.339677  ,6.837919  ,0.070791  ,-0.012583 
8.460000  ,33.502097 ,-30.428131,6.393741  ,6.962263  ,0.067453  ,0.055562  
8.460000  ,33.502097 ,-30.428131,6.393741  ,6.962263  ,0.067453  ,0.002215  
8.480000  ,33.603566 ,-30.506911,6.451681  ,7.093126  ,0.063434  ,-0.036188 
8.480000  ,33.603566 ,-30.506911,6.451681  ,7.093126  ,0.063434  ,-0.087487 
8.500000  ,33.705725 ,-30.586664,6.507872  ,7.093126  ,0.058019  ,0.016346  
8.500000  ,33.705725 ,-30.586664,6.507872  ,7.093126  ,0.058019  ,-0.016223 
8.520000  ,33.808635 ,-30.667274,6.563724  ,7.230231  ,0.052284  ,0.041421  
8.520000  ,33.808635 ,-30.667274,6.563724  ,7.230231  ,0.052284  ,-0.024482 
8.540000  ,33.912453 ,-30.748698,6.629447  ,7.373051  ,0.046030  ,-0.091792 
8.540000  ,33.912453 ,-30.748698,6.629447  ,7.373051  ,0.046030  ,-0.034829 
8.560000  ,34.017289 ,-30.830869,6.689961  ,7.373051  ,0.039084  ,0.028548  
8.560000  ,34.017289 ,-30.830869,6.689961  ,7.373051  ,0.039084  ,-0.021413 
8.580000  ,34.123211 ,-30.913707,6.756029  ,7.340097  ,0.032189  ,-0.024985 
8.580000  ,34.123211 ,-30.913707,6.756029  ,7.340097  ,0.032189  ,0.106656  
8.600000  ,34.230203 ,-30.997088,6.807933  ,7.180042  ,0.025243  ,-0.038806 
8.600000  ,34.230203 ,-30.997088,6.807933  ,7.180042  ,0.025243  ,0.035281  
8.620000  ,34.338031 ,-31.080740,6.838877  ,7.180042  ,0.018307  ,-0.038987 
8.620000  ,34.338031 ,-31.080740,6.838877  ,7.180042  ,0.018307  ,0.038412  
8.640000  ,34.446544 ,-31.164470,6.866931  ,7.008539  ,0.011690  ,-0.026533 
8.640000  ,34.446544 ,-31.164470,6.866931  ,7.008539  ,0.011690  ,-0.059319 
8.660000  ,34.555609 ,-31.248116,6.877614  ,6.827257  ,0.005395  ,0.031841  
8.660000  ,34.555609 ,-31.248116,6.877614  ,6.827257  ,0.005395  ,-0.012202 
8.680000  ,34.664972 ,-31.331434,6.871241  ,6.827257  ,0.000402  ,0.019982  
8.680000  ,34.664972 ,-31.331434,6.871241  ,6.827257  ,0.000402  ,-0.001570 
8.700000  ,34.774507 ,-31.414281,6.862979  ,6.638258  ,0.005685  ,-0.116147 
8.700000  ,34.774507 ,-31.414281,6.862979  ,6.638258  ,0.005685  ,0.002299  
8.720000  ,34.883300 ,-31.495932,6.745644  ,6.446462  ,0.010359  ,0.037274  
8.720000  ,34.883300 ,-31.495932,6.745644  ,6.446462  ,0.010359  ,-0.085572 
8.740000  ,34.990773 ,-31.575906,6.655489  ,6.254050  ,0.014351  ,-0.030655 
8.740000  ,34.990773 ,-31.575906,6.655489  ,6.254050  ,0.014351  ,0.027721  
8.760000  ,35.096659 ,-31.653957,6.506752  ,6.254050  ,0.017330  ,-0.053167 
8.760000  ,35.096659 ,-31.653957,6.506752  ,6.254050  ,0.017330  ,-0.077129 
8.780000  ,35.200912 ,-31.729978,6.401464  ,6.062983  ,0.019648  ,-0.102030 
8.780000  ,35.200912 ,-31.729978,6.401464  ,6.062983  ,0.019648  ,0.077366  
8.800000  ,35.303500 ,-31.803877,6.249830  ,6.062983  ,0.020913  ,-0.027567 
8.800000  ,35.303500 ,-31.803877,6.249830  ,6.062983  ,0.020913  ,0.050672  
8.820000  ,35.404757 ,-31.875832,6.176024  ,5.874954  ,0.021332  ,0.033570  
8.820000  ,35.404757 ,-31.875832,6.176024  ,5.874954  ,0.021332  ,-0.010997 
8.840000  ,35.504995 ,-31.946338,6.083944  ,5.691372  ,0.021073  ,0.062613  
8.840000  ,35.504995 ,-31.946338,6.083944  ,5.691372  ,0.021073  ,-0.055415 
8.860000  ,35.603882 ,-32.015167,5.970364  ,5.691372  ,0.019909  ,0.046881  
8.860000  ,35.603882 ,-32.015167,5.970364  ,5.691372  ,0.019909  ,-0.002531 
8.880000  ,35.701533 ,-32.082415,5.890466  ,5.513368  ,0.018219  ,-0.050475 
8.880000  ,35.701533 ,-32.082415,5.890466  ,5.513368  ,0.018219  ,-0.052062 
8.900000  ,35.797473 ,-32.148081,5.743285  ,5.513368  ,0.015951  ,-0.101122 
8.900000  ,35.797473 ,-32.148081,5.743285  ,5.513368  ,0.015951  ,-0.034433 
8.920000  ,35.891325 ,-32.212204,5.629333  ,5.341788  ,0.013621  ,-0.056733 
8.920000  ,35.891325 ,-32.212204,5.629333  ,5.341788  ,0.013621  ,-0.010397 
8.940000  ,35.983259 ,-32.275011,5.510825  ,5.177272  ,0.011374  ,0.018876  
8.940000  ,35.983259 ,-32.275011,5.510825  ,5.177272  ,0.011374  ,-0.059590 
8.960000  ,36.073241 ,-32.336661,5.402505  ,5.177272  ,0.008441  ,0.099823  
8.960000  ,36.073241 ,-32.336661,5.402505  ,5.177272  ,0.008441  ,0.056949  
8.980000  ,36.161822 ,-32.397737,5.359336  ,5.019984  ,0.006228  ,0.024695  
8.980000  ,36.161822 ,-32.397737,5.359336  ,5.019984  ,0.006228  ,-0.113857 
9.000000  ,36.248843 ,-32.458344,5.251024  ,5.019984  ,0.003608  ,0.042487  
9.000000  ,36.248843 ,-32.458344,5.251024  ,5.019984  ,0.003608  ,-0.018164 
9.020000  ,36.334069 ,-32.518533,5.186119  ,4.869968  ,0.002032  ,-0.045187 
9.020000  ,36.334069 ,-32.518533,5.186119  ,4.869968  ,0.002032  ,0.068908  
9.040000  ,36.417349 ,-32.578140,5.061738  ,4.869968  ,0.000234  ,-0.012950 
9.040000  ,36.417349 ,-32.578140,5.061738  ,4.869968  ,0.000234  ,-0.050042 
9.060000  ,36.498582 ,-32.637300,4.991268  ,4.727343  ,0.000321  ,0.035938  
9.060000  ,36.498582 ,-32.637300,4.991268  ,4.727343  ,0.000321  ,0.051836  
9.080000  ,36.578053 ,-32.696335,4.912789  ,4.727343  ,0.001018  ,0.006076  
9.080000  ,36.578053 ,-32.696335,4.912789  ,4.727343  ,0.001018  ,0.026316  
9.100000  ,36.655784 ,-32.755366,4.851046  ,4.592628  ,0.000187  ,-0.015301 
9.100000  ,36.655784 ,-32.755366,4.851046  ,4.592628  ,0.000187  ,0.005246  
9.120000  ,36.731620 ,-32.814276,4.756825  ,4.592628  ,0.000117  ,0.029678  
9.120000  ,36.731620 ,-32.814276,4.756825  ,4.592628  ,0.000117  ,0.002886  
9.140000  ,36.805680 ,-32.873213,4.710521  ,4.466545  ,0.003080  ,-0.039013 
9.140000  ,36.805680 ,-32.873213,4.710521  ,4.466545  ,0.003080  ,0.021726  
9.160000  ,36.877788 ,-32.932235,4.613109  ,4.466545  ,0.002658  ,-0.027936 
9.160000  ,36.877788 ,-32.932235,4.613109  ,4.466545  ,0.002658  ,-0.063493 
9.180000  ,36.947872 ,-32.991263,4.553042  ,4.349719  ,0.007007  ,0.048475  
9.180000  ,36.947872 ,-32.991263,4.553042  ,4.349719  ,0.007007  ,-0.012283 
9.200000  ,37.016236 ,-33.050562,4.499740  ,4.349719  ,0.005279  ,0.046219  
9.200000  ,37.016236 ,-33.050562,4.499740  ,4.349719  ,0.005279  ,-0.013144 
9.220000  ,37.083053 ,-33.110285,4.464009  ,4.349719  ,0.004901  ,-0.025836 
9.220000  ,37.083053 ,-33.110285,4.464009  ,4.349719  ,0.004901  ,-0.002144 
9.240000  ,37.148325 ,-33.170451,4.415774  ,4.242514  ,0.006512  ,0.009154  
9.240000  ,37.148325 ,-33.170451,4.415774  ,4.242514  ,0.006512  ,-0.061041 
9.260000  ,37.211717 ,-33.231082,4.359285  ,4.242514  ,0.004292  ,0.011327  
9.260000  ,37.211717 ,-33.231082,4.359285  ,4.242514  ,0.004292  ,0.009759  
9.280000  ,37.273174 ,-33.292381,4.322989  ,4.145362  ,0.006261  ,0.039432  
9.280000  ,37.273174 ,-33.292381,4.322989  ,4.145362  ,0.006261  ,0.007916  
9.300000  ,37.332446 ,-33.354634,4.275419  ,4.145362  ,0.002587  ,0.056681  
9.300000  ,37.332446 ,-33.354634,4.275419  ,4.145362  ,0.002587  ,-0.004018 
9.320000  ,37.389745 ,-33.417743,4.250161  ,4.058818  ,0.005611  ,-0.015212 
9.320000  ,37.389745 ,-33.417743,4.250161  ,4.058818  ,0.005611  ,0.005242  
9.340000  ,37.444801 ,-33.481518,4.179060  ,4.058818  ,0.000099  ,0.004578  
9.340000  ,37.444801 ,-33.481518,4.179060  ,4.058818  ,0.000099  ,-0.026782 
9.360000  ,37.497273 ,-33.546033,4.139245  ,3.983353  ,0.004581  ,-0.057365 
9.360000  ,37.497273 ,-33.546033,4.139245  ,3.983353  ,0.004581  ,0.059638  
9.380000  ,37.547230 ,-33.611070,4.065837  ,3.983353  ,0.002376  ,0.087593  
9.380000  ,37.547230 ,-33.611070,4.065837  ,3.983353  ,0.002376  ,0.057947  
9.400000  ,37.594643 ,-33.677135,4.066311  ,3.983353  ,0.006637  ,0.102594  
9.400000  ,37.594643 ,-33.677135,4.066311  ,3.983353  ,0.006637  ,-0.044546 
9.420000  ,37.639873 ,-33.744742,4.068134  ,3.919271  ,0.003944  ,0.046663  
9.420000  ,37.639873 ,-33.744742,4.068134  ,3.919271  ,0.003944  ,-0.072168 
9.440000  ,37.682873 ,-33.813373,4.032955  ,3.919271  ,0.009591  ,-0.013902 
9.440000  ,37.682873 ,-33.813373,4.032955  ,3.919271  ,0.009591  ,-0.137020 
9.460000  ,37.723182 ,-33.882699,3.989037  ,3.866730  ,0.004889  ,0.024722  
9.460000  ,37.723182 ,-33.882699,3.989037  ,3.866730  ,0.004889  ,0.004550  
9.480000  ,37.760638 ,-33.952735,3.955446  ,3.866730  ,0.011520  ,-0.081995 
9.480000  ,37.760638 ,-33.952735,3.955446  ,3.866730  ,0.011520  ,-0.021315 
9.500000  ,37.795016 ,-34.023290,3.896683  ,3.866730  ,0.015120  ,0.023270  
9.500000  ,37.795016 ,-34.023290,3.896683  ,3.866730  ,0.015120  ,-0.027820 
9.520000  ,37.826554 ,-34.094527,3.894383  ,3.825425  ,0.010975  ,0.005251  
9.520000  ,37.826554 ,-34.094527,3.894383  ,3.825425  ,0.010975  ,0.097904  
9.540000  ,37.855318 ,-34.166654,3.872453  ,3.825425  ,0.015321  ,-0.007432 
9.540000  ,37.855318 ,-34.166654,3.872453  ,3.825425  ,0.015321  ,0.017718  
9.560000  ,37.881249 ,-34.239420,3.853707  ,3.825425  ,0.016777  ,-0.032482 
9.560000  ,37.881249 ,-34.239420,3.853707  ,3.825425  ,0.016777  ,-0.116357 
9.580000  ,37.904298 ,-34.312731,3.832791  ,3.794488  ,0.012954  ,0.082443  
9.580000  ,37.904298 ,-34.312731,3.832791  ,3.794488  ,0.012954  ,-0.021298 
9.600000  ,37.924185 ,-34.386799,3.836889  ,3.794488  ,0.014822  ,-0.015895 
9.600000  ,37.924185 ,-34.386799,3.836889  ,3.794488  ,0.014822  ,-0.036868 
9.620000  ,37.941310 ,-34.461382,3.816822  ,3.772970  ,0.007227  ,0.038586  
9.620000  ,37.941310 ,-34.461382,3.816822  ,3.772970  ,0.007227  ,-0.003481 
9.640000  ,37.955645 ,-34.536336,3.815009  ,3.772970  ,0.010219  ,-0.036370 
9.640000  ,37.955645 ,-34.536336,3.815009  ,3.772970  ,0.010219  ,0.105345  
9.660000  ,37.967206 ,-34.611464,3.788019  ,3.772970  ,0.010441  ,0.012334  
9.660000  ,37.967206 ,-34.611464,3.788019  ,3.772970  ,0.010441  ,-0.085417 
9.680000  ,37.976173 ,-34.686678,3.787085  ,3.759568  ,0.003553  ,-0.016561 
9.680000  ,37.976173 ,-34.686678,3.787085  ,3.759568  ,0.003553  ,-0.021402 
9.700000  ,37.982806 ,-34.761965,3.771912  ,3.759568  ,0.006072  ,0.074829  
9.700000  ,37.982806 ,-34.761965,3.771912  ,3.759568  ,0.006072  ,-0.114957 
9.720000  ,37.986769 ,-34.837354,3.777713  ,3.752691  ,0.004792  ,-0.037783 
9.720000  ,37.986769 ,-34.837354,3.777713  ,3.752691  ,0.004792  ,-0.095675 
9.740000  ,37.987955 ,-34.912667,3.756094  ,3.752691  ,0.000608  ,0.023131  
9.740000  ,37.987955 ,-34.912667,3.756094  ,3.752691  ,0.000608  ,0.023850  
9.760000  ,37.986162 ,-34.987781,3.757926  ,3.752691  ,0.003022  ,-0.067319 
9.760000  ,37.986162 ,-34.987781,3.757926  ,3.752691  ,0.003022  ,0.060843  
9.780000  ,37.981410 ,-35.062521,3.732951  ,3.750499  ,0.007121  ,0.000882  
9.780000  ,37.981410 ,-35.062521,3.732951  ,3.750499  ,0.007121  ,0.054660  
9.800000  ,37.973501 ,-35.136770,3.734662  ,3.750499  ,0.000000  ,0.098331  
9.800000  ,37.973501 ,-35.136770,3.734662  ,3.750499  ,0.000000  ,0.002435  
9.820000  ,37.962036 ,-35.210680,3.745261  ,3.750499  ,0.001885  ,0.051593  
9.820000  ,37.962036 ,-35.210680,3.745261  ,3.750499  ,0.001885  ,0.041817  
9.840000  ,37.947204 ,-35.284150,3.750537  ,3.750499  ,0.005602  ,-0.048896 
9.840000  ,37.947204 ,-35.284150,3.750537  ,3.750499  ,0.005602  ,-0.047990 
9.860000  ,37.928807 ,-35.356679,3.733693  ,3.750499  ,0.001025  ,0.002048  
9.860000  ,37.928807 ,-35.356679,3.733693  ,3.750499  ,0.001025  ,-0.051435 
9.880000  ,37.906839 ,-35.428059,3.735444  ,3.750499  ,0.009452  ,0.002818  
9.880000  ,37.906839 ,-35.428059,3.735444  ,3.750499  ,0.009452  ,0.058230  
9.900000  ,37.881450 ,-35.498331,3.737103  ,3.750499  ,0.000130  ,-0.111755 
9.900000  ,37.881450 ,-35.498331,3.737103  ,3.750499  ,0.000130  ,-0.054301 
9.920000  ,37.852590 ,-35.566881,3.703246  ,3.750499  ,0.005840  ,-0.032979 
9.920000  ,37.852590 ,-35.566881,3.703246  ,3.750499  ,0.005840  ,-0.053461 
9.940000  ,37.820627 ,-35.633702,3.704571  ,3.751165  ,0.001122  ,0.031376  
9.940000  ,37.820627 ,-35.633702,3.704571  ,3.751165  ,0.001122  ,-0.014990 
9.960000  ,37.785427 ,-35.698972,3.711809  ,3.751165  ,0.000000  ,0.026663  
9.960000  ,37.785427 ,-35.698972,3.711809  ,3.751165  ,0.000000  ,0.018969  
9.980000  ,37.747065 ,-35.762593,3.717939  ,3.751165  ,0.010641  ,0.017990  
9.980000  ,37.747065 ,-35.762593,3.717939  ,3.751165  ,0.010641  ,0.030496  
10.000000 ,37.705811 ,-35.824509,3.722693  ,3.755157  ,0.005552  ,-0.014324 
10.000000 ,37.705811 ,-35.824509,3.722693  ,3.755157  ,0.005552  ,-0.057861 
10.020000 ,37.661978 ,-35.884707,3.724377  ,3.755157  ,0.011584  ,-0.022480 
10.020000 ,37.661978 ,-35.884707,3.724377  ,3.755157  ,0.011584  ,0.084408  
10.040000 ,37.615543 ,-35.942953,3.725148  ,3.755157  ,0.014369  ,-0.030572 
10.040000 ,37.615543 ,-35.942953,3.725148  ,3.755157  ,0.014369  ,0.086313  
10.060000 ,37.566805 ,-35.999292,3.724954  ,3.764751  ,0.011046  ,-0.033070 
10.060000 ,37.566805 ,-35.999292,3.724954  ,3.764751  ,0.011046  ,0.003156  
10.080000 ,37.515704 ,-36.053505,3.725579  ,3.764751  ,0.015541  ,-0.002998 
10.080000 ,37.515704 ,-36.053505,3.725579  ,3.764751  ,0.015541  ,0.094891  
10.100000 ,37.462350 ,-36.105558,3.728937  ,3.782053  ,0.008728  ,-0.009817 
10.100000 ,37.462350 ,-36.105558,3.728937  ,3.782053  ,0.008728  ,-0.026711 
10.120000 ,37.406973 ,-36.155566,3.732957  ,3.782053  ,0.014701  ,-0.066005 
10.120000 ,37.406973 ,-36.155566,3.732957  ,3.782053  ,0.014701  ,-0.042038 
10.140000 ,37.349607 ,-36.203245,3.727136  ,3.782053  ,0.017614  ,0.014403  
10.140000 ,37.349607 ,-36.203245,3.727136  ,3.782053  ,0.017614  ,0.119985  
10.160000 ,37.290564 ,-36.248849,3.733572  ,3.809269  ,0.012214  ,0.033186  
10.160000 ,37.290564 ,-36.248849,3.733572  ,3.809269  ,0.012214  ,0.017933  
10.180000 ,37.229788 ,-36.292399,3.743680  ,3.809269  ,0.016870  ,0.065752  
10.180000 ,37.229788 ,-36.292399,3.743680  ,3.809269  ,0.016870  ,0.058378  
10.200000 ,37.167129 ,-36.333602,3.755874  ,3.809269  ,0.018539  ,-0.011307 
10.200000 ,37.167129 ,-36.333602,3.755874  ,3.809269  ,0.018539  ,0.058135  
10.220000 ,37.102866 ,-36.372566,3.759781  ,3.848565  ,0.014185  ,-0.002364 
10.220000 ,37.102866 ,-36.372566,3.759781  ,3.848565  ,0.014185  ,0.011356  
10.240000 ,37.037023 ,-36.409045,3.767804  ,3.848565  ,0.016981  ,0.105182  
10.240000 ,37.037023 ,-36.409045,3.767804  ,3.848565  ,0.016981  ,0.033713  
10.260000 ,36.969753 ,-36.443385,3.785067  ,3.901822  ,0.009711  ,0.128008  
10.260000 ,36.969753 ,-36.443385,3.785067  ,3.901822  ,0.009711  ,0.054614  
10.280000 ,36.901000 ,-36.475601,3.807791  ,3.901822  ,0.013977  ,-0.024128 
10.280000 ,36.901000 ,-36.475601,3.807791  ,3.901822  ,0.013977  ,0.029167  
10.300000 ,36.830949 ,-36.505637,3.814280  ,3.901822  ,0.015735  ,0.039136  
10.300000 ,36.830949 ,-36.505637,3.814280  ,3.901822  ,0.015735  ,-0.053932 
10.320000 ,36.759839 ,-36.533577,3.826041  ,3.970562  ,0.010315  ,0.012229  
10.320000 ,36.759839 ,-36.533577,3.826041  ,3.970562  ,0.010315  ,0.021552  
10.340000 ,36.687740 ,-36.559639,3.840594  ,3.970562  ,0.013908  ,-0.032036 
10.340000 ,36.687740 ,-36.559639,3.840594  ,3.970562  ,0.013908  ,0.042178  
10.360000 ,36.614675 ,-36.583626,3.849685  ,3.970562  ,0.015233  ,-0.019498 
10.360000 ,36.614675 ,-36.583626,3.849685  ,3.970562  ,0.015233  ,-0.035563 
10.380000 ,36.540825 ,-36.605728,3.859097  ,4.056361  ,0.012327  ,0.022261  
10.380000 ,36.540825 ,-36.605728,3.859097  ,4.056361  ,0.012327  ,0.029910  
10.400000 ,36.466086 ,-36.625795,3.879478  ,4.056361  ,0.015231  ,0.162464  
10.400000 ,36.466086 ,-36.625795,3.879478  ,4.056361  ,0.015231  ,0.064751  
10.420000 ,36.390363 ,-36.644110,3.910982  ,4.161032  ,0.011294  ,-0.003640 
10.420000 ,36.390363 ,-36.644110,3.910982  ,4.161032  ,0.011294  ,0.015441  
10.440000 ,36.313689 ,-36.660705,3.933859  ,4.161032  ,0.015534  ,-0.028710 
10.440000 ,36.313689 ,-36.660705,3.933859  ,4.161032  ,0.015534  ,0.027814  
10.460000 ,36.236239 ,-36.675562,3.952284  ,4.161032  ,0.017936  ,0.013460  
10.460000 ,36.236239 ,-36.675562,3.952284  ,4.161032  ,0.017936  ,0.027638  
10.480000 ,36.158081 ,-36.688687,3.972914  ,4.286555  ,0.016402  ,-0.023278 
10.480000 ,36.158081 ,-36.688687,3.972914  ,4.286555  ,0.016402  ,-0.074751 
10.500000 ,36.079193 ,-36.700243,3.999871  ,4.286555  ,0.019596  ,-0.110457 
10.500000 ,36.079193 ,-36.700243,3.999871  ,4.286555  ,0.019596  ,0.070623  
10.520000 ,35.999672 ,-36.710362,4.016231  ,4.434801  ,0.017970  ,0.042464  
10.520000 ,35.999672 ,-36.710362,4.016231  ,4.434801  ,0.017970  ,-0.010655 
10.540000 ,35.919387 ,-36.719073,4.059033  ,4.434801  ,0.021515  ,0.065709  
10.540000 ,35.919387 ,-36.719073,4.059033  ,4.434801  ,0.021515  ,0.014128  
10.560000 ,35.838127 ,-36.726455,4.100020  ,4.434801  ,0.023670  ,-0.063982 
10.560000 ,35.838127 ,-36.726455,4.100020  ,4.434801  ,0.023670  ,0.068728  
10.580000 ,35.756114 ,-36.732757,4.125160  ,4.607338  ,0.023595  ,-0.010493 
10.580000 ,35.756114 ,-36.732757,4.125160  ,4.607338  ,0.023595  ,-0.036637 
10.600000 ,35.673336 ,-36.738031,4.168951  ,4.607338  ,0.026008  ,0.081891  
10.600000 ,35.673336 ,-36.738031,4.168951  ,4.607338  ,0.026008  ,-0.010845 
10.620000 ,35.589579 ,-36.742335,4.217253  ,4.805473  ,0.026190  ,0.116593  
10.620000 ,35.589579 ,-36.742335,4.217253  ,4.805473  ,0.026190  ,-0.041085 
10.640000 ,35.504645 ,-36.745864,4.282687  ,4.805473  ,0.028258  ,-0.074470 
10.640000 ,35.504645 ,-36.745864,4.282687  ,4.805473  ,0.028258  ,-0.060047 
10.660000 ,35.418620 ,-36.748798,4.324308  ,4.805473  ,0.029713  ,0.000463  
10.660000 ,35.418620 ,-36.748798,4.324308  ,4.805473  ,0.029713  ,0.046045  
10.680000 ,35.331715 ,-36.751186,4.369022  ,4.708791  ,0.030559  ,0.071575  
10.680000 ,35.331715 ,-36.751186,4.369022  ,4.708791  ,0.030559  ,0.104756  
10.700000 ,35.243968 ,-36.753087,4.407211  ,4.708791  ,0.031277  ,-0.022838 
10.700000 ,35.243968 ,-36.753087,4.407211  ,4.708791  ,0.031277  ,-0.017310 
10.720000 ,35.155575 ,-36.754570,4.433089  ,4.460119  ,0.031972  ,0.011533  
10.720000 ,35.155575 ,-36.754570,4.433089  ,4.460119  ,0.031972  ,-0.035467 
10.740000 ,35.066887 ,-36.755918,4.436669  ,4.460119  ,0.031157  ,0.011758  
10.740000 ,35.066887 ,-36.755918,4.436669  ,4.460119  ,0.031157  ,0.106324  
10.760000 ,34.978132 ,-36.757369,4.439938  ,4.239484  ,0.031973  ,-0.002618 
10.760000 ,34.978132 ,-36.757369,4.439938  ,4.239484  ,0.031973  ,-0.010000 
10.780000 ,34.890093 ,-36.759390,4.370036  ,4.239484  ,0.029566  ,0.035648  
10.780000 ,34.890093 ,-36.759390,4.370036  ,4.239484  ,0.029566  ,0.048889  
10.800000 ,34.803078 ,-36.762080,4.337368  ,4.044932  ,0.031245  ,0.039635  
10.800000 ,34.803078 ,-36.762080,4.337368  ,4.044932  ,0.031245  ,-0.078731 
10.820000 ,34.717324 ,-36.765723,4.250347  ,4.044932  ,0.027086  ,0.040777  
10.820000 ,34.717324 ,-36.765723,4.250347  ,4.044932  ,0.027086  ,0.044347  
10.840000 ,34.633056 ,-36.770592,4.193675  ,4.044932  ,0.024284  ,0.000423  
10.840000 ,34.633056 ,-36.770592,4.193675  ,4.044932  ,0.024284  ,0.033676  
10.860000 ,34.549958 ,-36.776871,4.142619  ,3.874059  ,0.024538  ,0.018232  
10.860000 ,34.549958 ,-36.776871,4.142619  ,3.874059  ,0.024538  ,-0.028134 
10.880000 ,34.468410 ,-36.784916,4.056451  ,3.874059  ,0.020689  ,-0.002868 
10.880000 ,34.468410 ,-36.784916,4.056451  ,3.874059  ,0.020689  ,-0.037322 
10.900000 ,34.388537 ,-36.794584,3.992680  ,3.726334  ,0.023017  ,-0.005946 
10.900000 ,34.388537 ,-36.794584,3.992680  ,3.726334  ,0.023017  ,0.030100  
10.920000 ,34.310503 ,-36.805995,3.898951  ,3.726334  ,0.017788  ,-0.045255 
10.920000 ,34.310503 ,-36.805995,3.898951  ,3.726334  ,0.017788  ,-0.066855 
10.940000 ,34.234500 ,-36.819464,3.823954  ,3.726334  ,0.014998  ,-0.045899 
10.940000 ,34.234500 ,-36.819464,3.823954  ,3.726334  ,0.014998  ,-0.061258 
10.960000 ,34.160127 ,-36.834890,3.774551  ,3.601347  ,0.016955  ,-0.061952 
10.960000 ,34.160127 ,-36.834890,3.774551  ,3.601347  ,0.016955  ,-0.077827 
10.980000 ,34.087601 ,-36.852509,3.693605  ,3.601347  ,0.013270  ,-0.073871 
10.980000 ,34.087601 ,-36.852509,3.693605  ,3.601347  ,0.013270  ,-0.059538 
11.000000 ,34.017044 ,-36.872251,3.636419  ,3.499327  ,0.019302  ,0.123674  
11.000000 ,34.017044 ,-36.872251,3.636419  ,3.499327  ,0.019302  ,-0.055397 
11.020000 ,33.947726 ,-36.894087,3.631800  ,3.499327  ,0.014401  ,0.000296  
11.020000 ,33.947726 ,-36.894087,3.631800  ,3.499327  ,0.014401  ,0.043756  
11.040000 ,33.879715 ,-36.918185,3.586302  ,3.499327  ,0.012084  ,-0.023402 
11.040000 ,33.879715 ,-36.918185,3.586302  ,3.499327  ,0.012084  ,-0.052519 
11.060000 ,33.813347 ,-36.944305,3.548307  ,3.418947  ,0.018468  ,0.006772  
11.060000 ,33.813347 ,-36.944305,3.548307  ,3.418947  ,0.018468  ,-0.065161 
11.080000 ,33.748550 ,-36.972129,3.506110  ,3.418947  ,0.014198  ,0.007218  
11.080000 ,33.748550 ,-36.972129,3.506110  ,3.418947  ,0.014198  ,0.022850  
11.100000 ,33.685357 ,-37.001842,3.478591  ,3.418947  ,0.012336  ,-0.073443 
11.100000 ,33.685357 ,-37.001842,3.478591  ,3.418947  ,0.012336  ,0.095017  
11.120000 ,33.623838 ,-37.033281,3.432779  ,3.358033  ,0.018413  ,-0.100324 
11.120000 ,33.623838 ,-37.033281,3.432779  ,3.358033  ,0.018413  ,0.085653  
11.140000 ,33.564194 ,-37.065978,3.372516  ,3.358033  ,0.013968  ,0.025370  
11.140000 ,33.564194 ,-37.065978,3.372516  ,3.358033  ,0.013968  ,-0.015548 
11.160000 ,33.506139 ,-37.100332,3.373526  ,3.358033  ,0.011774  ,0.084714  
11.160000 ,33.506139 ,-37.100332,3.373526  ,3.358033  ,0.011774  ,0.029520  
11.180000 ,33.449137 ,-37.136546,3.379953  ,3.314092  ,0.016740  ,0.070689  
11.180000 ,33.449137 ,-37.136546,3.379953  ,3.314092  ,0.016740  ,-0.021106 
11.200000 ,33.393081 ,-37.174331,3.380401  ,3.314092  ,0.012022  ,-0.001883 
11.200000 ,33.393081 ,-37.174331,3.380401  ,3.314092  ,0.012022  ,0.049656  
11.220000 ,33.338457 ,-37.213742,3.356927  ,3.314092  ,0.009467  ,0.106941  
11.220000 ,33.338457 ,-37.213742,3.356927  ,3.314092  ,0.009467  ,0.116697  
11.240000 ,33.285207 ,-37.254728,3.362879  ,3.285427  ,0.011865  ,0.027440  
11.240000 ,33.285207 ,-37.254728,3.362879  ,3.285427  ,0.011865  ,-0.087860 
11.260000 ,33.233350 ,-37.297267,3.345664  ,3.285427  ,0.009345  ,-0.012916 
11.260000 ,33.233350 ,-37.297267,3.345664  ,3.285427  ,0.009345  ,-0.045876 
11.280000 ,33.183515 ,-37.341514,3.320483  ,3.285427  ,0.009444  ,-0.010108 
11.280000 ,33.183515 ,-37.341514,3.320483  ,3.285427  ,0.009444  ,0.018646  
11.300000 ,33.135724 ,-37.387385,3.304936  ,3.268660  ,0.016172  ,0.027018  
11.300000 ,33.135724 ,-37.387385,3.304936  ,3.268660  ,0.016172  ,-0.000042 
11.320000 ,33.089930 ,-37.434996,3.301749  ,3.268660  ,0.015536  ,-0.039845 
11.320000 ,33.089930 ,-37.434996,3.301749  ,3.268660  ,0.015536  ,-0.019750 
11.340000 ,33.046706 ,-37.484559,3.276643  ,3.268660  ,0.018107  ,-0.038289 
11.340000 ,33.046706 ,-37.484559,3.276643  ,3.268660  ,0.018107  ,0.015063  
11.360000 ,33.006216 ,-37.535866,3.260715  ,3.261468  ,0.031996  ,0.037849  
11.360000 ,33.006216 ,-37.535866,3.260715  ,3.261468  ,0.031996  ,-0.004352 
11.380000 ,32.968441 ,-37.589060,3.264299  ,3.261468  ,0.028754  ,-0.008814 
11.380000 ,32.968441 ,-37.589060,3.264299  ,3.261468  ,0.028754  ,-0.028877 
11.400000 ,32.933762 ,-37.644313,3.260290  ,3.261468  ,0.029230  ,0.000434  
11.400000 ,32.933762 ,-37.644313,3.260290  ,3.261468  ,0.029230  ,-0.014499 
11.420000 ,32.902489 ,-37.701519,3.260440  ,3.260241  ,0.043060  ,0.042433  
11.420000 ,32.902489 ,-37.701519,3.260440  ,3.260241  ,0.043060  ,-0.035284 
11.440000 ,32.875161 ,-37.760755,3.264361  ,3.260241  ,0.036951  ,-0.008376 
11.440000 ,32.875161 ,-37.760755,3.264361  ,3.260241  ,0.036951  ,0.029107  
11.460000 ,32.851849 ,-37.821678,3.260060  ,3.260241  ,0.035190  ,0.038567  
11.460000 ,32.851849 ,-37.821678,3.260060  ,3.260241  ,0.035190  ,-0.044575 
11.480000 ,32.832741 ,-37.884039,3.263657  ,3.260241  ,0.046220  ,0.048960  
11.480000 ,32.832741 ,-37.884039,3.263657  ,3.260241  ,0.046220  ,-0.042538 
11.500000 ,32.818180 ,-37.947697,3.267886  ,3.260241  ,0.038341  ,-0.037419 
11.500000 ,32.818180 ,-37.947697,3.267886  ,3.260241  ,0.038341  ,-0.030437 
11.520000 ,32.808229 ,-38.012114,3.252374  ,3.260241  ,0.035124  ,0.041367  
11.520000 ,32.808229 ,-38.012114,3.252374  ,3.260241  ,0.035124  ,0.074020  
11.540000 ,32.802727 ,-38.076961,3.256944  ,3.260241  ,0.043197  ,-0.000984 
11.540000 ,32.802727 ,-38.076961,3.256944  ,3.260241  ,0.043197  ,0.007005  
11.560000 ,32.802024 ,-38.142083,3.257159  ,3.260241  ,0.035142  ,0.027456  
11.560000 ,32.802024 ,-38.142083,3.257159  ,3.260241  ,0.035142  ,0.030815  
11.580000 ,32.806095 ,-38.207114,3.259994  ,3.263468  ,0.051174  ,0.059361  
11.580000 ,32.806095 ,-38.207114,3.259994  ,3.263468  ,0.051174  ,-0.094761 
11.600000 ,32.814655 ,-38.271796,3.265828  ,3.263468  ,0.038926  ,-0.060630 
11.600000 ,32.814655 ,-38.271796,3.265828  ,3.263468  ,0.038926  ,0.003064  
11.620000 ,32.827839 ,-38.335520,3.244145  ,3.263468  ,0.031368  ,-0.095942 
11.620000 ,32.827839 ,-38.335520,3.244145  ,3.263468  ,0.031368  ,0.035627  
11.640000 ,32.845475 ,-38.397658,3.217771  ,3.272173  ,0.047328  ,0.030499  
11.640000 ,32.845475 ,-38.397658,3.217771  ,3.272173  ,0.047328  ,0.045985  
11.660000 ,32.867363 ,-38.458247,3.225653  ,3.272173  ,0.035843  ,-0.039511 
11.660000 ,32.867363 ,-38.458247,3.225653  ,3.272173  ,0.035843  ,-0.006506 
11.680000 ,32.893689 ,-38.517136,3.226304  ,3.272173  ,0.029049  ,-0.007421 
11.680000 ,32.893689 ,-38.517136,3.226304  ,3.272173  ,0.029049  ,0.016803  
11.700000 ,32.924249 ,-38.573992,3.229874  ,3.287787  ,0.045868  ,0.093576  
11.700000 ,32.924249 ,-38.573992,3.229874  ,3.287787  ,0.045868  ,0.021693  
11.720000 ,32.958741 ,-38.628762,3.243938  ,3.287787  ,0.034880  ,0.119322  
11.720000 ,32.958741 ,-38.628762,3.243938  ,3.287787  ,0.034880  ,-0.019307 
11.740000 ,32.997212 ,-38.681179,3.259086  ,3.287787  ,0.028423  ,-0.029228 
11.740000 ,32.997212 ,-38.681179,3.259086  ,3.287787  ,0.028423  ,-0.027317 
11.760000 ,33.039056 ,-38.731141,3.258905  ,3.312804  ,0.041982  ,-0.026557 
11.760000 ,33.039056 ,-38.731141,3.258905  ,3.312804  ,0.041982  ,-0.037794 
11.780000 ,33.083769 ,-38.778585,3.261443  ,3.312804  ,0.032108  ,0.052409  
11.780000 ,33.083769 ,-38.778585,3.261443  ,3.312804  ,0.032108  ,0.068789  
11.800000 ,33.131416 ,-38.823262,3.271077  ,3.312804  ,0.026222  ,0.006716  
11.800000 ,33.131416 ,-38.823262,3.271077  ,3.312804  ,0.026222  ,-0.051015 
11.820000 ,33.181556 ,-38.865346,3.275574  ,3.349917  ,0.034243  ,-0.033944 
11.820000 ,33.181556 ,-38.865346,3.275574  ,3.349917  ,0.034243  ,-0.083578 
11.840000 ,33.233645 ,-38.905131,3.279325  ,3.349917  ,0.027454  ,0.021553  
11.840000 ,33.233645 ,-38.905131,3.279325  ,3.349917  ,0.027454  ,0.048405  
11.860000 ,33.287385 ,-38.942872,3.287880  ,3.349917  ,0.023269  ,0.033060  
11.860000 ,33.287385 ,-38.942872,3.287880  ,3.349917  ,0.023269  ,-0.011593 
11.880000 ,33.342610 ,-38.978729,3.296708  ,3.401877  ,0.028785  ,-0.083477 
11.880000 ,33.342610 ,-38.978729,3.296708  ,3.401877  ,0.028785  ,0.012995  
11.900000 ,33.398881 ,-39.013128,3.298722  ,3.401877  ,0.023470  ,0.089114  
11.900000 ,33.398881 ,-39.013128,3.298722  ,3.401877  ,0.023470  ,0.011595  
11.920000 ,33.456204 ,-39.046148,3.316572  ,3.401877  ,0.019861  ,-0.048302 
11.920000 ,33.456204 ,-39.046148,3.316572  ,3.401877  ,0.019861  ,0.041279  
11.940000 ,33.514563 ,-39.077745,3.320007  ,3.470285  ,0.024005  ,-0.012723 
11.940000 ,33.514563 ,-39.077745,3.320007  ,3.470285  ,0.024005  ,0.049209  
11.960000 ,33.573838 ,-39.107951,3.332778  ,3.470285  ,0.019349  ,-0.026333 
11.960000 ,33.573838 ,-39.107951,3.332778  ,3.470285  ,0.019349  ,0.040222  
11.980000 ,33.634109 ,-39.136659,3.343099  ,3.470285  ,0.016460  ,-0.007071 
11.980000 ,33.634109 ,-39.136659,3.343099  ,3.470285  ,0.016460  ,0.052202  
12.000000 ,33.695141 ,-39.164239,3.354251  ,3.557804  ,0.020102  ,0.123590  
12.000000 ,33.695141 ,-39.164239,3.354251  ,3.557804  ,0.020102  ,0.026670  
12.020000 ,33.757087 ,-39.190776,3.384622  ,3.557804  ,0.015912  ,0.004570  
12.020000 ,33.757087 ,-39.190776,3.384622  ,3.557804  ,0.015912  ,-0.003849 
12.040000 ,33.820011 ,-39.216178,3.401125  ,3.557804  ,0.013119  ,-0.011961 
12.040000 ,33.820011 ,-39.216178,3.401125  ,3.557804  ,0.013119  ,0.013147  
12.060000 ,33.883669 ,-39.240534,3.414560  ,3.667058  ,0.015757  ,0.065160  
12.060000 ,33.883669 ,-39.240534,3.414560  ,3.667058  ,0.015757  ,0.031815  
12.080000 ,33.948164 ,-39.263874,3.444051  ,3.667058  ,0.012029  ,0.050516  
12.080000 ,33.948164 ,-39.263874,3.444051  ,3.667058  ,0.012029  ,0.025003  
12.100000 ,34.013581 ,-39.286248,3.469445  ,3.667058  ,0.009491  ,0.117413  
12.100000 ,34.013581 ,-39.286248,3.469445  ,3.667058  ,0.009491  ,-0.037877 
12.120000 ,34.079848 ,-39.307801,3.498691  ,3.801197  ,0.010989  ,-0.025348 
12.120000 ,34.079848 ,-39.307801,3.498691  ,3.801197  ,0.010989  ,-0.030391 
12.140000 ,34.146893 ,-39.328724,3.524422  ,3.801197  ,0.007578  ,0.003272  
12.140000 ,34.146893 ,-39.328724,3.524422  ,3.801197  ,0.007578  ,-0.001510 
12.160000 ,34.214730 ,-39.348823,3.550422  ,3.801197  ,0.005164  ,-0.116412 
12.160000 ,34.214730 ,-39.348823,3.550422  ,3.801197  ,0.005164  ,0.030846  
12.180000 ,34.283150 ,-39.368284,3.562896  ,3.963568  ,0.005281  ,-0.067492 
12.180000 ,34.283150 ,-39.368284,3.562896  ,3.963568  ,0.005281  ,0.024203  
12.200000 ,34.352192 ,-39.387139,3.593828  ,3.963568  ,0.000000  ,0.005151  
12.200000 ,34.352192 ,-39.387139,3.593828  ,3.963568  ,0.000000  ,-0.053115 
12.220000 ,34.422059 ,-39.405458,3.628632  ,3.963568  ,0.000301  ,-0.009722 
12.220000 ,34.422059 ,-39.405458,3.628632  ,3.963568  ,0.000301  ,-0.060945 
12.240000 ,34.492696 ,-39.423392,3.658825  ,4.158219  ,0.000553  ,0.074673  
12.240000 ,34.492696 ,-39.423392,3.658825  ,4.158219  ,0.000553  ,0.010430  
12.260000 ,34.564248 ,-39.441124,3.712121  ,4.158219  ,0.002849  ,0.045845  
12.260000 ,34.564248 ,-39.441124,3.712121  ,4.158219  ,0.002849  ,-0.045681 
12.280000 ,34.636852 ,-39.458712,3.757792  ,4.158219  ,0.004782  ,-0.048918 
12.280000 ,34.636852 ,-39.458712,3.757792  ,4.158219  ,0.004782  ,-0.004383 
12.300000 ,34.710299 ,-39.476139,3.790426  ,4.389123  ,0.006282  ,-0.003092 
12.300000 ,34.710299 ,-39.476139,3.790426  ,4.389123  ,0.006282  ,-0.029740 
12.320000 ,34.784679 ,-39.493454,3.845721  ,4.389123  ,0.007874  ,-0.011647 
12.320000 ,34.784679 ,-39.493454,3.845721  ,4.389123  ,0.007874  ,-0.017840 
12.340000 ,34.860138 ,-39.510742,3.895089  ,4.659476  ,0.009741  ,0.005519  
12.340000 ,34.860138 ,-39.510742,3.895089  ,4.659476  ,0.009741  ,-0.060663 
12.360000 ,34.936783 ,-39.528275,3.966566  ,4.659476  ,0.010503  ,0.021434  
12.360000 ,34.936783 ,-39.528275,3.966566  ,4.659476  ,0.010503  ,-0.035139 
12.380000 ,35.014767 ,-39.546131,4.032885  ,4.659476  ,0.011294  ,-0.074811 
12.380000 ,35.014767 ,-39.546131,4.032885  ,4.659476  ,0.011294  ,0.023067  
12.400000 ,35.093853 ,-39.564437,4.084112  ,4.452714  ,0.012866  ,0.036124  
12.400000 ,35.093853 ,-39.564437,4.084112  ,4.452714  ,0.012866  ,0.042801  
12.420000 ,35.173717 ,-39.583302,4.121686  ,4.452714  ,0.012752  ,0.024941  
12.420000 ,35.173717 ,-39.583302,4.121686  ,4.452714  ,0.012752  ,0.024943  
12.440000 ,35.254164 ,-39.602767,4.154734  ,4.274977  ,0.014957  ,0.001419  
12.440000 ,35.254164 ,-39.602767,4.154734  ,4.274977  ,0.014957  ,0.041889  
12.460000 ,35.334857 ,-39.623072,4.166029  ,4.274977  ,0.013703  ,0.058743  
12.460000 ,35.334857 ,-39.623072,4.166029  ,4.274977  ,0.013703  ,0.039240  
12.480000 ,35.415599 ,-39.644269,4.181597  ,4.126961  ,0.017572  ,-0.019959 
12.480000 ,35.415599 ,-39.644269,4.181597  ,4.126961  ,0.017572  ,-0.053882 
12.500000 ,35.495932 ,-39.666530,4.155920  ,4.126961  ,0.014695  ,0.032375  
12.500000 ,35.495932 ,-39.666530,4.155920  ,4.126961  ,0.014695  ,0.013198  
12.520000 ,35.575592 ,-39.690265,4.156237  ,4.126961  ,0.013427  ,0.044830  
12.520000 ,35.575592 ,-39.690265,4.156237  ,4.126961  ,0.013427  ,-0.034155 
12.540000 ,35.654828 ,-39.715435,4.157681  ,4.004793  ,0.017169  ,-0.112530 
12.540000 ,35.654828 ,-39.715435,4.157681  ,4.004793  ,0.017169  ,-0.008986 
12.560000 ,35.732576 ,-39.742090,4.066318  ,4.004793  ,0.013246  ,-0.071423 
12.560000 ,35.732576 ,-39.742090,4.066318  ,4.004793  ,0.013246  ,-0.044011 
12.580000 ,35.808365 ,-39.770223,4.020554  ,3.904569  ,0.019211  ,-0.018002 
12.580000 ,35.808365 ,-39.770223,4.020554  ,3.904569  ,0.019211  ,0.009179  
12.600000 ,35.882428 ,-39.800259,3.974433  ,3.904569  ,0.012282  ,-0.064826 
12.600000 ,35.882428 ,-39.800259,3.974433  ,3.904569  ,0.012282  ,-0.001654 
12.620000 ,35.954495 ,-39.832614,3.928069  ,3.904569  ,0.008326  ,-0.054592 
12.620000 ,35.954495 ,-39.832614,3.928069  ,3.904569  ,0.008326  ,0.028732  
12.640000 ,36.024707 ,-39.867210,3.901188  ,3.821726  ,0.011609  ,0.055253  
12.640000 ,36.024707 ,-39.867210,3.901188  ,3.821726  ,0.011609  ,-0.059448 
12.660000 ,36.093146 ,-39.904484,3.892855  ,3.821726  ,0.005991  ,-0.015775 
12.660000 ,36.093146 ,-39.904484,3.892855  ,3.821726  ,0.005991  ,0.039966  
12.680000 ,36.159630 ,-39.944383,3.862940  ,3.753816  ,0.013006  ,0.078588  
12.680000 ,36.159630 ,-39.944383,3.862940  ,3.753816  ,0.013006  ,0.012412  
12.700000 ,36.224136 ,-39.986690,3.852429  ,3.753816  ,0.005610  ,-0.076700 
12.700000 ,36.224136 ,-39.986690,3.852429  ,3.753816  ,0.005610  ,0.037136  
12.720000 ,36.286128 ,-40.031356,3.792082  ,3.753816  ,0.001628  ,-0.036559 
12.720000 ,36.286128 ,-40.031356,3.792082  ,3.753816  ,0.001628  ,0.059160  
12.740000 ,36.345396 ,-40.078231,3.766326  ,3.699647  ,0.007726  ,0.041688  
12.740000 ,36.345396 ,-40.078231,3.766326  ,3.699647  ,0.007726  ,-0.045866 
12.760000 ,36.402356 ,-40.127374,3.757723  ,3.699647  ,0.001942  ,-0.013584 
12.760000 ,36.402356 ,-40.127374,3.757723  ,3.699647  ,0.001942  ,0.023207  
12.780000 ,36.456766 ,-40.178832,3.733056  ,3.699647  ,0.000402  ,-0.008051 
12.780000 ,36.456766 ,-40.178832,3.733056  ,3.699647  ,0.000402  ,0.032885  
12.800000 ,36.508666 ,-40.232287,3.718785  ,3.658009  ,0.004487  ,-0.003084 
12.800000 ,36.508666 ,-40.232287,3.718785  ,3.658009  ,0.004487  ,-0.031112 
12.820000 ,36.557711 ,-40.287882,3.696803  ,3.658009  ,0.000066  ,-0.036463 
12.820000 ,36.557711 ,-40.287882,3.696803  ,3.658009  ,0.000066  ,0.077792  
12.840000 ,36.603775 ,-40.345358,3.670898  ,3.627328  ,0.009934  ,-0.115058 
12.840000 ,36.603775 ,-40.345358,3.670898  ,3.627328  ,0.009934  ,-0.056310 
12.860000 ,36.646545 ,-40.404312,3.616294  ,3.627328  ,0.003386  ,0.102644  
12.860000 ,36.646545 ,-40.404312,3.616294  ,3.627328  ,0.003386  ,0.033415  
12.880000 ,36.685852 ,-40.465142,3.626848  ,3.627328  ,0.000772  ,-0.037509 
12.880000 ,36.685852 ,-40.465142,3.626848  ,3.627328  ,0.000772  ,-0.045476 
12.900000 ,36.722195 ,-40.527756,3.614102  ,3.605908  ,0.010604  ,0.059935  
12.900000 ,36.722195 ,-40.527756,3.614102  ,3.605908  ,0.010604  ,-0.013625 
12.920000 ,36.755799 ,-40.591800,3.618905  ,3.605908  ,0.000000  ,0.045384  
12.920000 ,36.755799 ,-40.591800,3.618905  ,3.605908  ,0.000000  ,0.074057  
12.940000 ,36.786485 ,-40.657379,3.621912  ,3.605908  ,0.002637  ,-0.010703 
12.940000 ,36.786485 ,-40.657379,3.621912  ,3.605908  ,0.002637  ,-0.043623 
12.960000 ,36.814211 ,-40.724190,3.612719  ,3.592166  ,0.010420  ,-0.033108 
12.960000 ,36.814211 ,-40.724190,3.612719  ,3.592166  ,0.010420  ,0.093294  
12.980000 ,36.839116 ,-40.791804,3.594248  ,3.592166  ,0.004334  ,0.018638  
12.980000 ,36.839116 ,-40.791804,3.594248  ,3.592166  ,0.004334  ,0.041160  
13.000000 ,36.860869 ,-40.860327,3.595785  ,3.592166  ,0.001529  ,-0.014286 
13.000000 ,36.860869 ,-40.860327,3.595785  ,3.592166  ,0.001529  ,0.069950  
13.020000 ,36.879351 ,-40.929753,3.589622  ,3.584514  ,0.006871  ,0.060396  
13.020000 ,36.879351 ,-40.929753,3.589622  ,3.584514  ,0.006871  ,0.019189  
13.040000 ,36.894328 ,-41.000012,3.594755  ,3.584514  ,0.001117  ,0.045123  
13.040000 ,36.894328 ,-41.000012,3.594755  ,3.584514  ,0.001117  ,0.002117  
13.060000 ,36.905808 ,-41.071011,3.597993  ,3.581272  ,0.011249  ,0.039565  
13.060000 ,36.905808 ,-41.071011,3.597993  ,3.581272  ,0.011249  ,0.040386  
13.080000 ,36.913953 ,-41.142522,3.600114  ,3.581272  ,0.002619  ,-0.031323 
13.080000 ,36.913953 ,-41.142522,3.600114  ,3.581272  ,0.002619  ,-0.020141 
13.100000 ,36.918458 ,-41.214194,3.582846  ,3.581272  ,0.002373  ,-0.095552 
13.100000 ,36.918458 ,-41.214194,3.582846  ,3.581272  ,0.002373  ,0.041183  
13.120000 ,36.919286 ,-41.285487,3.549413  ,3.580631  ,0.006215  ,0.047370  
13.120000 ,36.919286 ,-41.285487,3.549413  ,3.580631  ,0.006215  ,0.036121  
13.140000 ,36.916615 ,-41.356491,3.556709  ,3.580631  ,0.000000  ,0.014412  
13.140000 ,36.916615 ,-41.356491,3.556709  ,3.580631  ,0.000000  ,-0.008036 
13.160000 ,36.910203 ,-41.427364,3.560268  ,3.580631  ,0.004402  ,0.062720  
13.160000 ,36.910203 ,-41.427364,3.560268  ,3.580631  ,0.004402  ,0.034368  
13.180000 ,36.900449 ,-41.497971,3.567981  ,3.580631  ,0.003193  ,0.009049  
13.180000 ,36.900449 ,-41.497971,3.567981  ,3.580631  ,0.003193  ,0.038048  
13.200000 ,36.887386 ,-41.568138,3.569996  ,3.580631  ,0.000000  ,0.063808  
13.200000 ,36.887386 ,-41.568138,3.569996  ,3.580631  ,0.000000  ,0.083755  
13.220000 ,36.871083 ,-41.637718,3.576907  ,3.580631  ,0.004884  ,-0.114316 
13.220000 ,36.871083 ,-41.637718,3.576907  ,3.580631  ,0.004884  ,-0.018826 
13.240000 ,36.851882 ,-41.706210,3.538838  ,3.580631  ,0.001346  ,0.065035  
13.240000 ,36.851882 ,-41.706210,3.538838  ,3.580631  ,0.001346  ,0.099957  
13.260000 ,36.830015 ,-41.773624,3.548756  ,3.580631  ,0.003356  ,0.132984  
13.260000 ,36.830015 ,-41.773624,3.548756  ,3.580631  ,0.003356  ,-0.045994 
13.280000 ,36.805189 ,-41.840276,3.564061  ,3.580631  ,0.005027  ,0.069448  
13.280000 ,36.805189 ,-41.840276,3.564061  ,3.580631  ,0.005027  ,0.007913  
13.300000 ,36.777863 ,-41.906195,3.572047  ,3.582242  ,0.000466  ,-0.060884 
13.300000 ,36.777863 ,-41.906195,3.572047  ,3.582242  ,0.000466  ,0.032793  
13.320000 ,36.748249 ,-41.971002,3.554599  ,3.582242  ,0.004431  ,0.029604  
13.320000 ,36.748249 ,-41.971002,3.554599  ,3.582242  ,0.004431  ,-0.077632 
13.340000 ,36.716442 ,-42.034639,3.559913  ,3.587904  ,0.002064  ,0.023548  
13.340000 ,36.716442 ,-42.034639,3.559913  ,3.587904  ,0.002064  ,0.037096  
13.360000 ,36.682425 ,-42.097236,3.564698  ,3.587904  ,0.003054  ,-0.006450 
13.360000 ,36.682425 ,-42.097236,3.564698  ,3.587904  ,0.003054  ,-0.113110 
13.380000 ,36.646311 ,-42.158721,3.566254  ,3.587904  ,0.005806  ,0.004729  
13.380000 ,36.646311 ,-42.158721,3.566254  ,3.587904  ,0.005806  ,-0.069195 
13.400000 ,36.608323 ,-42.219115,3.568703  ,3.599519  ,0.001265  ,0.004320  
13.400000 ,36.608323 ,-42.219115,3.568703  ,3.599519  ,0.001265  ,0.053021  
13.420000 ,36.568693 ,-42.278512,3.571965  ,3.599519  ,0.000000  ,-0.036588 
13.420000 ,36.568693 ,-42.278512,3.571965  ,3.599519  ,0.000000  ,-0.031562 
13.440000 ,36.527318 ,-42.336708,3.568855  ,3.599519  ,0.005670  ,-0.016887 
13.440000 ,36.527318 ,-42.336708,3.568855  ,3.599519  ,0.005670  ,-0.150893 
13.460000 ,36.484290 ,-42.393671,3.570134  ,3.618191  ,0.000337  ,-0.047098 
13.460000 ,36.484290 ,-42.393671,3.570134  ,3.618191  ,0.000337  ,-0.005773 
13.480000 ,36.439825 ,-42.449537,3.570223  ,3.618191  ,0.000000  ,-0.041617 
13.480000 ,36.439825 ,-42.449537,3.570223  ,3.618191  ,0.000000  ,-0.020557 
13.500000 ,36.393793 ,-42.504128,3.570813  ,3.618191  ,0.002636  ,0.045870  
13.500000 ,36.393793 ,-42.504128,3.570813  ,3.618191  ,0.002636  ,-0.003835 
13.520000 ,36.346203 ,-42.557492,3.579470  ,3.644640  ,0.003666  ,-0.078216 
13.520000 ,36.346203 ,-42.557492,3.579470  ,3.644640  ,0.003666  ,-0.021750 
13.540000 ,36.297302 ,-42.609710,3.574979  ,3.644640  ,0.000756  ,0.079937  
13.540000 ,36.297302 ,-42.609710,3.574979  ,3.644640  ,0.000756  ,-0.046575 
13.560000 ,36.246915 ,-42.660632,3.588868  ,3.644640  ,0.000189  ,0.019114  
13.560000 ,36.246915 ,-42.660632,3.588868  ,3.644640  ,0.000189  ,-0.054214 
13.580000 ,36.194884 ,-42.710174,3.595820  ,3.679366  ,0.004170  ,-0.027948 
13.580000 ,36.194884 ,-42.710174,3.595820  ,3.679366  ,0.004170  ,0.018126  
13.600000 ,36.141087 ,-42.757975,3.600982  ,3.679366  ,0.000999  ,0.005568  
13.600000 ,36.141087 ,-42.757975,3.600982  ,3.679366  ,0.000999  ,-0.065586 
13.620000 ,36.085721 ,-42.804153,3.608776  ,3.722632  ,0.008548  ,0.013077  
13.620000 ,36.085721 ,-42.804153,3.608776  ,3.722632  ,0.008548  ,0.074143  
13.640000 ,36.028750 ,-42.848653,3.620560  ,3.722632  ,0.003089  ,0.066422  
13.640000 ,36.028750 ,-42.848653,3.620560  ,3.722632  ,0.003089  ,-0.054758 
13.660000 ,35.970014 ,-42.891267,3.636203  ,3.722632  ,0.000178  ,-0.100387 
13.660000 ,35.970014 ,-42.891267,3.636203  ,3.722632  ,0.000178  ,-0.008496 
13.680000 ,35.909917 ,-42.932126,3.631398  ,3.774138  ,0.006187  ,-0.052719 
13.680000 ,35.909917 ,-42.932126,3.631398  ,3.774138  ,0.006187  ,-0.017742 
13.700000 ,35.848525 ,-42.971081,3.639756  ,3.774138  ,0.000000  ,-0.113118 
13.700000 ,35.848525 ,-42.971081,3.639756  ,3.774138  ,0.000000  ,-0.049137 
13.720000 ,35.785649 ,-43.007799,3.641730  ,3.774138  ,0.001451  ,0.005119  
13.720000 ,35.785649 ,-43.007799,3.641730  ,3.774138  ,0.001451  ,-0.006230 
13.740000 ,35.721509 ,-43.042575,3.654498  ,3.833310  ,0.003251  ,-0.036310 
13.740000 ,35.721509 ,-43.042575,3.654498  ,3.833310  ,0.003251  ,0.004016  
13.760000 ,35.656059 ,-43.075400,3.667727  ,3.833310  ,0.001223  ,-0.059457 
13.760000 ,35.656059 ,-43.075400,3.667727  ,3.833310  ,0.001223  ,-0.031307 
13.780000 ,35.589390 ,-43.106230,3.677580  ,3.833310  ,0.003384  ,-0.004376 
13.780000 ,35.589390 ,-43.106230,3.677580  ,3.833310  ,0.003384  ,0.043995  
13.800000 ,35.521548 ,-43.134998,3.691632  ,3.899307  ,0.000232  ,0.012111  
13.800000 ,35.521548 ,-43.134998,3.691632  ,3.899307  ,0.000232  ,0.092628  
13.820000 ,35.452378 ,-43.161394,3.712036  ,3.899307  ,0.003853  ,0.069546  
13.820000 ,35.452378 ,-43.161394,3.712036  ,3.899307  ,0.003853  ,-0.015952 
13.840000 ,35.382000 ,-43.185768,3.735879  ,3.971362  ,0.002015  ,-0.046442 
13.840000 ,35.382000 ,-43.185768,3.735879  ,3.971362  ,0.002015  ,0.025353  
13.860000 ,35.310503 ,-43.208061,3.753429  ,3.971362  ,0.003296  ,-0.068958 
13.860000 ,35.310503 ,-43.208061,3.753429  ,3.971362  ,0.003296  ,0.068581  
13.880000 ,35.238049 ,-43.228218,3.767260  ,3.971362  ,0.006307  ,0.000049  
13.880000 ,35.238049 ,-43.228218,3.767260  ,3.971362  ,0.006307  ,-0.030576 
13.900000 ,35.164726 ,-43.246363,3.786213  ,4.049028  ,0.002444  ,-0.026171 
13.900000 ,35.164726 ,-43.246363,3.786213  ,4.049028  ,0.002444  ,-0.023729 
13.920000 ,35.090559 ,-43.262697,3.808183  ,4.049028  ,0.007304  ,0.017479  
13.920000 ,35.090559 ,-43.262697,3.808183  ,4.049028  ,0.007304  ,0.017903  
13.940000 ,35.015511 ,-43.277028,3.832165  ,4.049028  ,0.010051  ,-0.033809 
13.940000 ,35.015511 ,-43.277028,3.832165  ,4.049028  ,0.010051  ,-0.017106 
13.960000 ,34.939725 ,-43.289551,3.849160  ,4.131876  ,0.008688  ,0.011288  
13.960000 ,34.939725 ,-43.289551,3.849160  ,4.131876  ,0.008688  ,-0.131758 
13.980000 ,34.863188 ,-43.300078,3.876455  ,4.131876  ,0.012860  ,-0.108714 
13.980000 ,34.863188 ,-43.300078,3.876455  ,4.131876  ,0.012860  ,-0.031917 
14.000000 ,34.786018 ,-43.308830,3.890075  ,4.219513  ,0.010666  ,-0.030664 
14.000000 ,34.786018 ,-43.308830,3.890075  ,4.219513  ,0.010666  ,0.043468  
14.020000 ,34.708251 ,-43.315816,3.917813  ,4.219513  ,0.015788  ,0.079052  
14.020000 ,34.708251 ,-43.315816,3.917813  ,4.219513  ,0.015788  ,-0.024503 
14.040000 ,34.629713 ,-43.321056,3.953162  ,4.219513  ,0.019146  ,-0.045216 
14.040000 ,34.629713 ,-43.321056,3.953162  ,4.219513  ,0.019146  ,0.007902  
14.060000 ,34.550521 ,-43.324553,3.973692  ,4.311713  ,0.018848  ,0.022353  
14.060000 ,34.550521 ,-43.324553,3.973692  ,4.311713  ,0.018848  ,0.044234  
14.080000 ,34.470732 ,-43.326449,4.007148  ,4.311713  ,0.022409  ,-0.018662 
14.080000 ,34.470732 ,-43.326449,4.007148  ,4.311713  ,0.022409  ,0.048855  
14.100000 ,34.390322 ,-43.326885,4.033691  ,4.408442  ,0.021946  ,-0.054260 
14.100000 ,34.390322 ,-43.326885,4.033691  ,4.408442  ,0.021946  ,0.021691  
14.120000 ,34.309355 ,-43.325869,4.063446  ,4.408442  ,0.025132  ,-0.008358 
14.120000 ,34.309355 ,-43.325869,4.063446  ,4.408442  ,0.025132  ,-0.001167 
14.140000 ,34.227807 ,-43.323422,4.094699  ,4.408442  ,0.026920  ,0.079542  
14.140000 ,34.227807 ,-43.323422,4.094699  ,4.408442  ,0.026920  ,0.075045  
14.160000 ,34.145635 ,-43.319565,4.131211  ,4.509845  ,0.026399  ,-0.022660 
14.160000 ,34.145635 ,-43.319565,4.131211  ,4.509845  ,0.026399  ,0.070902  
14.180000 ,34.062842 ,-43.314339,4.164259  ,4.509845  ,0.027466  ,-0.050717 
14.180000 ,34.062842 ,-43.314339,4.164259  ,4.509845  ,0.027466  ,-0.017077 
14.200000 ,33.979521 ,-43.307998,4.191635  ,4.616239  ,0.025818  ,0.024865  
14.200000 ,33.979521 ,-43.307998,4.191635  ,4.616239  ,0.025818  ,0.107840  
14.220000 ,33.895595 ,-43.300565,4.233363  ,4.616239  ,0.026669  ,-0.004924 
14.220000 ,33.895595 ,-43.300565,4.233363  ,4.616239  ,0.026669  ,0.009985  
14.240000 ,33.810999 ,-43.292063,4.268452  ,4.616239  ,0.026521  ,0.000409  
14.240000 ,33.810999 ,-43.292063,4.268452  ,4.616239  ,0.026521  ,-0.051857 
14.260000 ,33.725835 ,-43.282533,4.300778  ,4.728157  ,0.025006  ,-0.050054 
14.260000 ,33.725835 ,-43.282533,4.300778  ,4.728157  ,0.025006  ,0.025531  
14.280000 ,33.640109 ,-43.272006,4.335808  ,4.728157  ,0.024834  ,-0.025800 
14.280000 ,33.640109 ,-43.272006,4.335808  ,4.728157  ,0.024834  ,-0.012882 
14.300000 ,33.553813 ,-43.260500,4.369838  ,4.846366  ,0.022833  ,0.045658  
14.300000 ,33.553813 ,-43.260500,4.369838  ,4.846366  ,0.022833  ,0.069034  
14.320000 ,33.466817 ,-43.248013,4.418317  ,4.846366  ,0.022659  ,0.038435  
14.320000 ,33.466817 ,-43.248013,4.418317  ,4.846366  ,0.022659  ,-0.023417 
14.340000 ,33.379041 ,-43.234544,4.461625  ,4.971292  ,0.020332  ,-0.014116 
14.340000 ,33.379041 ,-43.234544,4.461625  ,4.971292  ,0.020332  ,0.075527  
14.360000 ,33.290491 ,-43.220238,4.507632  ,4.971292  ,0.020248  ,0.060257  
14.360000 ,33.290491 ,-43.220238,4.507632  ,4.971292  ,0.020248  ,-0.058152 
14.380000 ,33.201098 ,-43.205226,4.556272  ,5.102546  ,0.018090  ,-0.009271 
14.380000 ,33.201098 ,-43.205226,4.556272  ,5.102546  ,0.018090  ,-0.041423 
14.400000 ,33.110823 ,-43.189525,4.606126  ,5.102546  ,0.018455  ,0.006391  
14.400000 ,33.110823 ,-43.189525,4.606126  ,5.102546  ,0.018455  ,-0.003782 
14.420000 ,33.019683 ,-43.173173,4.652807  ,5.102546  ,0.018333  ,0.043669  
14.420000 ,33.019683 ,-43.173173,4.652807  ,5.102546  ,0.018333  ,0.013366  
14.440000 ,32.927714 ,-43.156215,4.698614  ,5.239319  ,0.017581  ,0.123962  
14.440000 ,32.927714 ,-43.156215,4.698614  ,5.239319  ,0.017581  ,-0.030277 
14.460000 ,32.834786 ,-43.138522,4.760321  ,5.239319  ,0.017903  ,-0.043131 
14.460000 ,32.834786 ,-43.138522,4.760321  ,5.239319  ,0.017903  ,0.000260  
14.480000 ,32.740956 ,-43.120131,4.800787  ,5.380572  ,0.017415  ,0.065673  
14.480000 ,32.740956 ,-43.120131,4.800787  ,5.380572  ,0.017415  ,-0.007616 
14.500000 ,32.646239 ,-43.101037,4.860710  ,5.380572  ,0.018026  ,0.054850  
14.500000 ,32.646239 ,-43.101037,4.860710  ,5.380572  ,0.018026  ,0.053848  
14.520000 ,32.550517 ,-43.081209,4.914066  ,5.525239  ,0.017793  ,-0.058686 
14.520000 ,32.550517 ,-43.081209,4.914066  ,5.525239  ,0.017793  ,-0.086743 
14.540000 ,32.453882 ,-43.060640,4.965358  ,5.525239  ,0.018549  ,0.002490  
14.540000 ,32.453882 ,-43.060640,4.965358  ,5.525239  ,0.018549  ,0.066918  
14.560000 ,32.356349 ,-43.039319,5.017568  ,5.672261  ,0.018459  ,0.114855  
14.560000 ,32.356349 ,-43.039319,5.017568  ,5.672261  ,0.018459  ,-0.006956 
14.580000 ,32.257729 ,-43.017183,5.089012  ,5.672261  ,0.019185  ,-0.080959 
14.580000 ,32.257729 ,-43.017183,5.089012  ,5.672261  ,0.019185  ,-0.041927 
14.600000 ,32.158085 ,-42.994233,5.135645  ,5.820553  ,0.019103  ,-0.018975 
14.600000 ,32.158085 ,-42.994233,5.135645  ,5.820553  ,0.019103  ,0.091539  
14.620000 ,32.057486 ,-42.970597,5.197469  ,5.820553  ,0.019804  ,-0.052456 
14.620000 ,32.057486 ,-42.970597,5.197469  ,5.820553  ,0.019804  ,-0.025861 
14.640000 ,31.955875 ,-42.946256,5.250446  ,5.969011  ,0.019891  ,0.077979  
14.640000 ,31.955875 ,-42.946256,5.250446  ,5.969011  ,0.019891  ,0.012356  
14.660000 ,31.853132 ,-42.921189,5.324396  ,5.969011  ,0.020688  ,-0.023757 
14.660000 ,31.853132 ,-42.921189,5.324396  ,5.969011  ,0.020688  ,-0.006549 
14.680000 ,31.749212 ,-42.895401,5.382036  ,6.116550  ,0.021025  ,0.012437  
14.680000 ,31.749212 ,-42.895401,5.382036  ,6.116550  ,0.021025  ,0.053667  
14.700000 ,31.644157 ,-42.868917,5.451382  ,6.262181  ,0.021116  ,-0.005157 
14.700000 ,31.644157 ,-42.868917,5.451382  ,6.262181  ,0.021116  ,0.026213  
14.720000 ,31.537797 ,-42.841710,5.526177  ,6.262181  ,0.022763  ,0.046359  
14.720000 ,31.537797 ,-42.841710,5.526177  ,6.262181  ,0.022763  ,-0.035514 
14.740000 ,31.430100 ,-42.813784,5.598811  ,6.405110  ,0.023355  ,-0.064774 
14.740000 ,31.430100 ,-42.813784,5.598811  ,6.405110  ,0.023355  ,-0.061140 
14.760000 ,31.321157 ,-42.785030,5.667653  ,6.405110  ,0.025238  ,-0.004670 
14.760000 ,31.321157 ,-42.785030,5.667653  ,6.405110  ,0.025238  ,-0.019836 
14.780000 ,31.211053 ,-42.755325,5.735685  ,6.544829  ,0.026056  ,0.018252  
14.780000 ,31.211053 ,-42.755325,5.735685  ,6.544829  ,0.026056  ,0.071498  
14.800000 ,31.099721 ,-42.724610,5.812499  ,6.544829  ,0.027779  ,0.035465  
14.800000 ,31.099721 ,-42.724610,5.812499  ,6.544829  ,0.027779  ,-0.004999 
14.820000 ,30.987153 ,-42.692817,5.883781  ,6.681141  ,0.028651  ,0.021870  
14.820000 ,30.987153 ,-42.692817,5.883781  ,6.681141  ,0.028651  ,0.056823  
14.840000 ,30.873379 ,-42.659881,5.959837  ,6.813981  ,0.029106  ,-0.072253 
14.840000 ,30.873379 ,-42.659881,5.959837  ,6.813981  ,0.029106  ,0.015373  
14.860000 ,30.758412 ,-42.625733,6.032427  ,6.813981  ,0.030810  ,0.019465  
14.860000 ,30.758412 ,-42.625733,6.032427  ,6.813981  ,0.030810  ,-0.033213 
14.880000 ,30.642253 ,-42.590444,6.106793  ,6.943271  ,0.031231  ,0.074147  
14.880000 ,30.642253 ,-42.590444,6.106793  ,6.943271  ,0.031231  ,-0.060790 
14.900000 ,30.524766 ,-42.554064,6.191334  ,6.943271  ,0.032719  ,-0.023559 
14.900000 ,30.524766 ,-42.554064,6.191334  ,6.943271  ,0.032719  ,-0.090864 
14.920000 ,30.406021 ,-42.516611,6.258956  ,7.068909  ,0.033472  ,-0.034240 
14.920000 ,30.406021 ,-42.516611,6.258956  ,7.068909  ,0.033472  ,-0.051407 
14.940000 ,30.286133 ,-42.478145,6.330973  ,7.190805  ,0.034097  ,-0.000671 
14.940000 ,30.286133 ,-42.478145,6.330973  ,7.190805  ,0.034097  ,0.006378  
14.960000 ,30.164978 ,-42.438660,6.410736  ,7.190805  ,0.036186  ,-0.007140 
14.960000 ,30.164978 ,-42.438660,6.410736  ,7.190805  ,0.036186  ,0.073414  
14.980000 ,30.042593 ,-42.398068,6.482494  ,7.308891  ,0.037350  ,0.026116  
14.980000 ,30.042593 ,-42.398068,6.482494  ,7.308891  ,0.037350  ,0.062934  
15.000000 ,29.919022 ,-42.356264,6.561641  ,7.423132  ,0.038330  ,-0.027064 
15.000000 ,29.919022 ,-42.356264,6.561641  ,7.423132  ,0.038330  ,0.009188  
15.020000 ,29.794221 ,-42.313215,6.639108  ,7.423132  ,0.040774  ,0.060815  
15.020000 ,29.794221 ,-42.313215,6.639108  ,7.423132  ,0.040774  ,-0.003010 
15.040000 ,29.668217 ,-42.268881,6.717542  ,7.533525  ,0.042099  ,-0.083695 
15.040000 ,29.668217 ,-42.268881,6.717542  ,7.533525  ,0.042099  ,-0.007083 
15.060000 ,29.541127 ,-42.223237,6.785527  ,7.640107  ,0.043236  ,0.023604  
15.060000 ,29.541127 ,-42.223237,6.785527  ,7.640107  ,0.043236  ,0.051287  
15.080000 ,29.412946 ,-42.176209,6.867057  ,7.640107  ,0.045755  ,0.029251  
15.080000 ,29.412946 ,-42.176209,6.867057  ,7.640107  ,0.045755  ,-0.046711 
15.100000 ,29.283645 ,-42.127717,6.941542  ,7.742956  ,0.047073  ,-0.039353 
15.100000 ,29.283645 ,-42.127717,6.941542  ,7.742956  ,0.047073  ,0.041906  
15.120000 ,29.153354 ,-42.077743,7.012291  ,7.842194  ,0.048131  ,0.035716  
15.120000 ,29.153354 ,-42.077743,7.012291  ,7.842194  ,0.048131  ,0.026640  
15.140000 ,29.022044 ,-42.026214,7.092654  ,7.842194  ,0.050352  ,-0.016293 
15.140000 ,29.022044 ,-42.026214,7.092654  ,7.842194  ,0.050352  ,-0.041679 
15.160000 ,28.889768 ,-41.973098,7.160728  ,7.937968  ,0.051447  ,0.027073  
15.160000 ,28.889768 ,-41.973098,7.160728  ,7.937968  ,0.051447  ,-0.032906 
15.180000 ,28.756603 ,-41.918376,7.235399  ,8.000000  ,0.052255  ,0.013417  
15.180000 ,28.756603 ,-41.918376,7.235399  ,8.000000  ,0.052255  ,-0.015389 
15.200000 ,28.622483 ,-41.862125,7.307630  ,8.000000  ,0.054055  ,0.083102  
15.200000 ,28.622483 ,-41.862125,7.307630  ,8.000000  ,0.054055  ,0.059135  
15.220000 ,28.487392 ,-41.804466,7.379624  ,8.000000  ,0.055276  ,-0.035525 
15.220000 ,28.487392 ,-41.804466,7.379624  ,8.000000  ,0.055276  ,0.027122  
15.240000 ,28.351494 ,-41.745493,7.433921  ,8.000000  ,0.056567  ,-0.023912 
15.240000 ,28.351494 ,-41.745493,7.433921  ,8.000000  ,0.056567  ,-0.043132 
15.260000 ,28.215030 ,-41.685207,7.484255  ,8.000000  ,0.057866  ,0.006013  
15.260000 ,28.215030 ,-41.685207,7.484255  ,8.000000  ,0.057866  ,0.001674  
15.280000 ,28.078101 ,-41.623538,7.532695  ,8.000000  ,0.060322  ,-0.008903 
15.280000 ,28.078101 ,-41.623538,7.532695  ,8.000000  ,0.060322  ,0.016552  
15.300000 ,27.940788 ,-41.560518,7.575252  ,8.000000  ,0.062019  ,0.099780  
15.300000 ,27.940788 ,-41.560518,7.575252  ,8.000000  ,0.062019  ,-0.066581 
15.320000 ,27.803109 ,-41.496115,7.623949  ,8.000000  ,0.063662  ,0.049874  
15.320000 ,27.803109 ,-41.496115,7.623949  ,8.000000  ,0.063662  ,-0.036797 
15.340000 ,27.665126 ,-41.430293,7.663491  ,8.000000  ,0.065221  ,0.037996  
15.340000 ,27.665126 ,-41.430293,7.663491  ,8.000000  ,0.065221  ,0.015486  
15.360000 ,27.527003 ,-41.363051,7.698260  ,8.000000  ,0.067805  ,0.010016  
15.360000 ,27.527003 ,-41.363051,7.698260  ,8.000000  ,0.067805  ,-0.036987 
15.380000 ,27.388877 ,-41.294372,7.727203  ,8.000000  ,0.069524  ,0.043472  
15.380000 ,27.388877 ,-41.294372,7.727203  ,8.000000  ,0.069524  ,0.023601  
15.400000 ,27.250844 ,-41.224213,7.756565  ,8.000000  ,0.070993  ,0.046189  
15.400000 ,27.250844 ,-41.224213,7.756565  ,8.000000  ,0.070993  ,-0.020432 
15.420000 ,27.112967 ,-41.152518,7.783454  ,8.000000  ,0.072153  ,0.068856  
15.420000 ,27.112967 ,-41.152518,7.783454  ,8.000000  ,0.072153  ,-0.013703 
15.440000 ,26.975320 ,-41.079241,7.809950  ,8.000000  ,0.072945  ,-0.136909 
15.440000 ,26.975320 ,-41.079241,7.809950  ,8.000000  ,0.072945  ,0.049730  
15.460000 ,26.838146 ,-41.004429,7.814884  ,8.000000  ,0.074753  ,0.017624  
15.460000 ,26.838146 ,-41.004429,7.814884  ,8.000000  ,0.074753  ,-0.033322 
15.480000 ,26.701484 ,-40.928194,7.833706  ,8.000000  ,0.075245  ,-0.028083 
15.480000 ,26.701484 ,-40.928194,7.833706  ,8.000000  ,0.075245  ,0.033698  
15.500000 ,26.565229 ,-40.850592,7.846537  ,8.000000  ,0.075511  ,0.011068  
15.500000 ,26.565229 ,-40.850592,7.846537  ,8.000000  ,0.075511  ,-0.031827 
15.520000 ,26.429426 ,-40.771641,7.861812  ,8.000000  ,0.075557  ,0.078506  
15.520000 ,26.429426 ,-40.771641,7.861812  ,8.000000  ,0.075557  ,0.076510  
15.540000 ,26.294006 ,-40.691339,7.881930  ,8.000000  ,0.076620  ,0.052856  
15.540000 ,26.294006 ,-40.691339,7.881930  ,8.000000  ,0.076620  ,-0.031135 
15.560000 ,26.158942 ,-40.609741,7.897798  ,8.000000  ,0.076849  ,0.021958  
15.560000 ,26.158942 ,-40.609741,7.897798  ,8.000000  ,0.076849  ,0.034045  
15.580000 ,26.024278 ,-40.526961,7.909325  ,8.000000  ,0.077065  ,-0.047594 
15.580000 ,26.024278 ,-40.526961,7.909325  ,8.000000  ,0.077065  ,0.015974  
15.600000 ,25.890085 ,-40.443129,7.913325  ,8.000000  ,0.077353  ,0.022453  
15.600000 ,25.890085 ,-40.443129,7.913325  ,8.000000  ,0.077353  ,0.002380  
15.620000 ,25.756383 ,-40.358250,7.923456  ,8.000000  ,0.077713  ,0.083848  
15.620000 ,25.756383 ,-40.358250,7.923456  ,8.000000  ,0.077713  ,0.018168  
15.640000 ,25.623140 ,-40.272189,7.938347  ,8.000000  ,0.079399  ,0.019774  
15.640000 ,25.623140 ,-40.272189,7.938347  ,8.000000  ,0.079399  ,-0.006856 
15.660000 ,25.490419 ,-40.184918,7.945906  ,8.000000  ,0.080139  ,0.002545  
15.660000 ,25.490419 ,-40.184918,7.945906  ,8.000000  ,0.080139  ,-0.098525 
15.680000 ,25.358325 ,-40.096471,7.951165  ,8.000000  ,0.080800  ,-0.019620 
15.680000 ,25.358325 ,-40.096471,7.951165  ,8.000000  ,0.080800  ,-0.017651 
15.700000 ,25.226944 ,-40.006827,7.953877  ,8.000000  ,0.081324  ,0.046866  
15.700000 ,25.226944 ,-40.006827,7.953877  ,8.000000  ,0.081324  ,-0.059100 
15.720000 ,25.096306 ,-39.915904,7.962510  ,8.000000  ,0.081632  ,-0.045751 
15.720000 ,25.096306 ,-39.915904,7.962510  ,8.000000  ,0.081632  ,-0.014170 
15.740000 ,24.966525 ,-39.823666,7.959666  ,8.000000  ,0.083094  ,-0.018342 
15.740000 ,24.966525 ,-39.823666,7.959666  ,8.000000  ,0.083094  ,-0.097309 
15.760000 ,24.837724 ,-39.730076,7.961708  ,8.000000  ,0.083162  ,-0.031431 
15.760000 ,24.837724 ,-39.730076,7.961708  ,8.000000  ,0.083162  ,0.007335  
15.780000 ,24.709855 ,-39.635172,7.962345  ,8.000000  ,0.082901  ,-0.008441 
15.780000 ,24.709855 ,-39.635172,7.962345  ,8.000000  ,0.082901  ,-0.093771 
15.800000 ,24.582879 ,-39.539020,7.965057  ,8.000000  ,0.082391  ,0.007573  
15.800000 ,24.582879 ,-39.539020,7.965057  ,8.000000  ,0.082391  ,0.033779  
15.820000 ,24.456798 ,-39.441588,7.969004  ,8.000000  ,0.081612  ,0.133299  
15.820000 ,24.456798 ,-39.441588,7.969004  ,8.000000  ,0.081612  ,-0.025347 
15.840000 ,24.331513 ,-39.342822,7.984257  ,8.000000  ,0.082171  ,-0.051361 
15.840000 ,24.331513 ,-39.342822,7.984257  ,8.000000  ,0.082171  ,-0.085636 
15.860000 ,24.207134 ,-39.242883,7.971997  ,8.000000  ,0.081460  ,-0.018562 
15.860000 ,24.207134 ,-39.242883,7.971997  ,8.000000  ,0.081460  ,-0.026149 
15.880000 ,24.083730 ,-39.141912,7.972873  ,8.000000  ,0.080656  ,-0.055589 
15.880000 ,24.083730 ,-39.141912,7.972873  ,8.000000  ,0.080656  ,-0.045823 
15.900000 ,23.961254 ,-39.039964,7.963076  ,8.000000  ,0.079836  ,-0.028175 
15.900000 ,23.961254 ,-39.039964,7.963076  ,8.000000  ,0.079836  ,-0.032609 
15.920000 ,23.839664 ,-38.937092,7.963888  ,8.000000  ,0.080272  ,0.095678  
15.920000 ,23.839664 ,-38.937092,7.963888  ,8.000000  ,0.080272  ,-0.025360 
15.940000 ,23.718761 ,-38.833211,7.976123  ,8.000000  ,0.080102  ,0.002050  
15.940000 ,23.718761 ,-38.833211,7.976123  ,8.000000  ,0.080102  ,-0.037613 
15.960000 ,23.598498 ,-38.728369,7.978530  ,8.000000  ,0.080117  ,-0.077224 
15.960000 ,23.598498 ,-38.728369,7.978530  ,8.000000  ,0.080117  ,-0.003739 
15.980000 ,23.479192 ,-38.622707,7.959338  ,8.000000  ,0.080201  ,0.013110  
15.980000 ,23.479192 ,-38.622707,7.959338  ,8.000000  ,0.080201  ,0.003810  
16.000000 ,23.360897 ,-38.516112,7.964330  ,8.000000  ,0.080220  ,-0.014879 
16.000000 ,23.360897 ,-38.516112,7.964330  ,8.000000  ,0.080220  ,-0.018130 
16.020000 ,23.243480 ,-38.408448,7.966261  ,8.000000  ,0.081345  ,0.017497  
16.020000 ,23.243480 ,-38.408448,7.966261  ,8.000000  ,0.081345  ,0.115043  
16.040000 ,23.126992 ,-38.299681,7.971017  ,8.000000  ,0.081538  ,0.072274  
16.040000 ,23.126992 ,-38.299681,7.971017  ,8.000000  ,0.081538  ,0.070419  
16.060000 ,23.011445 ,-38.189709,7.980418  ,8.000000  ,0.081472  ,-0.004603 
16.060000 ,23.011445 ,-38.189709,7.980418  ,8.000000  ,0.081472  ,-0.020610 
16.080000 ,22.896938 ,-38.078501,7.981809  ,8.000000  ,0.081052  ,0.084085  
16.080000 ,22.896938 ,-38.078501,7.981809  ,8.000000  ,0.081052  ,-0.017345 
16.100000 ,22.783435 ,-37.966112,7.991304  ,8.000000  ,0.080332  ,-0.074537 
16.100000 ,22.783435 ,-37.966112,7.991304  ,8.000000  ,0.080332  ,0.010647  
16.120000 ,22.671066 ,-37.852793,7.968640  ,8.000000  ,0.080588  ,-0.059135 
16.120000 ,22.671066 ,-37.852793,7.968640  ,8.000000  ,0.080588  ,0.018494  
16.140000 ,22.559985 ,-37.738651,7.959079  ,8.000000  ,0.079781  ,0.030329  
16.140000 ,22.559985 ,-37.738651,7.959079  ,8.000000  ,0.079781  ,-0.039510 
16.160000 ,22.450000 ,-37.623484,7.965694  ,8.000000  ,0.078678  ,-0.024224 
16.160000 ,22.450000 ,-37.623484,7.965694  ,8.000000  ,0.078678  ,-0.018015 
16.180000 ,22.341032 ,-37.507253,7.966630  ,8.000000  ,0.077303  ,0.145967  
16.180000 ,22.341032 ,-37.507253,7.966630  ,8.000000  ,0.077303  ,-0.017308 
16.200000 ,22.232979 ,-37.389928,7.983279  ,8.000000  ,0.075704  ,0.021598  
16.200000 ,22.232979 ,-37.389928,7.983279  ,8.000000  ,0.075704  ,-0.072849 
16.220000 ,22.125784 ,-37.271550,7.986837  ,8.000000  ,0.075167  ,-0.040633 
16.220000 ,22.125784 ,-37.271550,7.986837  ,8.000000  ,0.075167  ,0.063988  
16.240000 ,22.019572 ,-37.152373,7.977381  ,8.000000  ,0.073728  ,0.066429  
16.240000 ,22.019572 ,-37.152373,7.977381  ,8.000000  ,0.073728  ,0.010788  
16.260000 ,21.914260 ,-37.032409,7.985648  ,8.000000  ,0.072266  ,0.088366  
16.260000 ,21.914260 ,-37.032409,7.985648  ,8.000000  ,0.072266  ,0.017065  
16.280000 ,21.809681 ,-36.911569,7.995185  ,8.000000  ,0.070844  ,-0.013145 
16.280000 ,21.809681 ,-36.911569,7.995185  ,8.000000  ,0.070844  ,-0.066438 
16.300000 ,21.705870 ,-36.789985,7.992317  ,8.000000  ,0.069522  ,0.054907  
16.300000 ,21.705870 ,-36.789985,7.992317  ,8.000000  ,0.069522  ,0.012030  
16.320000 ,21.602809 ,-36.667723,7.998128  ,8.000000  ,0.069579  ,0.058726  
16.320000 ,21.602809 ,-36.667723,7.998128  ,8.000000  ,0.069579  ,0.066971  
16.340000 ,21.500414 ,-36.544754,8.003754  ,8.000000  ,0.068994  ,-0.068283 
16.340000 ,21.500414 ,-36.544754,8.003754  ,8.000000  ,0.068994  ,-0.063271 
16.360000 ,21.398861 ,-36.421354,7.978957  ,8.000000  ,0.068640  ,-0.029350 
16.360000 ,21.398861 ,-36.421354,7.978957  ,8.000000  ,0.068640  ,0.072476  
16.380000 ,21.298171 ,-36.297591,7.976098  ,8.000000  ,0.068536  ,0.038474  
16.380000 ,21.298171 ,-36.297591,7.976098  ,8.000000  ,0.068536  ,0.064901  
16.400000 ,21.198144 ,-36.173250,7.981889  ,8.000000  ,0.068696  ,-0.144412 
16.400000 ,21.198144 ,-36.173250,7.981889  ,8.000000  ,0.068696  ,0.008297  
16.420000 ,21.099178 ,-36.048576,7.938413  ,8.000000  ,0.070213  ,0.002196  
16.420000 ,21.099178 ,-36.048576,7.938413  ,8.000000  ,0.070213  ,-0.012367 
16.440000 ,21.001373 ,-35.923434,7.944334  ,8.000000  ,0.070795  ,0.008853  
16.440000 ,21.001373 ,-35.923434,7.944334  ,8.000000  ,0.070795  ,0.050183  
16.460000 ,20.904486 ,-35.797430,7.950324  ,8.000000  ,0.071254  ,-0.045063 
16.460000 ,20.904486 ,-35.797430,7.950324  ,8.000000  ,0.071254  ,0.054742  
16.480000 ,20.808632 ,-35.670559,7.950752  ,8.000000  ,0.071497  ,0.046391  
16.480000 ,20.808632 ,-35.670559,7.950752  ,8.000000  ,0.071497  ,-0.075460 
16.500000 ,20.713823 ,-35.542788,7.959631  ,8.000000  ,0.071498  ,-0.020507 
16.500000 ,20.713823 ,-35.542788,7.959631  ,8.000000  ,0.071498  ,0.051215  
16.520000 ,20.620017 ,-35.414146,7.961475  ,8.000000  ,0.072658  ,-0.108478 
16.520000 ,20.620017 ,-35.414146,7.961475  ,8.000000  ,0.072658  ,-0.000428 
16.540000 ,20.527414 ,-35.284926,7.937396  ,8.000000  ,0.072705  ,0.033595  
16.540000 ,20.527414 ,-35.284926,7.937396  ,8.000000  ,0.072705  ,-0.052764 
16.560000 ,20.435994 ,-35.155034,7.946327  ,8.000000  ,0.072539  ,0.003728  
16.560000 ,20.435994 ,-35.155034,7.946327  ,8.000000  ,0.072539  ,-0.060705 
16.580000 ,20.345606 ,-35.024249,7.951656  ,8.000000  ,0.072158  ,-0.006706 
16.580000 ,20.345606 ,-35.024249,7.951656  ,8.000000  ,0.072158  ,0.006836  
16.600000 ,20.256261 ,-34.892639,7.955521  ,8.000000  ,0.072635  ,-0.036804 
16.600000 ,20.256261 ,-34.892639,7.955521  ,8.000000  ,0.072635  ,0.047136  
16.620000 ,20.167952 ,-34.760277,7.956234  ,8.000000  ,0.072375  ,-0.032009 
16.620000 ,20.167952 ,-34.760277,7.956234  ,8.000000  ,0.072375  ,-0.025550 
16.640000 ,20.080654 ,-34.627223,7.957326  ,8.000000  ,0.072057  ,0.051795  
16.640000 ,20.080654 ,-34.627223,7.957326  ,8.000000  ,0.072057  ,0.110475  
16.660000 ,19.994281 ,-34.493449,7.966096  ,8.000000  ,0.071744  ,-0.048705 
16.660000 ,19.994281 ,-34.493449,7.966096  ,8.000000  ,0.071744  ,0.060342  
16.680000 ,19.908826 ,-34.359048,7.961001  ,8.000000  ,0.071502  ,-0.022023 
16.680000 ,19.908826 ,-34.359048,7.961001  ,8.000000  ,0.071502  ,0.055281  
16.700000 ,19.824283 ,-34.224109,7.962577  ,8.000000  ,0.072526  ,-0.069524 
16.700000 ,19.824283 ,-34.224109,7.962577  ,8.000000  ,0.072526  ,0.046709  
16.720000 ,19.740653 ,-34.088721,7.951527  ,8.000000  ,0.073031  ,-0.028700 
16.720000 ,19.740653 ,-34.088721,7.951527  ,8.000000  ,0.073031  ,0.011391  
16.740000 ,19.658034 ,-33.952814,7.953363  ,8.000000  ,0.073609  ,-0.012055 
16.740000 ,19.658034 ,-33.952814,7.953363  ,8.000000  ,0.073609  ,0.014320  
16.760000 ,19.576478 ,-33.816208,7.956573  ,8.000000  ,0.074131  ,-0.019182 
16.760000 ,19.576478 ,-33.816208,7.956573  ,8.000000  ,0.074131  ,0.037606  
16.780000 ,19.496014 ,-33.678893,7.958824  ,8.000000  ,0.074574  ,-0.042670 
16.780000 ,19.496014 ,-33.678893,7.958824  ,8.000000  ,0.074574  ,-0.000150 
16.800000 ,19.416729 ,-33.540874,7.958310  ,8.000000  ,0.076148  ,-0.010601 
16.800000 ,19.416729 ,-33.540874,7.958310  ,8.000000  ,0.076148  ,0.038533  
16.820000 ,19.338706 ,-33.402110,7.961196  ,8.000000  ,0.076696  ,0.016667  
16.820000 ,19.338706 ,-33.402110,7.961196  ,8.000000  ,0.076696  ,0.051145  
16.840000 ,19.262015 ,-33.262514,7.966346  ,8.000000  ,0.076940  ,0.026672  
16.840000 ,19.262015 ,-33.262514,7.966346  ,8.000000  ,0.076940  ,-0.042788 
16.860000 ,19.186743 ,-33.122026,7.971947  ,8.000000  ,0.076789  ,0.062382  
16.860000 ,19.186743 ,-33.122026,7.971947  ,8.000000  ,0.076789  ,0.024282  
16.880000 ,19.112831 ,-32.980658,7.980343  ,8.000000  ,0.076315  ,0.018368  
16.880000 ,19.112831 ,-32.980658,7.980343  ,8.000000  ,0.076315  ,-0.014790 
16.900000 ,19.040226 ,-32.838482,7.983873  ,8.000000  ,0.077020  ,-0.123242 
16.900000 ,19.040226 ,-32.838482,7.983873  ,8.000000  ,0.077020  ,0.044166  
16.920000 ,18.969160 ,-32.695925,7.947001  ,8.000000  ,0.076577  ,0.002720  
16.920000 ,18.969160 ,-32.695925,7.947001  ,8.000000  ,0.076577  ,-0.033781 
16.940000 ,18.899608 ,-32.552954,7.952174  ,8.000000  ,0.075921  ,0.025337  
16.940000 ,18.899608 ,-32.552954,7.952174  ,8.000000  ,0.075921  ,0.002590  
16.960000 ,18.831372 ,-32.409217,7.958967  ,8.000000  ,0.075087  ,0.015431  
16.960000 ,18.831372 ,-32.409217,7.958967  ,8.000000  ,0.075087  ,0.013760  
16.980000 ,18.764405 ,-32.264751,7.964209  ,8.000000  ,0.074149  ,0.074103  
16.980000 ,18.764405 ,-32.264751,7.964209  ,8.000000  ,0.074149  ,0.085204  
17.000000 ,18.698635 ,-32.119567,7.974411  ,8.000000  ,0.074777  ,0.087614  
17.000000 ,18.698635 ,-32.119567,7.974411  ,8.000000  ,0.074777  ,0.038896  
17.020000 ,18.633970 ,-31.973660,7.984921  ,8.000000  ,0.074435  ,0.041623  
17.020000 ,18.633970 ,-31.973660,7.984921  ,8.000000  ,0.074435  ,0.050919  
17.040000 ,18.570362 ,-31.827118,7.990185  ,8.000000  ,0.074294  ,0.066261  
17.040000 ,18.570362 ,-31.827118,7.990185  ,8.000000  ,0.074294  ,-0.074159 
17.060000 ,18.507754 ,-31.680012,7.997248  ,8.000000  ,0.074455  ,0.067672  
17.060000 ,18.507754 ,-31.680012,7.997248  ,8.000000  ,0.074455  ,0.016648  
17.080000 ,18.446225 ,-31.532304,8.003786  ,8.000000  ,0.074862  ,0.081838  
17.080000 ,18.446225 ,-31.532304,8.003786  ,8.000000  ,0.074862  ,-0.063807 
17.100000 ,18.385877 ,-31.383961,8.011032  ,8.000000  ,0.077007  ,-0.021694 
17.100000 ,18.385877 ,-31.383961,8.011032  ,8.000000  ,0.077007  ,-0.019714 
17.120000 ,18.326793 ,-31.235161,7.999767  ,8.000000  ,0.078098  ,-0.030904 
17.120000 ,18.326793 ,-31.235161,7.999767  ,8.000000  ,0.078098  ,0.043050  
17.140000 ,18.269092 ,-31.086052,7.989210  ,8.000000  ,0.079193  ,-0.093497 
17.140000 ,18.269092 ,-31.086052,7.989210  ,8.000000  ,0.079193  ,-0.000539 
17.160000 ,18.212927 ,-30.936785,7.960740  ,8.000000  ,0.080168  ,-0.047565 
17.160000 ,18.212927 ,-30.936785,7.960740  ,8.000000  ,0.080168  ,-0.033385 
17.180000 ,18.158375 ,-30.787241,7.957881  ,8.000000  ,0.080879  ,0.046678  
17.180000 ,18.158375 ,-30.787241,7.957881  ,8.000000  ,0.080879  ,0.015064  
17.200000 ,18.105432 ,-30.637059,7.966125  ,8.000000  ,0.082695  ,-0.047434 
17.200000 ,18.105432 ,-30.637059,7.966125  ,8.000000  ,0.082695  ,-0.040868 
17.220000 ,18.054067 ,-30.486296,7.961458  ,8.000000  ,0.083025  ,0.024983  
17.220000 ,18.054067 ,-30.486296,7.961458  ,8.000000  ,0.083025  ,-0.059170 
17.240000 ,18.004224 ,-30.335007,7.967355  ,8.000000  ,0.083009  ,-0.059243 
17.240000 ,18.004224 ,-30.335007,7.967355  ,8.000000  ,0.083009  ,0.026200  
17.260000 ,17.955948 ,-30.183250,7.958199  ,8.000000  ,0.082603  ,0.016302  
17.260000 ,17.955948 ,-30.183250,7.958199  ,8.000000  ,0.082603  ,-0.039008 
17.280000 ,17.909225 ,-30.031042,7.963594  ,8.000000  ,0.082859  ,0.007861  
17.280000 ,17.909225 ,-30.031042,7.963594  ,8.000000  ,0.082859  ,-0.010717 
17.300000 ,17.863974 ,-29.878291,7.967703  ,8.000000  ,0.082072  ,-0.031071 
17.300000 ,17.863974 ,-29.878291,7.967703  ,8.000000  ,0.082072  ,-0.007796 
17.320000 ,17.820145 ,-29.725082,7.967817  ,8.000000  ,0.080956  ,0.003051  
17.320000 ,17.820145 ,-29.725082,7.967817  ,8.000000  ,0.080956  ,0.012408  
17.340000 ,17.777666 ,-29.571458,7.971088  ,8.000000  ,0.079574  ,-0.053089 
17.340000 ,17.777666 ,-29.571458,7.971088  ,8.000000  ,0.079574  ,0.066900  
17.360000 ,17.736484 ,-29.417538,7.962766  ,8.000000  ,0.077991  ,0.003524  
17.360000 ,17.736484 ,-29.417538,7.962766  ,8.000000  ,0.077991  ,0.043115  
17.380000 ,17.696523 ,-29.263339,7.966550  ,8.000000  ,0.077260  ,0.025704  
17.380000 ,17.696523 ,-29.263339,7.966550  ,8.000000  ,0.077260  ,-0.020992 
17.400000 ,17.657683 ,-29.108758,7.972042  ,8.000000  ,0.075765  ,0.057260  
17.400000 ,17.657683 ,-29.108758,7.972042  ,8.000000  ,0.075765  ,-0.085714 
17.420000 ,17.619891 ,-28.953778,7.979953  ,8.000000  ,0.074205  ,-0.023396 
17.420000 ,17.619891 ,-28.953778,7.979953  ,8.000000  ,0.074205  ,0.029674  
17.440000 ,17.583104 ,-28.798489,7.978800  ,8.000000  ,0.072626  ,0.026081  
17.440000 ,17.583104 ,-28.798489,7.978800  ,8.000000  ,0.072626  ,-0.022248 
17.460000 ,17.547281 ,-28.642941,7.983190  ,8.000000  ,0.071064  ,-0.029472 
17.460000 ,17.547281 ,-28.642941,7.983190  ,8.000000  ,0.071064  ,0.078293  
17.480000 ,17.512385 ,-28.487184,7.978832  ,8.000000  ,0.070465  ,-0.019356 
17.480000 ,17.512385 ,-28.487184,7.978832  ,8.000000  ,0.070465  ,-0.040582 
17.500000 ,17.478391 ,-28.331269,7.979000  ,8.000000  ,0.069287  ,-0.034898 
17.500000 ,17.478391 ,-28.331269,7.979000  ,8.000000  ,0.069287  ,-0.035212 
17.520000 ,17.445273 ,-28.175215,7.974216  ,8.000000  ,0.068158  ,-0.056394 
17.520000 ,17.445273 ,-28.175215,7.974216  ,8.000000  ,0.068158  ,0.012271  
17.540000 ,17.413032 ,-28.019137,7.963679  ,8.000000  ,0.067077  ,-0.157704 
17.540000 ,17.413032 ,-28.019137,7.963679  ,8.000000  ,0.067077  ,-0.006378 
17.560000 ,17.381733 ,-27.863418,7.921896  ,8.000000  ,0.066034  ,-0.003105 
17.560000 ,17.381733 ,-27.863418,7.921896  ,8.000000  ,0.066034  ,0.041910  
17.580000 ,17.351333 ,-27.707852,7.928859  ,8.000000  ,0.065846  ,-0.024065 
17.580000 ,17.351333 ,-27.707852,7.928859  ,8.000000  ,0.065846  ,-0.015904 
17.600000 ,17.321750 ,-27.552014,7.933229  ,8.000000  ,0.065049  ,0.009108  
17.600000 ,17.321750 ,-27.552014,7.933229  ,8.000000  ,0.065049  ,0.078395  
17.620000 ,17.292984 ,-27.395906,7.940274  ,8.000000  ,0.064206  ,-0.162208 
17.620000 ,17.292984 ,-27.395906,7.940274  ,8.000000  ,0.064206  ,0.101384  
17.640000 ,17.265102 ,-27.239945,7.904997  ,8.000000  ,0.063304  ,0.098976  
17.640000 ,17.265102 ,-27.239945,7.904997  ,8.000000  ,0.063304  ,-0.026782 
17.660000 ,17.238081 ,-27.083987,7.923006  ,8.000000  ,0.062320  ,0.079752  
17.660000 ,17.238081 ,-27.083987,7.923006  ,8.000000  ,0.062320  ,0.030480  
17.680000 ,17.211838 ,-26.927565,7.937558  ,8.000000  ,0.062011  ,-0.008899 
17.680000 ,17.211838 ,-26.927565,7.937558  ,8.000000  ,0.062011  ,0.061139  
17.700000 ,17.186387 ,-26.770817,7.942529  ,8.000000  ,0.061027  ,0.028398  
17.700000 ,17.186387 ,-26.770817,7.942529  ,8.000000  ,0.061027  ,0.027435  
17.720000 ,17.161730 ,-26.613810,7.950501  ,8.000000  ,0.059913  ,-0.093162 
17.720000 ,17.161730 ,-26.613810,7.950501  ,8.000000  ,0.059913  ,0.035752  
17.740000 ,17.137888 ,-26.456758,7.935471  ,8.000000  ,0.058663  ,0.054241  
17.740000 ,17.137888 ,-26.456758,7.935471  ,8.000000  ,0.058663  ,-0.024554 
17.760000 ,17.114848 ,-26.299617,7.946498  ,8.000000  ,0.057262  ,0.036476  
17.760000 ,17.114848 ,-26.299617,7.946498  ,8.000000  ,0.057262  ,0.069207  
17.780000 ,17.092575 ,-26.142170,7.954851  ,8.000000  ,0.056377  ,0.029041  
17.780000 ,17.092575 ,-26.142170,7.954851  ,8.000000  ,0.056377  ,0.034142  
17.800000 ,17.071067 ,-25.984464,7.961739  ,8.000000  ,0.054799  ,-0.026155 
17.800000 ,17.071067 ,-25.984464,7.961739  ,8.000000  ,0.054799  ,-0.031530 
17.820000 ,17.050330 ,-25.826574,7.962863  ,8.000000  ,0.053019  ,-0.020692 
17.820000 ,17.050330 ,-25.826574,7.962863  ,8.000000  ,0.053019  ,-0.021870 
17.840000 ,17.030365 ,-25.668557,7.964390  ,8.000000  ,0.051044  ,-0.029986 
17.840000 ,17.030365 ,-25.668557,7.964390  ,8.000000  ,0.051044  ,-0.011031 
17.860000 ,17.011171 ,-25.510425,7.964912  ,8.000000  ,0.049130  ,0.004710  
17.860000 ,17.011171 ,-25.510425,7.964912  ,8.000000  ,0.049130  ,-0.012234 
17.880000 ,16.992743 ,-25.352159,7.968607  ,8.000000  ,0.046587  ,-0.001493 
17.880000 ,16.992743 ,-25.352159,7.968607  ,8.000000  ,0.046587  ,-0.044470 
17.900000 ,16.975053 ,-25.193743,7.971382  ,8.000000  ,0.043576  ,-0.013804 
17.900000 ,16.975053 ,-25.193743,7.971382  ,8.000000  ,0.043576  ,0.037966  
17.920000 ,16.957841 ,-25.035233,7.972758  ,8.000000  ,0.040257  ,-0.122791 
17.920000 ,16.957841 ,-25.035233,7.972758  ,8.000000  ,0.040257  ,0.052614  
17.940000 ,16.941078 ,-24.877010,7.939868  ,8.000000  ,0.036598  ,0.062961  
17.940000 ,16.941078 ,-24.877010,7.939868  ,8.000000  ,0.036598  ,0.052995  
17.960000 ,16.924679 ,-24.718945,7.951295  ,8.000000  ,0.032266  ,-0.037794 
17.960000 ,16.924679 ,-24.718945,7.951295  ,8.000000  ,0.032266  ,-0.077512 
17.980000 ,16.908517 ,-24.560733,7.952308  ,8.000000  ,0.027530  ,0.004443  
17.980000 ,16.908517 ,-24.560733,7.952308  ,8.000000  ,0.027530  ,0.021170  
18.000000 ,16.892480 ,-24.402448,7.957149  ,8.000000  ,0.022308  ,-0.069279 
18.000000 ,16.892480 ,-24.402448,7.957149  ,8.000000  ,0.022308  ,-0.067601 
18.020000 ,16.876298 ,-24.244226,7.948051  ,8.000000  ,0.016785  ,-0.039736 
18.020000 ,16.876298 ,-24.244226,7.948051  ,8.000000  ,0.016785  ,0.048035  
18.040000 ,16.859848 ,-24.086107,7.949185  ,8.000000  ,0.010999  ,-0.014432 
18.040000 ,16.859848 ,-24.086107,7.949185  ,8.000000  ,0.010999  ,-0.047570 
18.060000 ,16.842961 ,-23.927988,7.952563  ,8.000000  ,0.004072  ,-0.003321 
18.060000 ,16.842961 ,-23.927988,7.952563  ,8.000000  ,0.004072  ,-0.045847 
18.080000 ,16.825333 ,-23.769876,7.956659  ,8.000000  ,0.002565  ,-0.020962 
18.080000 ,16.825333 ,-23.769876,7.956659  ,8.000000  ,0.002565  ,0.012858  
18.100000 ,16.806799 ,-23.611804,7.958736  ,8.000000  ,0.009403  ,0.097489  
18.100000 ,16.806799 ,-23.611804,7.958736  ,8.000000  ,0.009403  ,0.111181  
18.120000 ,16.787174 ,-23.453713,7.971618  ,8.000000  ,0.016523  ,-0.114457 
18.120000 ,16.787174 ,-23.453713,7.971618  ,8.000000  ,0.016523  ,0.087974  
18.140000 ,16.766326 ,-23.295965,7.941989  ,8.000000  ,0.024021  ,0.027385  
18.140000 ,16.766326 ,-23.295965,7.941989  ,8.000000  ,0.024021  ,-0.021185 
18.160000 ,16.744083 ,-23.138610,7.949917  ,8.000000  ,0.034471  ,-0.035140 
18.160000 ,16.744083 ,-23.138610,7.949917  ,8.000000  ,0.034471  ,-0.012604 
18.180000 ,16.720222 ,-22.981399,7.951304  ,8.000000  ,0.044204  ,0.027163  
18.180000 ,16.720222 ,-22.981399,7.951304  ,8.000000  ,0.044204  ,-0.043852 
18.200000 ,16.694341 ,-22.824422,7.958347  ,8.000000  ,0.054393  ,0.082727  
18.200000 ,16.694341 ,-22.824422,7.958347  ,8.000000  ,0.054393  ,0.021977  
18.220000 ,16.666253 ,-22.667635,7.969894  ,8.000000  ,0.065025  ,0.051177  
18.220000 ,16.666253 ,-22.667635,7.969894  ,8.000000  ,0.065025  ,-0.002443 
18.240000 ,16.635787 ,-22.511100,7.977440  ,8.000000  ,0.076067  ,0.074288  
18.240000 ,16.635787 ,-22.511100,7.977440  ,8.000000  ,0.076067  ,-0.024362 
18.260000 ,16.602775 ,-22.354912,7.986432  ,8.000000  ,0.090781  ,0.022176  
18.260000 ,16.602775 ,-22.354912,7.986432  ,8.000000  ,0.090781  ,-0.054457 
18.280000 ,16.567062 ,-22.199195,7.989750  ,8.000000  ,0.103567  ,0.078216  
18.280000 ,16.567062 ,-22.199195,7.989750  ,8.000000  ,0.103567  ,-0.011103 
18.300000 ,16.528495 ,-22.044041,7.997963  ,8.000000  ,0.116463  ,0.033311  
18.300000 ,16.528495 ,-22.044041,7.997963  ,8.000000  ,0.116463  ,0.044055  
18.320000 ,16.486938 ,-21.889542,8.001245  ,8.000000  ,0.129341  ,0.021930  
18.320000 ,16.486938 ,-21.889542,8.001245  ,8.000000  ,0.129341  ,0.006580  
18.340000 ,16.442288 ,-21.735855,8.003165  ,8.000000  ,0.142074  ,0.008282  
18.340000 ,16.442288 ,-21.735855,8.003165  ,8.000000  ,0.142074  ,-0.023557 
18.360000 ,16.394449 ,-21.583106,8.003640  ,8.000000  ,0.157930  ,0.011041  
18.360000 ,16.394449 ,-21.583106,8.003640  ,8.000000  ,0.157930  ,0.117881  
18.380000 ,16.343189 ,-21.431459,8.004327  ,8.000000  ,0.170539  ,-0.051997 
18.380000 ,16.343189 ,-21.431459,8.004327  ,8.000000  ,0.170539  ,0.035860  
18.400000 ,16.288340 ,-21.281284,7.984939  ,8.000000  ,0.182016  ,0.063801  
18.400000 ,16.288340 ,-21.281284,7.984939  ,8.000000  ,0.182016  ,0.025055  
18.420000 ,16.229896 ,-21.132588,7.992261  ,8.000000  ,0.192244  ,0.027492  
18.420000 ,16.229896 ,-21.132588,7.992261  ,8.000000  ,0.192244  ,-0.026437 
18.440000 ,16.167798 ,-20.985266,7.995532  ,8.000000  ,0.202684  ,-0.056651 
18.440000 ,16.167798 ,-20.985266,7.995532  ,8.000000  ,0.202684  ,-0.017225 
18.460000 ,16.102074 ,-20.839699,7.977569  ,8.000000  ,0.209721  ,0.020742  
18.460000 ,16.102074 ,-20.839699,7.977569  ,8.000000  ,0.209721  ,0.010613  
18.480000 ,16.032665 ,-20.695996,7.981577  ,8.000000  ,0.214370  ,0.022811  
18.480000 ,16.032665 ,-20.695996,7.981577  ,8.000000  ,0.214370  ,-0.083579 
18.500000 ,15.959465 ,-20.554098,7.985405  ,8.000000  ,0.216391  ,-0.108912 
18.500000 ,15.959465 ,-20.554098,7.985405  ,8.000000  ,0.216391  ,0.025268  
18.520000 ,15.882680 ,-20.414455,7.952939  ,8.000000  ,0.215632  ,-0.041341 
18.520000 ,15.882680 ,-20.414455,7.952939  ,8.000000  ,0.215632  ,-0.038843 
18.540000 ,15.802346 ,-20.277173,7.953470  ,8.000000  ,0.217362  ,-0.005022 
18.540000 ,15.802346 ,-20.277173,7.953470  ,8.000000  ,0.217362  ,0.001265  
18.560000 ,15.718536 ,-20.141932,7.957324  ,7.865941  ,0.215762  ,0.085378  
18.560000 ,15.718536 ,-20.141932,7.957324  ,7.865941  ,0.215762  ,-0.057871 
18.580000 ,15.631496 ,-20.008726,7.955257  ,7.710712  ,0.214287  ,0.072452  
18.580000 ,15.631496 ,-20.008726,7.955257  ,7.710712  ,0.214287  ,-0.050171 
18.600000 ,15.541879 ,-19.878020,7.896019  ,7.573876  ,0.213453  ,0.021121  
18.600000 ,15.541879 ,-19.878020,7.896019  ,7.573876  ,0.213453  ,0.047016  
18.620000 ,15.450453 ,-19.750599,7.792400  ,7.573876  ,0.212308  ,0.022238  
18.620000 ,15.450453 ,-19.750599,7.792400  ,7.573876  ,0.212308  ,0.061719  
18.640000 ,15.357382 ,-19.626485,7.724833  ,7.454019  ,0.207868  ,-0.088678 
18.640000 ,15.357382 ,-19.626485,7.724833  ,7.454019  ,0.207868  ,-0.048032 
18.660000 ,15.263319 ,-19.505571,7.601087  ,7.349816  ,0.200748  ,-0.029494 
18.660000 ,15.263319 ,-19.505571,7.601087  ,7.349816  ,0.200748  ,-0.039960 
18.680000 ,15.168654 ,-19.387926,7.504441  ,7.260026  ,0.190384  ,0.054838  
18.680000 ,15.168654 ,-19.387926,7.504441  ,7.260026  ,0.190384  ,-0.051623 
18.700000 ,15.073096 ,-19.273082,7.439184  ,7.260026  ,0.172423  ,0.037811  
18.700000 ,15.073096 ,-19.273082,7.439184  ,7.260026  ,0.172423  ,0.051245  
18.720000 ,14.976865 ,-19.160282,7.390529  ,7.183381  ,0.151023  ,-0.130583 
18.720000 ,14.976865 ,-19.160282,7.390529  ,7.183381  ,0.151023  ,-0.022598 
18.740000 ,14.881178 ,-19.049233,7.274274  ,7.118551  ,0.125644  ,-0.112513 
18.740000 ,14.881178 ,-19.049233,7.274274  ,7.118551  ,0.125644  ,-0.025735 
18.760000 ,14.787064 ,-18.939567,7.181941  ,7.064878  ,0.097286  ,0.018231  
18.760000 ,14.787064 ,-18.939567,7.181941  ,7.064878  ,0.097286  ,-0.037958 
18.780000 ,14.694559 ,-18.830151,7.147920  ,7.064878  ,0.059488  ,0.040830  
18.780000 ,14.694559 ,-18.830151,7.147920  ,7.064878  ,0.059488  ,-0.003360 
18.800000 ,14.603962 ,-18.719765,7.133390  ,7.022533  ,0.022250  ,-0.033976 
18.800000 ,14.603962 ,-18.719765,7.133390  ,7.022533  ,0.022250  ,0.025168  
18.820000 ,14.516417 ,-18.607786,7.083535  ,6.991770  ,0.015899  ,-0.039328 
18.820000 ,14.516417 ,-18.607786,7.083535  ,6.991770  ,0.015899  ,-0.036969 
18.840000 ,14.432855 ,-18.493981,7.038410  ,6.991770  ,0.062692  ,-0.062085 
18.840000 ,14.432855 ,-18.493981,7.038410  ,6.991770  ,0.062692  ,-0.024116 
18.860000 ,14.354403 ,-18.377589,7.000984  ,6.972029  ,0.105457  ,-0.028800 
18.860000 ,14.354403 ,-18.377589,7.000984  ,6.972029  ,0.105457  ,0.009448  
18.880000 ,14.281958 ,-18.258030,6.981104  ,6.961699  ,0.147453  ,-0.056727 
18.880000 ,14.281958 ,-18.258030,6.981104  ,6.961699  ,0.147453  ,-0.030661 
18.900000 ,14.216126 ,-18.135235,6.954897  ,6.961699  ,0.189395  ,-0.024146 
18.900000 ,14.216126 ,-18.135235,6.954897  ,6.961699  ,0.189395  ,0.036020  
18.920000 ,14.157621 ,-18.009131,6.948927  ,6.958201  ,0.223530  ,0.105614  
18.920000 ,14.157621 ,-18.009131,6.948927  ,6.958201  ,0.223530  ,-0.030725 
18.940000 ,14.106685 ,-17.879728,6.959593  ,6.958201  ,0.250210  ,0.057304  
18.940000 ,14.106685 ,-17.879728,6.959593  ,6.958201  ,0.250210  ,-0.021077 
18.960000 ,14.063220 ,-17.747461,6.964784  ,6.958201  ,0.266853  ,-0.057581 
18.960000 ,14.063220 ,-17.747461,6.964784  ,6.958201  ,0.266853  ,-0.067364 
18.980000 ,14.027257 ,-17.613146,6.942697  ,6.958201  ,0.275814  ,-0.072981 
18.980000 ,14.027257 ,-17.613146,6.942697  ,6.958201  ,0.275814  ,-0.006642 
19.000000 ,13.998346 ,-17.477563,6.922912  ,6.958714  ,0.277278  ,0.070971  
19.000000 ,13.998346 ,-17.477563,6.922912  ,6.958714  ,0.277278  ,0.018502  
19.020000 ,13.976041 ,-17.340824,6.932825  ,6.964191  ,0.272503  ,-0.000788 
19.020000 ,13.976041 ,-17.340824,6.932825  ,6.964191  ,0.272503  ,-0.131926 
19.040000 ,13.959873 ,-17.203095,6.935664  ,6.964191  ,0.267830  ,-0.008292 
19.040000 ,13.959873 ,-17.203095,6.935664  ,6.964191  ,0.267830  ,-0.088578 
19.060000 ,13.949221 ,-17.064780,6.937542  ,6.978345  ,0.256720  ,-0.120254 
19.060000 ,13.949221 ,-17.064780,6.937542  ,6.978345  ,0.256720  ,-0.033235 
19.080000 ,13.943180 ,-16.926454,6.910193  ,7.003099  ,0.243034  ,0.018508  
19.080000 ,13.943180 ,-16.926454,6.910193  ,7.003099  ,0.243034  ,0.057161  
19.100000 ,13.941116 ,-16.788165,6.920537  ,7.003099  ,0.232378  ,0.007200  
19.100000 ,13.941116 ,-16.788165,6.920537  ,7.003099  ,0.232378  ,0.006550  
19.120000 ,13.942656 ,-16.649682,6.928870  ,7.038637  ,0.217244  ,-0.118325 
19.120000 ,13.942656 ,-16.649682,6.928870  ,7.038637  ,0.217244  ,0.013952  
19.140000 ,13.947229 ,-16.511213,6.925925  ,7.084289  ,0.201257  ,0.038615  
19.140000 ,13.947229 ,-16.511213,6.925925  ,7.084289  ,0.201257  ,-0.020705 
19.160000 ,13.954333 ,-16.372693,6.944212  ,7.084289  ,0.189042  ,0.001775  
19.160000 ,13.954333 ,-16.372693,6.944212  ,7.084289  ,0.189042  ,-0.074665 
19.180000 ,13.963550 ,-16.233983,6.957381  ,7.139466  ,0.174051  ,0.023931  
19.180000 ,13.963550 ,-16.233983,6.957381  ,7.139466  ,0.174051  ,-0.008212 
19.200000 ,13.974528 ,-16.095075,6.976508  ,7.203714  ,0.159332  ,-0.037027 
19.200000 ,13.974528 ,-16.095075,6.976508  ,7.203714  ,0.159332  ,-0.079848 
19.220000 ,13.986978 ,-15.955923,6.994164  ,7.203714  ,0.148091  ,-0.053425 
19.220000 ,13.986978 ,-15.955923,6.994164  ,7.203714  ,0.148091  ,-0.065826 
19.240000 ,14.000665 ,-15.816564,7.008658  ,7.276515  ,0.135314  ,0.029451  
19.240000 ,14.000665 ,-15.816564,7.008658  ,7.276515  ,0.135314  ,-0.043229 
19.260000 ,14.015414 ,-15.676888,7.036260  ,7.357231  ,0.123190  ,0.029655  
19.260000 ,14.015414 ,-15.676888,7.036260  ,7.357231  ,0.123190  ,0.011900  
19.280000 ,14.031100 ,-15.536708,7.068812  ,7.357231  ,0.113269  ,-0.034308 
19.280000 ,14.031100 ,-15.536708,7.068812  ,7.357231  ,0.113269  ,0.003337  
19.300000 ,14.047609 ,-15.396059,7.092403  ,7.445128  ,0.102564  ,-0.011152 
19.300000 ,14.047609 ,-15.396059,7.092403  ,7.445128  ,0.102564  ,0.019971  
19.320000 ,14.064858 ,-15.254940,7.124114  ,7.539295  ,0.092218  ,-0.094684 
19.320000 ,14.064858 ,-15.254940,7.124114  ,7.539295  ,0.092218  ,0.025693  
19.340000 ,14.082794 ,-15.113288,7.153869  ,7.539295  ,0.082179  ,-0.026170 
19.340000 ,14.082794 ,-15.113288,7.153869  ,7.539295  ,0.082179  ,-0.011069 
19.360000 ,14.101354 ,-14.971079,7.187222  ,7.638989  ,0.071625  ,0.075231  
19.360000 ,14.101354 ,-14.971079,7.187222  ,7.638989  ,0.071625  ,-0.051407 
19.380000 ,14.120292 ,-14.828088,7.236148  ,7.744576  ,0.060896  ,-0.083206 
19.380000 ,14.120292 ,-14.828088,7.236148  ,7.744576  ,0.060896  ,-0.061494 
19.400000 ,14.139540 ,-14.684248,7.275625  ,7.857715  ,0.050133  ,0.011303  
19.400000 ,14.139540 ,-14.684248,7.275625  ,7.857715  ,0.050133  ,0.018447  
19.420000 ,14.159024 ,-14.539483,7.330715  ,7.857715  ,0.041036  ,-0.026863 
19.420000 ,14.159024 ,-14.539483,7.330715  ,7.857715  ,0.041036  ,-0.032692 
19.440000 ,14.178659 ,-14.393715,7.377147  ,7.980347  ,0.031942  ,-0.064529 
19.440000 ,14.178659 ,-14.393715,7.377147  ,7.980347  ,0.031942  ,0.001667  
19.460000 ,14.198338 ,-14.246980,7.427157  ,8.000000  ,0.023783  ,-0.004113 
19.460000 ,14.198338 ,-14.246980,7.427157  ,8.000000  ,0.023783  ,0.143181  
19.480000 ,14.217977 ,-14.099201,7.479957  ,8.000000  ,0.016770  ,-0.094203 
19.480000 ,14.217977 ,-14.099201,7.479957  ,8.000000  ,0.016770  ,0.137220  
19.500000 ,14.237479 ,-13.950475,7.519492  ,8.000000  ,0.010952  ,-0.024933 
19.500000 ,14.237479 ,-13.950475,7.519492  ,8.000000  ,0.010952  ,0.035534  
19.520000 ,14.256758 ,-13.800895,7.561787  ,8.000000  ,0.000000  ,0.043913  
19.520000 ,14.256758 ,-13.800895,7.561787  ,8.000000  ,0.000000  ,0.002658  
19.540000 ,14.275762 ,-13.650401,7.606547  ,8.000000  ,0.000427  ,0.011511  
19.540000 ,14.275762 ,-13.650401,7.606547  ,8.000000  ,0.000427  ,-0.018541 
19.560000 ,14.294435 ,-13.499037,7.644144  ,8.000000  ,0.004259  ,-0.046680 
19.560000 ,14.294435 ,-13.499037,7.644144  ,8.000000  ,0.004259  ,0.007517  
19.580000 ,14.312717 ,-13.346959,7.672847  ,8.000000  ,0.009836  ,-0.145377 
19.580000 ,14.312717 ,-13.346959,7.672847  ,8.000000  ,0.009836  ,0.035777  
19.600000 ,14.330400 ,-13.194352,7.689723  ,8.000000  ,0.014901  ,-0.079534 
19.600000 ,14.330400 ,-13.194352,7.689723  ,8.000000  ,0.014901  ,-0.016379 
19.620000 ,14.347282 ,-13.041269,7.711145  ,8.000000  ,0.019898  ,-0.154832 
19.620000 ,14.347282 ,-13.041269,7.711145  ,8.000000  ,0.019898  ,-0.041074 
19.640000 ,14.363275 ,-12.887751,7.723588  ,8.000000  ,0.024873  ,0.001419  
19.640000 ,14.363275 ,-12.887751,7.723588  ,8.000000  ,0.024873  ,-0.004029 
19.660000 ,14.378270 ,-12.733747,7.749381  ,8.000000  ,0.031300  ,-0.029442 
19.660000 ,14.378270 ,-12.733747,7.749381  ,8.000000  ,0.031300  ,0.021373  
19.680000 ,14.392153 ,-12.579174,7.769915  ,8.000000  ,0.037000  ,0.095025  
19.680000 ,14.392153 ,-12.579174,7.769915  ,8.000000  ,0.037000  ,-0.091999 
19.700000 ,14.404800 ,-12.423986,7.800098  ,8.000000  ,0.042763  ,-0.031461 
19.700000 ,14.404800 ,-12.423986,7.800098  ,8.000000  ,0.042763  ,-0.027141 
19.720000 ,14.416091 ,-12.268235,7.815736  ,7.958273  ,0.048571  ,0.136971  
19.720000 ,14.416091 ,-12.268235,7.815736  ,7.958273  ,0.048571  ,-0.115819 
19.740000 ,14.425912 ,-12.111966,7.841685  ,7.877635  ,0.054415  ,-0.107774 
19.740000 ,14.425912 ,-12.111966,7.841685  ,7.877635  ,0.054415  ,0.008048  
19.760000 ,14.434142 ,-11.955610,7.816961  ,7.877635  ,0.062645  ,-0.030160 
19.760000 ,14.434142 ,-11.955610,7.816961  ,7.877635  ,0.062645  ,-0.022074 
19.780000 ,14.440666 ,-11.799379,7.819794  ,7.800264  ,0.069373  ,-0.009654 
19.780000 ,14.440666 ,-11.799379,7.819794  ,7.800264  ,0.069373  ,0.059526  
19.800000 ,14.445392 ,-11.643161,7.809748  ,7.725502  ,0.076109  ,-0.026338 
19.800000 ,14.445392 ,-11.643161,7.809748  ,7.725502  ,0.076109  ,-0.000056 
19.820000 ,14.448212 ,-11.487394,7.771683  ,7.652584  ,0.082788  ,0.090844  
19.820000 ,14.448212 ,-11.487394,7.771683  ,7.652584  ,0.082788  ,0.050668  
19.840000 ,14.449021 ,-11.332066,7.761957  ,7.652584  ,0.091605  ,0.027460  
19.840000 ,14.449021 ,-11.332066,7.761957  ,7.652584  ,0.091605  ,-0.043433 
19.860000 ,14.447691 ,-11.177130,7.733761  ,7.580725  ,0.098805  ,-0.081230 
19.860000 ,14.447691 ,-11.177130,7.733761  ,7.580725  ,0.098805  ,-0.016141 
19.880000 ,14.443854 ,-11.023354,7.653121  ,7.509211  ,0.105351  ,-0.025200 
19.880000 ,14.443854 ,-11.023354,7.653121  ,7.509211  ,0.105351  ,-0.029094 
19.900000 ,14.437372 ,-10.871044,7.594909  ,7.437478  ,0.111038  ,-0.026967 
19.900000 ,14.437372 ,-10.871044,7.594909  ,7.437478  ,0.111038  ,0.001589  
19.920000 ,14.428320 ,-10.720087,7.531435  ,7.437478  ,0.117861  ,-0.110240 
19.920000 ,14.428320 ,-10.720087,7.531435  ,7.437478  ,0.117861  ,-0.025231 
19.940000 ,14.416507 ,-10.570667,7.461145  ,7.365087  ,0.122294  ,0.020351  
19.940000 ,14.416507 ,-10.570667,7.461145  ,7.365087  ,0.122294  ,-0.108993 
19.960000 ,14.401679 ,-10.422461,7.435085  ,7.291985  ,0.125213  ,0.071084  
19.960000 ,14.401679 ,-10.422461,7.435085  ,7.291985  ,0.125213  ,0.006284  
19.980000 ,14.383794 ,-10.275104,7.410296  ,7.217830  ,0.126564  ,-0.037841 
19.980000 ,14.383794 ,-10.275104,7.410296  ,7.217830  ,0.126564  ,0.066390  
20.000000 ,14.363055 ,-10.129202,7.331018  ,7.217830  ,0.127860  ,-0.034969 
20.000000 ,14.363055 ,-10.129202,7.331018  ,7.217830  ,0.127860  ,-0.066612 
20.020000 ,14.339496 ,-9.985033 ,7.280019  ,7.142243  ,0.126304  ,0.020998  
20.020000 ,14.339496 ,-9.985033 ,7.280019  ,7.142243  ,0.126304  ,-0.044607 
20.040000 ,14.313065 ,-9.842285 ,7.239821  ,7.064860  ,0.122750  ,0.007750  
20.040000 ,14.313065 ,-9.842285 ,7.239821  ,7.064860  ,0.122750  ,0.018982  
20.060000 ,14.283894 ,-9.701078 ,7.182263  ,6.985350  ,0.117090  ,0.071238  
20.060000 ,14.283894 ,-9.701078 ,7.182263  ,6.985350  ,0.117090  ,-0.034594 
20.080000 ,14.252370 ,-9.561403 ,7.139003  ,6.985350  ,0.111744  ,0.009177  
20.080000 ,14.252370 ,-9.561403 ,7.139003  ,6.985350  ,0.111744  ,0.031451  
20.100000 ,14.218650 ,-9.423203 ,7.089271  ,6.903438  ,0.103790  ,0.050259  
20.100000 ,14.218650 ,-9.423203 ,7.089271  ,6.903438  ,0.103790  ,-0.093706 
20.120000 ,14.182943 ,-9.286496 ,7.042603  ,6.818945  ,0.094614  ,0.027244  
20.120000 ,14.182943 ,-9.286496 ,7.042603  ,6.818945  ,0.094614  ,0.015694  
20.140000 ,14.145543 ,-9.151440 ,6.974992  ,6.818945  ,0.086760  ,-0.026405 
20.140000 ,14.145543 ,-9.151440 ,6.974992  ,6.818945  ,0.086760  ,-0.048469 
20.160000 ,14.106731 ,-9.018137 ,6.912188  ,6.731833  ,0.077222  ,-0.055661 
20.160000 ,14.106731 ,-9.018137 ,6.912188  ,6.731833  ,0.077222  ,0.020013  
20.180000 ,14.066782 ,-8.886686 ,6.830945  ,6.642245  ,0.067352  ,-0.007774 
20.180000 ,14.066782 ,-8.886686 ,6.830945  ,6.642245  ,0.067352  ,0.006108  
20.200000 ,14.025917 ,-8.757068 ,6.763314  ,6.642245  ,0.059626  ,-0.029056 
20.200000 ,14.025917 ,-8.757068 ,6.763314  ,6.642245  ,0.059626  ,-0.041473 
20.220000 ,13.984231 ,-8.628958 ,6.711637  ,6.550531  ,0.050899  ,-0.016476 
20.220000 ,13.984231 ,-8.628958 ,6.711637  ,6.550531  ,0.050899  ,-0.016604 
20.240000 ,13.941893 ,-8.502256 ,6.650509  ,6.457755  ,0.042382  ,-0.034810 
20.240000 ,13.941893 ,-8.502256 ,6.650509  ,6.457755  ,0.042382  ,0.047726  
20.260000 ,13.899174 ,-8.377163 ,6.572176  ,6.457755  ,0.036576  ,0.016827  
20.260000 ,13.899174 ,-8.377163 ,6.572176  ,6.457755  ,0.036576  ,-0.024018 
20.280000 ,13.856134 ,-8.253341 ,6.538582  ,6.365036  ,0.030177  ,-0.035162 
20.280000 ,13.856134 ,-8.253341 ,6.538582  ,6.365036  ,0.030177  ,0.115643  
20.300000 ,13.812919 ,-8.130717 ,6.466740  ,6.273382  ,0.024362  ,0.043191  
20.300000 ,13.812919 ,-8.130717 ,6.466740  ,6.273382  ,0.024362  ,-0.024112 
20.320000 ,13.769700 ,-8.009395 ,6.415049  ,6.273382  ,0.021763  ,-0.094334 
20.320000 ,13.769700 ,-8.009395 ,6.415049  ,6.273382  ,0.021763  ,0.129105  
20.340000 ,13.726375 ,-7.889539 ,6.333811  ,6.183861  ,0.018399  ,0.086248  
20.340000 ,13.726375 ,-7.889539 ,6.333811  ,6.183861  ,0.018399  ,-0.013463 
20.360000 ,13.682909 ,-7.770800 ,6.311884  ,6.097474  ,0.015507  ,0.041717  
20.360000 ,13.682909 ,-7.770800 ,6.311884  ,6.097474  ,0.015507  ,-0.049751 
20.380000 ,13.639296 ,-7.653002 ,6.252439  ,6.097474  ,0.016136  ,-0.031246 
20.380000 ,13.639296 ,-7.653002 ,6.252439  ,6.097474  ,0.016136  ,0.077652  
20.400000 ,13.595525 ,-7.536585 ,6.188341  ,6.015104  ,0.015458  ,0.014275  
20.400000 ,13.595525 ,-7.536585 ,6.188341  ,6.015104  ,0.015458  ,-0.044246 
20.420000 ,13.551414 ,-7.421562 ,6.133622  ,6.015104  ,0.017013  ,0.022649  
20.420000 ,13.551414 ,-7.421562 ,6.133622  ,6.015104  ,0.017013  ,0.059784  
20.440000 ,13.506798 ,-7.307664 ,6.100622  ,5.937514  ,0.017888  ,0.030712  
20.440000 ,13.506798 ,-7.307664 ,6.100622  ,5.937514  ,0.017888  ,0.040976  
20.460000 ,13.461560 ,-7.194865 ,6.055048  ,5.865331  ,0.018572  ,0.009337  
20.460000 ,13.461560 ,-7.194865 ,6.055048  ,5.865331  ,0.018572  ,0.050583  
20.480000 ,13.415706 ,-7.083488 ,5.992957  ,5.865331  ,0.021995  ,-0.080704 
20.480000 ,13.415706 ,-7.083488 ,5.992957  ,5.865331  ,0.021995  ,0.037086  
20.500000 ,13.369228 ,-6.973827 ,5.921245  ,5.799030  ,0.023520  ,0.009323  
20.500000 ,13.369228 ,-6.973827 ,5.921245  ,5.799030  ,0.023520  ,-0.003568 
20.520000 ,13.321917 ,-6.865711 ,5.882385  ,5.799030  ,0.026819  ,0.034995  
20.520000 ,13.321917 ,-6.865711 ,5.882385  ,5.799030  ,0.026819  ,0.020457  
20.540000 ,13.273449 ,-6.758704 ,5.865738  ,5.738938  ,0.028729  ,0.069120  
20.540000 ,13.273449 ,-6.758704 ,5.865738  ,5.738938  ,0.028729  ,-0.068678 
20.560000 ,13.223679 ,-6.652701 ,5.845883  ,5.685259  ,0.029636  ,-0.092546 
20.560000 ,13.223679 ,-6.652701 ,5.845883  ,5.685259  ,0.029636  ,-0.013939 
20.580000 ,13.172895 ,-6.548409 ,5.758736  ,5.685259  ,0.033754  ,-0.053630 
20.580000 ,13.172895 ,-6.548409 ,5.758736  ,5.685259  ,0.033754  ,-0.092378 
20.600000 ,13.121137 ,-6.446037 ,5.714983  ,5.638065  ,0.034759  ,-0.100003 
20.600000 ,13.121137 ,-6.446037 ,5.714983  ,5.638065  ,0.034759  ,0.071902  
20.620000 ,13.068262 ,-6.345427 ,5.654082  ,5.638065  ,0.038501  ,-0.010035 
20.620000 ,13.068262 ,-6.345427 ,5.654082  ,5.638065  ,0.038501  ,-0.033772 
20.640000 ,13.014030 ,-6.246308 ,5.645114  ,5.597275  ,0.039608  ,-0.007128 
20.640000 ,13.014030 ,-6.246308 ,5.645114  ,5.597275  ,0.039608  ,0.035865  
20.660000 ,12.958015 ,-6.148513 ,5.626193  ,5.597275  ,0.042833  ,-0.024626 
20.660000 ,12.958015 ,-6.148513 ,5.626193  ,5.597275  ,0.042833  ,0.013368  
20.680000 ,12.900253 ,-6.052174 ,5.607762  ,5.562708  ,0.043853  ,0.024097  
20.680000 ,12.900253 ,-6.052174 ,5.607762  ,5.562708  ,0.043853  ,0.010775  
20.700000 ,12.840680 ,-5.957241 ,5.600548  ,5.534164  ,0.042918  ,-0.049334 
20.700000 ,12.840680 ,-5.957241 ,5.600548  ,5.534164  ,0.042918  ,0.013698  
20.720000 ,12.779418 ,-5.863971 ,5.560715  ,5.534164  ,0.048133  ,-0.028522 
20.720000 ,12.779418 ,-5.863971 ,5.560715  ,5.534164  ,0.048133  ,-0.018479 
20.740000 ,12.716372 ,-5.772599 ,5.541758  ,5.511422  ,0.047465  ,0.033388  
20.740000 ,12.716372 ,-5.772599 ,5.541758  ,5.511422  ,0.047465  ,0.057740  
20.760000 ,12.651305 ,-5.682873 ,5.542041  ,5.511422  ,0.052928  ,0.037135  
20.760000 ,12.651305 ,-5.682873 ,5.542041  ,5.511422  ,0.052928  ,0.150307  
20.780000 ,12.584091 ,-5.594732 ,5.542646  ,5.494194  ,0.053008  ,-0.001751 
20.780000 ,12.584091 ,-5.594732 ,5.542646  ,5.494194  ,0.053008  ,0.030377  
20.800000 ,12.514732 ,-5.508496 ,5.525365  ,5.494194  ,0.059048  ,-0.069101 
20.800000 ,12.514732 ,-5.508496 ,5.525365  ,5.494194  ,0.059048  ,0.019322  
20.820000 ,12.443455 ,-5.424528 ,5.490849  ,5.482074  ,0.060272  ,-0.032448 
20.820000 ,12.443455 ,-5.424528 ,5.490849  ,5.482074  ,0.060272  ,-0.027916 
20.840000 ,12.370219 ,-5.342903 ,5.476659  ,5.482074  ,0.066816  ,-0.042951 
20.840000 ,12.370219 ,-5.342903 ,5.476659  ,5.482074  ,0.066816  ,0.036467  
20.860000 ,12.294880 ,-5.263588 ,5.463739  ,5.474476  ,0.069262  ,0.004215  
20.860000 ,12.294880 ,-5.263588 ,5.463739  ,5.474476  ,0.069262  ,0.045497  
20.880000 ,12.217314 ,-5.186604 ,5.465127  ,5.474476  ,0.075858  ,0.019467  
20.880000 ,12.217314 ,-5.186604 ,5.465127  ,5.474476  ,0.075858  ,-0.002036 
20.900000 ,12.137289 ,-5.112119 ,5.467802  ,5.470596  ,0.078814  ,-0.011761 
20.900000 ,12.137289 ,-5.112119 ,5.467802  ,5.470596  ,0.078814  ,0.009409  
20.920000 ,12.055032 ,-5.040116 ,5.464715  ,5.469359  ,0.079391  ,-0.062121 
20.920000 ,12.055032 ,-5.040116 ,5.464715  ,5.469359  ,0.079391  ,-0.030520 
20.940000 ,11.970632 ,-4.971012 ,5.444930  ,5.469359  ,0.087747  ,0.083138  
20.940000 ,11.970632 ,-4.971012 ,5.444930  ,5.469359  ,0.087747  ,-0.031732 
20.960000 ,11.884159 ,-4.904662 ,5.454917  ,5.469359  ,0.088123  ,-0.048212 
20.960000 ,11.884159 ,-4.904662 ,5.454917  ,5.469359  ,0.088123  ,-0.087984 
20.980000 ,11.795505 ,-4.841297 ,5.443292  ,5.469359  ,0.095170  ,-0.001716 
20.980000 ,11.795505 ,-4.841297 ,5.443292  ,5.469359  ,0.095170  ,-0.011514 
21.000000 ,11.704934 ,-4.780861 ,5.445553  ,5.469359  ,0.094966  ,-0.011383 
21.000000 ,11.704934 ,-4.780861 ,5.445553  ,5.469359  ,0.094966  ,-0.074876 
21.020000 ,11.612435 ,-4.723353 ,5.446706  ,5.469359  ,0.100685  ,0.021522  
21.020000 ,11.612435 ,-4.723353 ,5.446706  ,5.469359  ,0.100685  ,0.079270  
21.040000 ,11.518092 ,-4.668819 ,5.450807  ,5.469829  ,0.099904  ,-0.023995 
21.040000 ,11.518092 ,-4.668819 ,5.450807  ,5.469829  ,0.099904  ,0.041691  
21.060000 ,11.422039 ,-4.617306 ,5.449095  ,5.469829  ,0.104179  ,-0.015471 
21.060000 ,11.422039 ,-4.617306 ,5.449095  ,5.469829  ,0.104179  ,0.027721  
21.080000 ,11.324421 ,-4.568853 ,5.449584  ,5.472541  ,0.102736  ,-0.008013 
21.080000 ,11.324421 ,-4.568853 ,5.449584  ,5.472541  ,0.102736  ,-0.064215 
21.100000 ,11.225384 ,-4.523321 ,5.450971  ,5.472541  ,0.105686  ,-0.002621 
21.100000 ,11.225384 ,-4.523321 ,5.450971  ,5.472541  ,0.105686  ,-0.017575 
21.120000 ,11.125019 ,-4.480716 ,5.452730  ,5.479078  ,0.103835  ,0.090532  
21.120000 ,11.125019 ,-4.480716 ,5.452730  ,5.479078  ,0.103835  ,0.000072  
21.140000 ,11.023348 ,-4.440978 ,5.463581  ,5.479078  ,0.105606  ,-0.022629 
21.140000 ,11.023348 ,-4.440978 ,5.463581  ,5.479078  ,0.105606  ,-0.047747 
21.160000 ,10.920571 ,-4.403954 ,5.461126  ,5.490799  ,0.103543  ,-0.123284 
21.160000 ,10.920571 ,-4.403954 ,5.461126  ,5.490799  ,0.103543  ,0.020587  
21.180000 ,10.817153 ,-4.369903 ,5.428903  ,5.490799  ,0.104344  ,0.019995  
21.180000 ,10.817153 ,-4.369903 ,5.428903  ,5.490799  ,0.104344  ,0.028003  
21.200000 ,10.713062 ,-4.338752 ,5.436505  ,5.508836  ,0.101881  ,0.006728  
21.200000 ,10.713062 ,-4.338752 ,5.436505  ,5.508836  ,0.101881  ,0.006602  
21.220000 ,10.608063 ,-4.310239 ,5.443845  ,5.508836  ,0.101667  ,-0.047493 
21.220000 ,10.608063 ,-4.310239 ,5.443845  ,5.508836  ,0.101667  ,0.030730  
21.240000 ,10.502294 ,-4.284353 ,5.445470  ,5.534110  ,0.098990  ,0.020918  
21.240000 ,10.502294 ,-4.284353 ,5.445470  ,5.534110  ,0.098990  ,0.119147  
21.260000 ,10.395806 ,-4.261044 ,5.455641  ,5.567320  ,0.094438  ,0.066960  
21.260000 ,10.395806 ,-4.261044 ,5.455641  ,5.567320  ,0.094438  ,0.017983  
21.280000 ,10.288528 ,-4.240231 ,5.472226  ,5.567320  ,0.094944  ,0.069174  
21.280000 ,10.288528 ,-4.240231 ,5.472226  ,5.567320  ,0.094944  ,0.022491  
21.300000 ,10.180484 ,-4.221845 ,5.487476  ,5.608937  ,0.090288  ,-0.009610 
21.300000 ,10.180484 ,-4.221845 ,5.487476  ,5.608937  ,0.090288  ,-0.063117 
21.320000 ,10.071808 ,-4.205813 ,5.497860  ,5.608937  ,0.089807  ,-0.122987 
21.320000 ,10.071808 ,-4.205813 ,5.497860  ,5.608937  ,0.089807  ,0.029585  
21.340000 ,9.962784  ,-4.191862 ,5.493760  ,5.659203  ,0.085343  ,0.015791  
21.340000 ,9.962784  ,-4.191862 ,5.493760  ,5.659203  ,0.085343  ,-0.080762 
21.360000 ,9.853391  ,-4.179910 ,5.510586  ,5.659203  ,0.084396  ,0.026979  
21.360000 ,9.853391  ,-4.179910 ,5.510586  ,5.659203  ,0.084396  ,0.008396  
21.380000 ,9.743475  ,-4.169858 ,5.526888  ,5.718123  ,0.080329  ,0.010250  
21.380000 ,9.743475  ,-4.169858 ,5.526888  ,5.718123  ,0.080329  ,0.026184  
21.400000 ,9.633056  ,-4.161614 ,5.545594  ,5.718123  ,0.078957  ,-0.048749 
21.400000 ,9.633056  ,-4.161614 ,5.545594  ,5.718123  ,0.078957  ,-0.043395 
21.420000 ,9.522221  ,-4.155088 ,5.557085  ,5.785473  ,0.075316  ,0.053955  
21.420000 ,9.522221  ,-4.155088 ,5.557085  ,5.785473  ,0.075316  ,0.097574  
21.440000 ,9.410923  ,-4.150194 ,5.583298  ,5.785473  ,0.073599  ,-0.071110 
21.440000 ,9.410923  ,-4.150194 ,5.583298  ,5.785473  ,0.073599  ,-0.017083 
21.460000 ,9.299184  ,-4.146857 ,5.595466  ,5.860882  ,0.070361  ,-0.051164 
21.460000 ,9.299184  ,-4.146857 ,5.595466  ,5.860882  ,0.070361  ,0.055400  
21.480000 ,9.187090  ,-4.145018 ,5.615357  ,5.943952  ,0.066422  ,0.000663  
21.480000 ,9.187090  ,-4.145018 ,5.615357  ,5.943952  ,0.066422  ,0.004126  
21.500000 ,9.074475  ,-4.144626 ,5.645925  ,5.943952  ,0.065322  ,0.068410  
21.500000 ,9.074475  ,-4.144626 ,5.645925  ,5.943952  ,0.065322  ,-0.024578 
21.520000 ,8.961217  ,-4.145639 ,5.679944  ,6.034290  ,0.061648  ,-0.021102 
21.520000 ,8.961217  ,-4.145639 ,5.679944  ,6.034290  ,0.061648  ,0.001924  
21.540000 ,8.847327  ,-4.147875 ,5.710882  ,6.034290  ,0.060021  ,-0.030870 
21.540000 ,8.847327  ,-4.147875 ,5.710882  ,6.034290  ,0.060021  ,0.018862  
21.560000 ,8.732882  ,-4.151152 ,5.738041  ,6.131509  ,0.056805  ,-0.025005 
21.560000 ,8.732882  ,-4.151152 ,5.738041  ,6.131509  ,0.056805  ,-0.010649 
21.580000 ,8.617854  ,-4.155412 ,5.772249  ,6.131509  ,0.054974  ,-0.025005 
21.580000 ,8.617854  ,-4.155412 ,5.772249  ,6.131509  ,0.054974  ,0.031705  
21.600000 ,8.502211  ,-4.160578 ,5.803281  ,6.235217  ,0.052186  ,0.009218  
21.600000 ,8.502211  ,-4.160578 ,5.803281  ,6.235217  ,0.052186  ,0.034200  
21.620000 ,8.385885  ,-4.166574 ,5.844237  ,6.345001  ,0.049220  ,-0.044430 
21.620000 ,8.385885  ,-4.166574 ,5.844237  ,6.345001  ,0.049220  ,-0.011486 
21.640000 ,8.268766  ,-4.173329 ,5.886603  ,6.345001  ,0.047734  ,0.048404  
21.640000 ,8.268766  ,-4.173329 ,5.886603  ,6.345001  ,0.047734  ,-0.001253 
21.660000 ,8.150793  ,-4.180780 ,5.933654  ,6.460425  ,0.045126  ,0.058820  
21.660000 ,8.150793  ,-4.180780 ,5.933654  ,6.460425  ,0.045126  ,0.032625  
21.680000 ,8.031845  ,-4.188874 ,5.988020  ,6.460425  ,0.043417  ,0.021276  
21.680000 ,8.031845  ,-4.188874 ,5.988020  ,6.460425  ,0.043417  ,0.084473  
21.700000 ,7.911935  ,-4.197563 ,6.033853  ,6.581022  ,0.041064  ,-0.070580 
21.700000 ,7.911935  ,-4.197563 ,6.033853  ,6.581022  ,0.041064  ,-0.031864 
21.720000 ,7.791163  ,-4.206804 ,6.078099  ,6.706284  ,0.038622  ,0.057428  
21.720000 ,7.791163  ,-4.206804 ,6.078099  ,6.706284  ,0.038622  ,-0.040794 
21.740000 ,7.669349  ,-4.216582 ,6.141750  ,6.706284  ,0.036931  ,0.046244  
21.740000 ,7.669349  ,-4.216582 ,6.141750  ,6.706284  ,0.036931  ,0.016106  
21.760000 ,7.546371  ,-4.226887 ,6.198454  ,6.835660  ,0.034562  ,-0.008218 
21.760000 ,7.546371  ,-4.226887 ,6.198454  ,6.835660  ,0.034562  ,-0.037910 
21.780000 ,7.422281  ,-4.237701 ,6.256849  ,6.835660  ,0.032579  ,0.002395  
21.780000 ,7.422281  ,-4.237701 ,6.256849  ,6.835660  ,0.032579  ,-0.052238 
21.800000 ,7.297108  ,-4.249014 ,6.310807  ,6.968560  ,0.030184  ,-0.108881 
21.800000 ,7.297108  ,-4.249014 ,6.310807  ,6.968560  ,0.030184  ,-0.088253 
21.820000 ,7.170927  ,-4.260817 ,6.361764  ,7.104351  ,0.027616  ,-0.092668 
21.820000 ,7.170927  ,-4.260817 ,6.361764  ,7.104351  ,0.027616  ,0.005584  
21.840000 ,7.043674  ,-4.273115 ,6.422102  ,7.104351  ,0.025408  ,0.074170  
21.840000 ,7.043674  ,-4.273115 ,6.422102  ,7.104351  ,0.025408  ,0.014771  
21.860000 ,6.915159  ,-4.285929 ,6.492327  ,7.242346  ,0.022731  ,0.014571  
21.860000 ,6.915159  ,-4.285929 ,6.492327  ,7.242346  ,0.022731  ,-0.034887 
21.880000 ,6.785277  ,-4.299271 ,6.563311  ,7.381808  ,0.019859  ,0.056863  
21.880000 ,6.785277  ,-4.299271 ,6.563311  ,7.381808  ,0.019859  ,0.061871  
21.900000 ,6.653918  ,-4.313135 ,6.644578  ,7.381808  ,0.017439  ,-0.035814 
21.900000 ,6.653918  ,-4.313135 ,6.644578  ,7.381808  ,0.017439  ,0.147794  
21.920000 ,6.521119  ,-4.327288 ,6.709697  ,7.521959  ,0.014781  ,-0.094711 
21.920000 ,6.521119  ,-4.327288 ,6.709697  ,7.521959  ,0.014781  ,0.056944  
21.940000 ,6.387019  ,-4.341663 ,6.776314  ,7.662010  ,0.012317  ,0.075812  
21.940000 ,6.387019  ,-4.341663 ,6.776314  ,7.662010  ,0.012317  ,0.116358  
21.960000 ,6.251369  ,-4.356228 ,6.865579  ,7.662010  ,0.010627  ,-0.038387 
21.960000 ,6.251369  ,-4.356228 ,6.865579  ,7.662010  ,0.010627  ,0.030114  
21.980000 ,6.114129  ,-4.370913 ,6.935955  ,7.801200  ,0.008939  ,-0.016839 
21.980000 ,6.114129  ,-4.370913 ,6.935955  ,7.801200  ,0.008939  ,0.035228  
22.000000 ,5.975391  ,-4.385631 ,7.014721  ,7.938852  ,0.007648  ,0.086949  
22.000000 ,5.975391  ,-4.385631 ,7.014721  ,7.938852  ,0.007648  ,-0.022508 
22.020000 ,5.834916  ,-4.400357 ,7.108588  ,7.938852  ,0.007124  ,-0.093197 
22.020000 ,5.834916  ,-4.400357 ,7.108588  ,7.938852  ,0.007124  ,-0.031437 
22.040000 ,5.692829  ,-4.415240 ,7.177017  ,8.000000  ,0.006642  ,0.014204  
22.040000 ,5.692829  ,-4.415240 ,7.177017  ,8.000000  ,0.006642  ,-0.027664 
22.060000 ,5.549287  ,-4.430272 ,7.254740  ,8.000000  ,0.006393  ,0.075037  
22.060000 ,5.549287  ,-4.430272 ,7.254740  ,8.000000  ,0.006393  ,0.037675  
22.080000 ,5.404217  ,-4.445484 ,7.330896  ,8.000000  ,0.006340  ,-0.030884 
22.080000 ,5.404217  ,-4.445484 ,7.330896  ,8.000000  ,0.006340  ,-0.052544 
22.100000 ,5.257809  ,-4.460908 ,7.390148  ,8.000000  ,0.006808  ,-0.023870 
22.100000 ,5.257809  ,-4.460908 ,7.390148  ,8.000000  ,0.006808  ,0.017264  
22.120000 ,5.110286  ,-4.476583 ,7.444550  ,8.000000  ,0.000000  ,0.034605  
22.120000 ,5.110286  ,-4.476583 ,7.444550  ,8.000000  ,0.000000  ,0.045912  
22.140000 ,4.961698  ,-4.492570 ,7.499330  ,8.000000  ,0.007535  ,-0.053644 
22.140000 ,4.961698  ,-4.492570 ,7.499330  ,8.000000  ,0.007535  ,0.079634  
22.160000 ,4.812183  ,-4.508919 ,7.540831  ,8.000000  ,0.007931  ,-0.085058 
22.160000 ,4.812183  ,-4.508919 ,7.540831  ,8.000000  ,0.007931  ,-0.002373 
22.180000 ,4.661945  ,-4.525667 ,7.575563  ,8.000000  ,0.008944  ,-0.015778 
22.180000 ,4.661945  ,-4.525667 ,7.575563  ,8.000000  ,0.008944  ,0.016526  
22.200000 ,4.511027  ,-4.542864 ,7.613503  ,8.000000  ,0.009605  ,-0.004030 
22.200000 ,4.511027  ,-4.542864 ,7.613503  ,8.000000  ,0.009605  ,0.003241  
22.220000 ,4.359426  ,-4.560557 ,7.649011  ,8.000000  ,0.010279  ,0.097097  
22.220000 ,4.359426  ,-4.560557 ,7.649011  ,8.000000  ,0.010279  ,-0.022202 
22.240000 ,4.207113  ,-4.578791 ,7.690610  ,8.000000  ,0.010979  ,0.004218  
22.240000 ,4.207113  ,-4.578791 ,7.690610  ,8.000000  ,0.010979  ,-0.016680 
22.260000 ,4.054157  ,-4.597589 ,7.719725  ,8.000000  ,0.012670  ,0.017298  
22.260000 ,4.054157  ,-4.597589 ,7.719725  ,8.000000  ,0.012670  ,0.037651  
22.280000 ,3.900701  ,-4.616964 ,7.747352  ,8.000000  ,0.013978  ,-0.003060 
22.280000 ,3.900701  ,-4.616964 ,7.747352  ,8.000000  ,0.013978  ,0.008685  
22.300000 ,3.746809  ,-4.636931 ,7.770523  ,8.000000  ,0.015491  ,-0.055691 
22.300000 ,3.746809  ,-4.636931 ,7.770523  ,8.000000  ,0.015491  ,-0.090517 
22.320000 ,3.592601  ,-4.657496 ,7.786657  ,8.000000  ,0.017268  ,0.001523  
22.320000 ,3.592601  ,-4.657496 ,7.786657  ,8.000000  ,0.017268  ,0.020189  
22.340000 ,3.438111  ,-4.678674 ,7.806605  ,8.000000  ,0.020108  ,0.016875  
22.340000 ,3.438111  ,-4.678674 ,7.806605  ,8.000000  ,0.020108  ,-0.030869 
22.360000 ,3.283310  ,-4.700487 ,7.826127  ,8.000000  ,0.022627  ,0.082818  
22.360000 ,3.283310  ,-4.700487 ,7.826127  ,8.000000  ,0.022627  ,0.026375  
22.380000 ,3.128165  ,-4.722956 ,7.849958  ,8.000000  ,0.025268  ,-0.032750 
22.380000 ,3.128165  ,-4.722956 ,7.849958  ,8.000000  ,0.025268  ,0.017769  
22.400000 ,2.972767  ,-4.746080 ,7.860847  ,8.000000  ,0.027904  ,0.003873  
22.400000 ,2.972767  ,-4.746080 ,7.860847  ,8.000000  ,0.027904  ,-0.024020 
22.420000 ,2.817222  ,-4.769856 ,7.874125  ,8.000000  ,0.030513  ,0.056272  
22.420000 ,2.817222  ,-4.769856 ,7.874125  ,8.000000  ,0.030513  ,0.008953  
22.440000 ,2.661476  ,-4.794306 ,7.891036  ,8.000000  ,0.033437  ,-0.068340 
22.440000 ,2.661476  ,-4.794306 ,7.891036  ,8.000000  ,0.033437  ,0.029242  
22.460000 ,2.505629  ,-4.819423 ,7.894807  ,8.000000  ,0.035784  ,-0.074716 
22.460000 ,2.505629  ,-4.819423 ,7.894807  ,8.000000  ,0.035784  ,0.077548  
22.480000 ,2.349821  ,-4.845197 ,7.897637  ,8.000000  ,0.037768  ,0.020244  
22.480000 ,2.349821  ,-4.845197 ,7.897637  ,8.000000  ,0.037768  ,0.093576  
22.500000 ,2.193983  ,-4.871653 ,7.909019  ,8.000000  ,0.039231  ,-0.060914 
22.500000 ,2.193983  ,-4.871653 ,7.909019  ,8.000000  ,0.039231  ,0.148758  
22.520000 ,2.038121  ,-4.898800 ,7.911811  ,8.000000  ,0.039970  ,-0.045911 
22.520000 ,2.038121  ,-4.898800 ,7.911811  ,8.000000  ,0.039970  ,0.040755  
22.540000 ,1.882308  ,-4.926612 ,7.915736  ,8.000000  ,0.038643  ,0.051679  
22.540000 ,1.882308  ,-4.926612 ,7.915736  ,8.000000  ,0.038643  ,-0.064959 
22.560000 ,1.726404  ,-4.954858 ,7.928357  ,8.000000  ,0.036741  ,0.064009  
22.560000 ,1.726404  ,-4.954858 ,7.928357  ,8.000000  ,0.036741  ,0.024349  
22.580000 ,1.570316  ,-4.983506 ,7.940950  ,8.000000  ,0.033564  ,0.115058  
22.580000 ,1.570316  ,-4.983506 ,7.940950  ,8.000000  ,0.033564  ,-0.049862 
22.600000 ,1.413998  ,-5.012489 ,7.957114  ,8.000000  ,0.028967  ,0.060029  
22.600000 ,1.413998  ,-5.012489 ,7.957114  ,8.000000  ,0.028967  ,-0.047041 
22.620000 ,1.257433  ,-5.041550 ,7.966669  ,8.000000  ,0.021420  ,0.087606  
22.620000 ,1.257433  ,-5.041550 ,7.966669  ,8.000000  ,0.021420  ,-0.024791 
22.640000 ,1.100618  ,-5.070403 ,7.977897  ,8.000000  ,0.013238  ,0.044658  
22.640000 ,1.100618  ,-5.070403 ,7.977897  ,8.000000  ,0.013238  ,0.021158  
22.660000 ,0.943552  ,-5.098843 ,7.984095  ,8.000000  ,0.003630  ,-0.008457 
22.660000 ,0.943552  ,-5.098843 ,7.984095  ,8.000000  ,0.003630  ,-0.046665 
22.680000 ,0.786256  ,-5.126386 ,7.984786  ,8.000000  ,0.007096  ,0.042026  
22.680000 ,0.786256  ,-5.126386 ,7.984786  ,8.000000  ,0.007096  ,-0.149654 
22.700000 ,0.628699  ,-5.152755 ,7.990100  ,8.000000  ,0.018819  ,0.006096  
22.700000 ,0.628699  ,-5.152755 ,7.990100  ,8.000000  ,0.018819  ,0.019630  
22.720000 ,0.470835  ,-5.177661 ,7.991585  ,8.000000  ,0.034024  ,0.015649  
22.720000 ,0.470835  ,-5.177661 ,7.991585  ,8.000000  ,0.034024  ,-0.023536 
22.740000 ,0.312664  ,-5.200790 ,7.993819  ,8.000000  ,0.048705  ,-0.129194 
22.740000 ,0.312664  ,-5.200790 ,7.993819  ,8.000000  ,0.048705  ,0.015783  
22.760000 ,0.154599  ,-5.221599 ,7.951475  ,7.940737  ,0.063943  ,0.009355  
22.760000 ,0.154599  ,-5.221599 ,7.951475  ,7.940737  ,0.063943  ,0.021610  
22.780000 ,-0.003401 ,-5.239607 ,7.950999  ,7.864822  ,0.079431  ,-0.037127 
22.780000 ,-0.003401 ,-5.239607 ,7.950999  ,7.864822  ,0.079431  ,0.024951  
22.800000 ,-0.161258 ,-5.254631 ,7.908555  ,7.779391  ,0.095286  ,-0.010484 
22.800000 ,-0.161258 ,-5.254631 ,7.908555  ,7.779391  ,0.095286  ,0.022091  
22.820000 ,-0.318479 ,-5.266419 ,7.860485  ,7.779391  ,0.113988  ,0.010890  
22.820000 ,-0.318479 ,-5.266419 ,7.860485  ,7.779391  ,0.113988  ,-0.033872 
22.840000 ,-0.475216 ,-5.274626 ,7.836319  ,7.681535  ,0.129761  ,-0.030705 
22.840000 ,-0.475216 ,-5.274626 ,7.836319  ,7.681535  ,0.129761  ,0.017659  
22.860000 ,-0.631206 ,-5.278947 ,7.772469  ,7.568280  ,0.144051  ,-0.063536 
22.860000 ,-0.631206 ,-5.278947 ,7.772469  ,7.568280  ,0.144051  ,-0.032394 
22.880000 ,-0.785681 ,-5.279147 ,7.680312  ,7.436639  ,0.156260  ,0.053370  
22.880000 ,-0.785681 ,-5.279147 ,7.680312  ,7.436639  ,0.156260  ,-0.011848 
22.900000 ,-0.938542 ,-5.275223 ,7.614805  ,7.436639  ,0.166990  ,-0.031507 
22.900000 ,-0.938542 ,-5.275223 ,7.614805  ,7.436639  ,0.166990  ,0.047804  
22.920000 ,-1.089855 ,-5.267079 ,7.542631  ,7.283722  ,0.173670  ,-0.063512 
22.920000 ,-1.089855 ,-5.267079 ,7.542631  ,7.283722  ,0.173670  ,0.024535  
22.940000 ,-1.239027 ,-5.254762 ,7.431646  ,7.106908  ,0.176845  ,0.033446  
22.940000 ,-1.239027 ,-5.254762 ,7.431646  ,7.106908  ,0.176845  ,-0.035219 
22.960000 ,-1.385667 ,-5.238206 ,7.331376  ,6.942222  ,0.176165  ,-0.075828 
22.960000 ,-1.385667 ,-5.238206 ,7.331376  ,6.942222  ,0.176165  ,-0.000072 
22.980000 ,-1.529187 ,-5.217976 ,7.171318  ,6.942222  ,0.171169  ,-0.011763 
22.980000 ,-1.529187 ,-5.217976 ,7.171318  ,6.942222  ,0.171169  ,0.007153  
23.000000 ,-1.669722 ,-5.194098 ,7.088408  ,6.793753  ,0.162097  ,0.025274  
23.000000 ,-1.669722 ,-5.194098 ,7.088408  ,6.793753  ,0.162097  ,-0.064794 
23.020000 ,-1.807846 ,-5.166838 ,6.995681  ,6.661485  ,0.149065  ,-0.020850 
23.020000 ,-1.807846 ,-5.166838 ,6.995681  ,6.661485  ,0.149065  ,-0.077272 
23.040000 ,-1.943167 ,-5.136754 ,6.873466  ,6.545169  ,0.132551  ,-0.030605 
23.040000 ,-1.943167 ,-5.136754 ,6.873466  ,6.545169  ,0.132551  ,0.049229  
23.060000 ,-2.075536 ,-5.104816 ,6.749923  ,6.545169  ,0.110313  ,0.017284  
23.060000 ,-2.075536 ,-5.104816 ,6.749923  ,6.545169  ,0.110313  ,-0.009298 
23.080000 ,-2.205707 ,-5.071697 ,6.685392  ,6.444347  ,0.087323  ,-0.029214 
23.080000 ,-2.205707 ,-5.071697 ,6.685392  ,6.444347  ,0.087323  ,0.081349  
23.100000 ,-2.334124 ,-5.038138 ,6.592362  ,6.358334  ,0.062954  ,-0.036675 
23.100000 ,-2.334124 ,-5.038138 ,6.592362  ,6.358334  ,0.062954  ,0.005066  
23.120000 ,-2.460800 ,-5.005290 ,6.499180  ,6.358334  ,0.033686  ,0.039538  
23.120000 ,-2.460800 ,-5.005290 ,6.499180  ,6.358334  ,0.033686  ,0.047070  
23.140000 ,-2.586627 ,-4.974183 ,6.464307  ,6.286226  ,0.007356  ,0.030999  
23.140000 ,-2.586627 ,-4.974183 ,6.464307  ,6.286226  ,0.007356  ,0.027469  
23.160000 ,-2.712157 ,-4.945567 ,6.413678  ,6.286226  ,0.021343  ,-0.035434 
23.160000 ,-2.712157 ,-4.945567 ,6.413678  ,6.286226  ,0.021343  ,-0.003355 
23.180000 ,-2.837420 ,-4.920854 ,6.357608  ,6.226889  ,0.046399  ,-0.032661 
23.180000 ,-2.837420 ,-4.920854 ,6.357608  ,6.226889  ,0.046399  ,-0.091120 
23.200000 ,-2.962361 ,-4.900722 ,6.301369  ,6.179071  ,0.068114  ,-0.061531 
23.200000 ,-2.962361 ,-4.900722 ,6.301369  ,6.179071  ,0.068114  ,-0.061256 
23.220000 ,-3.086848 ,-4.886030 ,6.238090  ,6.179071  ,0.091659  ,-0.056506 
23.220000 ,-3.086848 ,-4.886030 ,6.238090  ,6.179071  ,0.091659  ,0.032800  
23.240000 ,-3.210894 ,-4.877653 ,6.198324  ,6.141492  ,0.107726  ,-0.031894 
23.240000 ,-3.210894 ,-4.877653 ,6.198324  ,6.141492  ,0.107726  ,-0.046315 
23.260000 ,-3.334511 ,-4.875891 ,6.167782  ,6.141492  ,0.123509  ,0.033213  
23.260000 ,-3.334511 ,-4.875891 ,6.167782  ,6.141492  ,0.123509  ,0.093657  
23.280000 ,-3.457747 ,-4.881099 ,6.168425  ,6.112923  ,0.132949  ,-0.043630 
23.280000 ,-3.457747 ,-4.881099 ,6.168425  ,6.112923  ,0.132949  ,0.094621  
23.300000 ,-3.580164 ,-4.893006 ,6.134301  ,6.092185  ,0.137241  ,0.018573  
23.300000 ,-3.580164 ,-4.893006 ,6.134301  ,6.092185  ,0.137241  ,-0.095490 
23.320000 ,-3.701401 ,-4.911151 ,6.126197  ,6.092185  ,0.144955  ,-0.002353 
23.320000 ,-3.701401 ,-4.911151 ,6.126197  ,6.092185  ,0.144955  ,-0.071481 
23.340000 ,-3.821402 ,-4.935171 ,6.113680  ,6.078111  ,0.145045  ,-0.003248 
23.340000 ,-3.821402 ,-4.935171 ,6.113680  ,6.078111  ,0.145045  ,0.063585  
23.360000 ,-3.939957 ,-4.964477 ,6.100318  ,6.078111  ,0.147326  ,0.007631  
23.360000 ,-3.939957 ,-4.964477 ,6.100318  ,6.078111  ,0.147326  ,0.016259  
23.380000 ,-4.057041 ,-4.998567 ,6.095300  ,6.069522  ,0.144806  ,-0.024604 
23.380000 ,-4.057041 ,-4.998567 ,6.095300  ,6.069522  ,0.144806  ,-0.051704 
23.400000 ,-4.172584 ,-5.036842 ,6.077958  ,6.065179  ,0.139836  ,-0.086425 
23.400000 ,-4.172584 ,-5.036842 ,6.077958  ,6.065179  ,0.139836  ,0.090992  
23.420000 ,-4.286347 ,-5.078632 ,6.043809  ,6.065179  ,0.139415  ,-0.060528 
23.420000 ,-4.286347 ,-5.078632 ,6.043809  ,6.065179  ,0.139415  ,-0.020755 
23.440000 ,-4.398447 ,-5.123459 ,6.030330  ,6.063738  ,0.133862  ,0.012905  
23.440000 ,-4.398447 ,-5.123459 ,6.030330  ,6.063738  ,0.133862  ,-0.033398 
23.460000 ,-4.509257 ,-5.171176 ,6.034630  ,6.063738  ,0.131578  ,0.039050  
23.460000 ,-4.509257 ,-5.171176 ,6.034630  ,6.063738  ,0.131578  ,0.045541  
23.480000 ,-4.618978 ,-5.221601 ,6.040957  ,6.063738  ,0.126104  ,-0.031602 
23.480000 ,-4.618978 ,-5.221601 ,6.040957  ,6.063738  ,0.126104  ,-0.001871 
23.500000 ,-4.727624 ,-5.274376 ,6.037921  ,6.063738  ,0.119522  ,0.116822  
23.500000 ,-4.727624 ,-5.274376 ,6.037921  ,6.063738  ,0.119522  ,-0.004201 
23.520000 ,-4.835325 ,-5.329285 ,6.051164  ,6.063738  ,0.118278  ,-0.043385 
23.520000 ,-4.835325 ,-5.329285 ,6.051164  ,6.063738  ,0.118278  ,0.073118  
23.540000 ,-4.942047 ,-5.386114 ,6.040558  ,6.063841  ,0.112989  ,-0.016989 
23.540000 ,-4.942047 ,-5.386114 ,6.040558  ,6.063841  ,0.112989  ,0.003383  
23.560000 ,-5.047599 ,-5.444895 ,6.041142  ,6.063841  ,0.111596  ,-0.075261 
23.560000 ,-5.047599 ,-5.444895 ,6.041142  ,6.063841  ,0.111596  ,0.004969  
23.580000 ,-5.151895 ,-5.505511 ,6.023049  ,6.065423  ,0.107437  ,-0.018702 
23.580000 ,-5.151895 ,-5.505511 ,6.023049  ,6.065423  ,0.107437  ,0.071635  
23.600000 ,-5.254935 ,-5.567949 ,6.025247  ,6.069523  ,0.102419  ,0.051446  
23.600000 ,-5.254935 ,-5.567949 ,6.025247  ,6.069523  ,0.102419  ,-0.040087 
23.620000 ,-5.356893 ,-5.632347 ,6.034134  ,6.069523  ,0.102735  ,-0.056910 
23.620000 ,-5.356893 ,-5.632347 ,6.034134  ,6.069523  ,0.102735  ,-0.025633 
23.640000 ,-5.457625 ,-5.698666 ,6.026726  ,6.076888  ,0.098705  ,0.008860  
23.640000 ,-5.457625 ,-5.698666 ,6.026726  ,6.076888  ,0.098705  ,0.064973  
23.660000 ,-5.557042 ,-5.766914 ,6.032205  ,6.076888  ,0.098493  ,-0.001356 
23.660000 ,-5.557042 ,-5.766914 ,6.032205  ,6.076888  ,0.098493  ,0.053026  
23.680000 ,-5.655168 ,-5.837168 ,6.036228  ,6.088027  ,0.095134  ,-0.007647 
23.680000 ,-5.655168 ,-5.837168 ,6.036228  ,6.088027  ,0.095134  ,0.012497  
23.700000 ,-5.751924 ,-5.909433 ,6.040327  ,6.088027  ,0.094118  ,0.049381  
23.700000 ,-5.751924 ,-5.909433 ,6.040327  ,6.088027  ,0.094118  ,0.043287  
23.720000 ,-5.847303 ,-5.983721 ,6.049339  ,6.103260  ,0.091170  ,0.014147  
23.720000 ,-5.847303 ,-5.983721 ,6.049339  ,6.103260  ,0.091170  ,-0.053170 
23.740000 ,-5.941423 ,-6.059841 ,6.055659  ,6.122759  ,0.087314  ,0.036656  
23.740000 ,-5.941423 ,-6.059841 ,6.055659  ,6.122759  ,0.087314  ,-0.001782 
23.760000 ,-6.034272 ,-6.137755 ,6.065291  ,6.122759  ,0.087310  ,-0.077271 
23.760000 ,-6.034272 ,-6.137755 ,6.065291  ,6.122759  ,0.087310  ,-0.023396 
23.780000 ,-6.125744 ,-6.217318 ,6.058475  ,6.146558  ,0.084319  ,0.017779  
23.780000 ,-6.125744 ,-6.217318 ,6.058475  ,6.146558  ,0.084319  ,-0.065465 
23.800000 ,-6.215856 ,-6.298470 ,6.068303  ,6.146558  ,0.083936  ,-0.053797 
23.800000 ,-6.215856 ,-6.298470 ,6.068303  ,6.146558  ,0.083936  ,0.079718  
23.820000 ,-6.304689 ,-6.381196 ,6.070573  ,6.174560  ,0.081958  ,-0.052358 
23.820000 ,-6.304689 ,-6.381196 ,6.070573  ,6.174560  ,0.081958  ,0.039627  
23.840000 ,-6.392228 ,-6.465393 ,6.075367  ,6.206552  ,0.079328  ,0.036439  
23.840000 ,-6.392228 ,-6.465393 ,6.075367  ,6.206552  ,0.079328  ,0.027464  
23.860000 ,-6.478583 ,-6.551096 ,6.090929  ,6.206552  ,0.080603  ,0.139002  
23.860000 ,-6.478583 ,-6.551096 ,6.090929  ,6.206552  ,0.080603  ,-0.003672 
23.880000 ,-6.563871 ,-6.638410 ,6.114568  ,6.242234  ,0.079206  ,-0.044057 
23.880000 ,-6.563871 ,-6.638410 ,6.114568  ,6.242234  ,0.079206  ,-0.060236 
23.900000 ,-6.647988 ,-6.727282 ,6.122330  ,6.242234  ,0.080342  ,-0.001682 
23.900000 ,-6.647988 ,-6.727282 ,6.122330  ,6.242234  ,0.080342  ,-0.001318 
23.920000 ,-6.730856 ,-6.817577 ,6.133306  ,6.281350  ,0.080082  ,0.019228  
23.920000 ,-6.730856 ,-6.817577 ,6.133306  ,6.281350  ,0.080082  ,-0.014992 
23.940000 ,-6.812507 ,-6.909328 ,6.148835  ,6.323757  ,0.079265  ,0.066267  
23.940000 ,-6.812507 ,-6.909328 ,6.148835  ,6.323757  ,0.079265  ,-0.078320 
23.960000 ,-6.892883 ,-7.002700 ,6.171227  ,6.323757  ,0.081700  ,0.062120  
23.960000 ,-6.892883 ,-7.002700 ,6.171227  ,6.323757  ,0.081700  ,0.092062  
23.980000 ,-6.971972 ,-7.097717 ,6.191155  ,6.303916  ,0.081595  ,0.049667  
23.980000 ,-6.971972 ,-7.097717 ,6.191155  ,6.303916  ,0.081595  ,-0.053592 
24.000000 ,-7.049666 ,-7.194325 ,6.206234  ,6.251147  ,0.080762  ,-0.031479 
24.000000 ,-7.049666 ,-7.194325 ,6.206234  ,6.251147  ,0.080762  ,0.063652  
24.020000 ,-7.125905 ,-7.292291 ,6.207482  ,6.251147  ,0.083728  ,-0.110882 
24.020000 ,-7.125905 ,-7.292291 ,6.207482  ,6.251147  ,0.083728  ,0.069503  
24.040000 ,-7.200372 ,-7.391321 ,6.184344  ,6.188515  ,0.083376  ,0.025443  
24.040000 ,-7.200372 ,-7.391321 ,6.184344  ,6.188515  ,0.083376  ,0.053744  
24.060000 ,-7.272908 ,-7.491538 ,6.187094  ,6.188515  ,0.085114  ,-0.052541 
24.060000 ,-7.272908 ,-7.491538 ,6.187094  ,6.188515  ,0.085114  ,0.091090  
24.080000 ,-7.343597 ,-7.592874 ,6.169497  ,6.113117  ,0.084572  ,0.011940  
24.080000 ,-7.343597 ,-7.592874 ,6.169497  ,6.113117  ,0.084572  ,0.055712  
24.100000 ,-7.412393 ,-7.695110 ,6.154200  ,6.020121  ,0.083135  ,-0.124099 
24.100000 ,-7.412393 ,-7.695110 ,6.154200  ,6.020121  ,0.083135  ,0.095125  
24.120000 ,-7.478844 ,-7.797600 ,6.065329  ,6.020121  ,0.084188  ,0.006736  
24.120000 ,-7.478844 ,-7.797600 ,6.065329  ,6.020121  ,0.084188  ,0.023216  
24.140000 ,-7.542945 ,-7.900421 ,6.052086  ,5.904205  ,0.082200  ,-0.002735 
24.140000 ,-7.542945 ,-7.900421 ,6.052086  ,5.904205  ,0.082200  ,0.115368  
24.160000 ,-7.604816 ,-8.003818 ,6.000240  ,5.904205  ,0.081404  ,0.012831  
24.160000 ,-7.604816 ,-8.003818 ,6.000240  ,5.904205  ,0.081404  ,0.056924  
24.180000 ,-7.664387 ,-8.107644 ,5.971599  ,5.760191  ,0.078348  ,0.008656  
24.180000 ,-7.664387 ,-8.107644 ,5.971599  ,5.760191  ,0.078348  ,0.000352  
24.200000 ,-7.721789 ,-8.211536 ,5.901807  ,5.583148  ,0.074223  ,-0.024441 
24.200000 ,-7.721789 ,-8.211536 ,5.901807  ,5.583148  ,0.074223  ,0.003402  
24.220000 ,-7.776651 ,-8.314641 ,5.783704  ,5.583148  ,0.071930  ,-0.040539 
24.220000 ,-7.776651 ,-8.314641 ,5.783704  ,5.583148  ,0.071930  ,-0.007178 
24.240000 ,-7.829025 ,-8.416797 ,5.700713  ,5.368374  ,0.067000  ,-0.032379 
24.240000 ,-7.829025 ,-8.416797 ,5.700713  ,5.368374  ,0.067000  ,-0.086067 
24.260000 ,-7.879052 ,-8.517776 ,5.575168  ,5.368374  ,0.063376  ,0.094093  
24.260000 ,-7.879052 ,-8.517776 ,5.575168  ,5.368374  ,0.063376  ,0.072299  
24.280000 ,-7.927031 ,-8.617976 ,5.536374  ,5.137288  ,0.057805  ,-0.096690 
24.280000 ,-7.927031 ,-8.617976 ,5.536374  ,5.137288  ,0.057805  ,-0.036837 
24.300000 ,-7.972840 ,-8.716806 ,5.365716  ,5.137288  ,0.053132  ,0.012634  
24.300000 ,-7.972840 ,-8.716806 ,5.365716  ,5.137288  ,0.053132  ,-0.000538 
24.320000 ,-8.016500 ,-8.813980 ,5.291435  ,4.925342  ,0.047041  ,0.018347  
24.320000 ,-8.016500 ,-8.813980 ,5.291435  ,4.925342  ,0.047041  ,0.033794  
24.340000 ,-8.058291 ,-8.909835 ,5.171733  ,4.925342  ,0.041630  ,-0.005937 
24.340000 ,-8.058291 ,-8.909835 ,5.171733  ,4.925342  ,0.041630  ,0.007627  
24.360000 ,-8.098340 ,-9.004209 ,5.084875  ,4.732596  ,0.035154  ,0.017559  
24.360000 ,-8.098340 ,-9.004209 ,5.084875  ,4.732596  ,0.035154  ,0.037460  
24.380000 ,-8.137060 ,-9.096934 ,4.969657  ,4.732596  ,0.029706  ,0.006250  
24.380000 ,-8.137060 ,-9.096934 ,4.969657  ,4.732596  ,0.029706  ,-0.008215 
24.400000 ,-8.174639 ,-9.188045 ,4.890206  ,4.557999  ,0.023755  ,0.022586  
24.400000 ,-8.174639 ,-9.188045 ,4.890206  ,4.557999  ,0.023755  ,0.031796  
24.420000 ,-8.211261 ,-9.277523 ,4.783627  ,4.557999  ,0.019028  ,-0.020550 
24.420000 ,-8.211261 ,-9.277523 ,4.783627  ,4.557999  ,0.019028  ,0.016102  
24.440000 ,-8.247100 ,-9.365266 ,4.698887  ,4.399721  ,0.014048  ,0.053321  
24.440000 ,-8.247100 ,-9.365266 ,4.698887  ,4.399721  ,0.014048  ,0.003516  
24.460000 ,-8.282412 ,-9.451396 ,4.614261  ,4.399721  ,0.010666  ,-0.027439 
24.460000 ,-8.282412 ,-9.451396 ,4.614261  ,4.399721  ,0.010666  ,-0.084169 
24.480000 ,-8.317535 ,-9.535787 ,4.530966  ,4.255904  ,0.007457  ,-0.051857 
24.480000 ,-8.317535 ,-9.535787 ,4.530966  ,4.255904  ,0.007457  ,0.058214  
24.500000 ,-8.352639 ,-9.618044 ,4.418433  ,4.255904  ,0.006339  ,0.002647  
24.500000 ,-8.352639 ,-9.618044 ,4.418433  ,4.255904  ,0.006339  ,-0.029036 
24.520000 ,-8.387984 ,-9.698403 ,4.363398  ,4.125017  ,0.006757  ,-0.100175 
24.520000 ,-8.387984 ,-9.698403 ,4.363398  ,4.125017  ,0.006757  ,-0.024494 
24.540000 ,-8.423683 ,-9.776688 ,4.246859  ,4.125017  ,0.007025  ,-0.033295 
24.540000 ,-8.423683 ,-9.776688 ,4.246859  ,4.125017  ,0.007025  ,0.061120  
24.560000 ,-8.460150 ,-9.852774 ,4.193457  ,4.006223  ,0.014626  ,-0.014295 
24.560000 ,-8.460150 ,-9.852774 ,4.193457  ,4.006223  ,0.014626  ,-0.026168 
24.580000 ,-8.497842 ,-9.926875 ,4.124086  ,4.006223  ,0.013195  ,0.027666  
24.580000 ,-8.497842 ,-9.926875 ,4.124086  ,4.006223  ,0.013195  ,0.019964  
24.600000 ,-8.537287 ,-9.998937 ,4.093038  ,4.006223  ,0.014265  ,0.094966  
24.600000 ,-8.537287 ,-9.998937 ,4.093038  ,4.006223  ,0.014265  ,0.016163  
24.620000 ,-8.578678 ,-10.069568,4.093794  ,3.899058  ,0.022819  ,0.075491  
24.620000 ,-8.578678 ,-10.069568,4.093794  ,3.899058  ,0.022819  ,0.015553  
24.640000 ,-8.622194 ,-10.138407,4.052747  ,3.899058  ,0.019164  ,-0.102962 
24.640000 ,-8.622194 ,-10.138407,4.052747  ,3.899058  ,0.019164  ,0.095958  
24.660000 ,-8.667341 ,-10.204597,3.964402  ,3.803387  ,0.028813  ,-0.060980 
24.660000 ,-8.667341 ,-10.204597,3.964402  ,3.803387  ,0.028813  ,-0.001837 
24.680000 ,-8.713732 ,-10.267897,3.887986  ,3.803387  ,0.020133  ,0.055500  
24.680000 ,-8.713732 ,-10.267897,3.887986  ,3.803387  ,0.020133  ,0.066821  
24.700000 ,-8.762222 ,-10.328542,3.877970  ,3.803387  ,0.014796  ,0.000337  
24.700000 ,-8.762222 ,-10.328542,3.877970  ,3.803387  ,0.014796  ,-0.036655 
24.720000 ,-8.813174 ,-10.386651,3.852413  ,3.719370  ,0.018376  ,-0.071552 
24.720000 ,-8.813174 ,-10.386651,3.852413  ,3.719370  ,0.018376  ,0.016235  
24.740000 ,-8.866230 ,-10.441484,3.781986  ,3.719370  ,0.010534  ,-0.004202 
24.740000 ,-8.866230 ,-10.441484,3.781986  ,3.719370  ,0.010534  ,-0.007405 
24.760000 ,-8.921311 ,-10.492959,3.758986  ,3.647671  ,0.017336  ,0.098382  
24.760000 ,-8.921311 ,-10.492959,3.758986  ,3.647671  ,0.017336  ,0.028342  
24.780000 ,-8.978620 ,-10.541533,3.754534  ,3.647671  ,0.007952  ,-0.029674 
24.780000 ,-8.978620 ,-10.541533,3.754534  ,3.647671  ,0.007952  ,-0.050382 
24.800000 ,-9.037930 ,-10.586763,3.707535  ,3.647671  ,0.002462  ,-0.077227 
24.800000 ,-9.037930 ,-10.586763,3.707535  ,3.647671  ,0.002462  ,0.035537  
24.820000 ,-9.098501 ,-10.628658,3.660345  ,3.589482  ,0.007989  ,0.075277  
24.820000 ,-9.098501 ,-10.628658,3.660345  ,3.589482  ,0.007989  ,0.027338  
24.840000 ,-9.160633 ,-10.667366,3.660755  ,3.589482  ,0.000000  ,0.046266  
24.840000 ,-9.160633 ,-10.667366,3.660755  ,3.589482  ,0.000000  ,-0.003290 
24.860000 ,-9.224634 ,-10.702721,3.652147  ,3.589482  ,0.001969  ,0.002687  
24.860000 ,-9.224634 ,-10.702721,3.652147  ,3.589482  ,0.001969  ,-0.041500 
24.880000 ,-9.289906 ,-10.735005,3.631501  ,3.545167  ,0.003491  ,-0.049758 
24.880000 ,-9.289906 ,-10.735005,3.631501  ,3.545167  ,0.003491  ,-0.019686 
24.900000 ,-9.355773 ,-10.764410,3.584655  ,3.545167  ,0.001470  ,-0.001362 
24.900000 ,-9.355773 ,-10.764410,3.584655  ,3.545167  ,0.001470  ,0.019787  
24.920000 ,-9.422289 ,-10.790745,3.570594  ,3.545167  ,0.003325  ,0.071087  
24.920000 ,-9.422289 ,-10.790745,3.570594  ,3.545167  ,0.003325  ,-0.092860 
24.940000 ,-9.489828 ,-10.814052,3.574833  ,3.513988  ,0.001553  ,0.002279  
24.940000 ,-9.489828 ,-10.814052,3.574833  ,3.513988  ,0.001553  ,-0.090320 
24.960000 ,-9.558247 ,-10.834040,3.554673  ,3.513988  ,0.001640  ,0.034998  
24.960000 ,-9.558247 ,-10.834040,3.554673  ,3.513988  ,0.001640  ,0.010042  
24.980000 ,-9.627234 ,-10.851115,3.552716  ,3.494574  ,0.008326  ,-0.019624 
24.980000 ,-9.627234 ,-10.851115,3.552716  ,3.494574  ,0.008326  ,0.066686  
25.000000 ,-9.696576 ,-10.865240,3.525947  ,3.494574  ,0.002942  ,0.030717  
25.000000 ,-9.696576 ,-10.865240,3.525947  ,3.494574  ,0.002942  ,0.078862  
25.020000 ,-9.766249 ,-10.876077,3.525721  ,3.494574  ,0.000863  ,0.115465  
25.020000 ,-9.766249 ,-10.876077,3.525721  ,3.494574  ,0.000863  ,0.031488  
25.040000 ,-9.836382 ,-10.884090,3.533549  ,3.484729  ,0.010766  ,0.013485  
25.040000 ,-9.836382 ,-10.884090,3.533549  ,3.484729  ,0.010766  ,-0.009149 
25.060000 ,-9.906731 ,-10.889245,3.521386  ,3.484729  ,0.000000  ,0.000093  
25.060000 ,-9.906731 ,-10.889245,3.521386  ,3.484729  ,0.000000  ,-0.040510 
25.080000 ,-9.976994 ,-10.891191,3.508800  ,3.484729  ,0.004367  ,0.026471  
25.080000 ,-9.976994 ,-10.891191,3.508800  ,3.484729  ,0.004367  ,-0.007717 
25.100000 ,-10.047163,-10.890355,3.509022  ,3.481603  ,0.013564  ,0.111824  
25.100000 ,-10.047163,-10.890355,3.509022  ,3.481603  ,0.013564  ,-0.071001 
25.120000 ,-10.117322,-10.886709,3.516859  ,3.481603  ,0.008846  ,-0.010630 
25.120000 ,-10.117322,-10.886709,3.516859  ,3.481603  ,0.008846  ,0.016061  
25.140000 ,-10.187161,-10.879941,3.501064  ,3.481603  ,0.007267  ,-0.015192 
25.140000 ,-10.187161,-10.879941,3.501064  ,3.481603  ,0.007267  ,0.132558  
25.160000 ,-10.256412,-10.870498,3.489136  ,3.481603  ,0.014967  ,-0.029696 
25.160000 ,-10.256412,-10.870498,3.489136  ,3.481603  ,0.014967  ,0.010597  
25.180000 ,-10.324987,-10.858355,3.476321  ,3.481603  ,0.010134  ,-0.084185 
25.180000 ,-10.324987,-10.858355,3.476321  ,3.481603  ,0.010134  ,0.101433  
25.200000 ,-10.392548,-10.843223,3.449161  ,3.481603  ,0.008448  ,-0.092356 
25.200000 ,-10.392548,-10.843223,3.449161  ,3.481603  ,0.008448  ,-0.002549 
25.220000 ,-10.459004,-10.825560,3.428537  ,3.481603  ,0.014635  ,-0.061585 
25.220000 ,-10.459004,-10.825560,3.428537  ,3.481603  ,0.014635  ,0.009539  
25.240000 ,-10.524472,-10.805291,3.425605  ,3.481603  ,0.010166  ,-0.044197 
25.240000 ,-10.524472,-10.805291,3.425605  ,3.481603  ,0.010166  ,-0.019886 
25.260000 ,-10.588934,-10.782068,3.426700  ,3.481603  ,0.008816  ,-0.017244 
25.260000 ,-10.588934,-10.782068,3.426700  ,3.481603  ,0.008816  ,0.011329  
25.280000 ,-10.652481,-10.756317,3.430197  ,3.482851  ,0.014400  ,-0.000677 
25.280000 ,-10.652481,-10.756317,3.430197  ,3.482851  ,0.014400  ,-0.005915 
25.300000 ,-10.715040,-10.728055,3.435022  ,3.482851  ,0.010208  ,-0.005123 
25.300000 ,-10.715040,-10.728055,3.435022  ,3.482851  ,0.010208  ,-0.063303 
25.320000 ,-10.776377,-10.697033,3.438987  ,3.489428  ,0.020867  ,0.031430  
25.320000 ,-10.776377,-10.697033,3.438987  ,3.489428  ,0.020867  ,-0.026176 
25.340000 ,-10.836515,-10.663507,3.446588  ,3.489428  ,0.013950  ,-0.000726 
25.340000 ,-10.836515,-10.663507,3.446588  ,3.489428  ,0.013950  ,-0.113147 
25.360000 ,-10.895240,-10.627345,3.450498  ,3.489428  ,0.010005  ,0.027922  
25.360000 ,-10.895240,-10.627345,3.450498  ,3.489428  ,0.010005  ,-0.002011 
25.380000 ,-10.952438,-10.588631,3.456704  ,3.504665  ,0.019792  ,-0.008886 
25.380000 ,-10.952438,-10.588631,3.456704  ,3.504665  ,0.019792  ,-0.010013 
25.400000 ,-11.008121,-10.547604,3.460332  ,3.504665  ,0.013087  ,-0.079312 
25.400000 ,-11.008121,-10.547604,3.460332  ,3.504665  ,0.013087  ,-0.037827 
25.420000 ,-11.061892,-10.504245,3.448291  ,3.504665  ,0.009395  ,0.117357  
25.420000 ,-11.061892,-10.504245,3.448291  ,3.504665  ,0.009395  ,0.036579  
25.440000 ,-11.113752,-10.458543,3.464420  ,3.530940  ,0.018505  ,-0.078866 
25.440000 ,-11.113752,-10.458543,3.464420  ,3.530940  ,0.018505  ,0.075780  
25.460000 ,-11.163798,-10.410695,3.460170  ,3.530940  ,0.012121  ,-0.045182 
25.460000 ,-11.163798,-10.410695,3.460170  ,3.530940  ,0.012121  ,-0.029881 
25.480000 ,-11.211669,-10.360695,3.462546  ,3.530940  ,0.008789  ,0.105785  
25.480000 ,-11.211669,-10.360695,3.462546  ,3.530940  ,0.008789  ,0.000826  
25.500000 ,-11.257419,-10.308498,3.478717  ,3.568916  ,0.017314  ,-0.021528 
25.500000 ,-11.257419,-10.308498,3.478717  ,3.568916  ,0.017314  ,-0.021039 
25.520000 ,-11.301150,-10.254308,3.485092  ,3.568916  ,0.011104  ,-0.097450 
25.520000 ,-11.301150,-10.254308,3.485092  ,3.568916  ,0.011104  ,-0.065471 
25.540000 ,-11.342462,-10.198237,3.480402  ,3.568916  ,0.007951  ,0.040004  
25.540000 ,-11.342462,-10.198237,3.480402  ,3.568916  ,0.007951  ,-0.048249 
25.560000 ,-11.381316,-10.140342,3.492333  ,3.618154  ,0.015610  ,0.032016  
25.560000 ,-11.381316,-10.140342,3.492333  ,3.618154  ,0.015610  ,0.041203  
25.580000 ,-11.417917,-10.080686,3.506987  ,3.618154  ,0.009251  ,-0.081060 
25.580000 ,-11.417917,-10.080686,3.506987  ,3.618154  ,0.009251  ,0.034887  
25.600000 ,-11.451947,-10.019329,3.509782  ,3.618154  ,0.005950  ,0.033645  
25.600000 ,-11.451947,-10.019329,3.509782  ,3.618154  ,0.005950  ,-0.002777 
25.620000 ,-11.483337,-9.956399 ,3.522967  ,3.677619  ,0.012064  ,0.068472  
25.620000 ,-11.483337,-9.956399 ,3.522967  ,3.677619  ,0.012064  ,-0.043962 
25.640000 ,-11.512290,-9.891939 ,3.543681  ,3.677619  ,0.005312  ,0.010246  
25.640000 ,-11.512290,-9.891939 ,3.543681  ,3.677619  ,0.005312  ,-0.000857 
25.660000 ,-11.538558,-9.825972 ,3.557067  ,3.677619  ,0.001586  ,0.069863  
25.660000 ,-11.538558,-9.825972 ,3.557067  ,3.677619  ,0.001586  ,-0.032570 
25.680000 ,-11.562257,-9.758710 ,3.574745  ,3.746112  ,0.004908  ,-0.020508 
25.680000 ,-11.562257,-9.758710 ,3.574745  ,3.746112  ,0.004908  ,0.057500  
25.700000 ,-11.583144,-9.690191 ,3.588751  ,3.746112  ,0.001642  ,-0.079439 
25.700000 ,-11.583144,-9.690191 ,3.588751  ,3.746112  ,0.001642  ,0.067829  
25.720000 ,-11.601498,-9.620731 ,3.595985  ,3.822727  ,0.002992  ,-0.095825 
25.720000 ,-11.601498,-9.620731 ,3.595985  ,3.822727  ,0.002992  ,0.080358  
25.740000 ,-11.617401,-9.550469 ,3.608139  ,3.822727  ,0.005037  ,-0.146524 
25.740000 ,-11.617401,-9.550469 ,3.608139  ,3.822727  ,0.005037  ,-0.001643 
25.760000 ,-11.630843,-9.479508 ,3.614458  ,3.822727  ,0.010541  ,0.035730  
25.760000 ,-11.630843,-9.479508 ,3.614458  ,3.822727  ,0.010541  ,-0.044017 
25.780000 ,-11.642211,-9.407888 ,3.637111  ,3.906688  ,0.009540  ,0.057230  
25.780000 ,-11.642211,-9.407888 ,3.637111  ,3.906688  ,0.009540  ,0.093781  
25.800000 ,-11.651695,-9.335459 ,3.667451  ,3.906688  ,0.015199  ,0.030087  
25.800000 ,-11.651695,-9.335459 ,3.667451  ,3.906688  ,0.015199  ,0.105636  
25.820000 ,-11.659364,-9.262259 ,3.692455  ,3.906688  ,0.019004  ,-0.034682 
25.820000 ,-11.659364,-9.262259 ,3.692455  ,3.906688  ,0.019004  ,-0.049393 
25.840000 ,-11.665500,-9.188498 ,3.709124  ,3.997774  ,0.019729  ,0.037109  
25.840000 ,-11.665500,-9.188498 ,3.709124  ,3.997774  ,0.019729  ,-0.000235 
25.860000 ,-11.670180,-9.114157 ,3.739368  ,3.997774  ,0.022540  ,-0.012142 
25.860000 ,-11.670180,-9.114157 ,3.739368  ,3.997774  ,0.022540  ,0.038048  
25.880000 ,-11.673617,-9.039218 ,3.762231  ,3.997774  ,0.024095  ,-0.130910 
25.880000 ,-11.673617,-9.039218 ,3.762231  ,3.997774  ,0.024095  ,0.078498  
25.900000 ,-11.675997,-8.963913 ,3.771945  ,4.095572  ,0.024203  ,0.019563  
25.900000 ,-11.675997,-8.963913 ,3.771945  ,4.095572  ,0.024203  ,-0.068246 
25.920000 ,-11.677376,-8.888165 ,3.803806  ,4.095572  ,0.024614  ,-0.036300 
25.920000 ,-11.677376,-8.888165 ,3.803806  ,4.095572  ,0.024614  ,-0.023527 
25.940000 ,-11.677844,-8.811851 ,3.827523  ,4.199745  ,0.023483  ,-0.031372 
25.940000 ,-11.677844,-8.811851 ,3.827523  ,4.199745  ,0.023483  ,-0.082457 
25.960000 ,-11.677690,-8.734980 ,3.859167  ,4.199745  ,0.022953  ,-0.027721 
25.960000 ,-11.677690,-8.734980 ,3.859167  ,4.199745  ,0.022953  ,0.010317  
25.980000 ,-11.676980,-8.657506 ,3.888213  ,4.199745  ,0.021865  ,0.102206  
25.980000 ,-11.676980,-8.657506 ,3.888213  ,4.199745  ,0.021865  ,0.019697  
26.000000 ,-11.675769,-8.579363 ,3.926624  ,4.310086  ,0.020003  ,-0.067056 
26.000000 ,-11.675769,-8.579363 ,3.926624  ,4.310086  ,0.020003  ,-0.003400 
26.020000 ,-11.674258,-8.500547 ,3.955999  ,4.310086  ,0.018561  ,-0.057343 
26.020000 ,-11.674258,-8.500547 ,3.955999  ,4.310086  ,0.018561  ,0.050144  
26.040000 ,-11.672631,-8.421165 ,3.983548  ,4.426065  ,0.016734  ,-0.083919 
26.040000 ,-11.672631,-8.421165 ,3.983548  ,4.426065  ,0.016734  ,0.050661  
26.060000 ,-11.670940,-8.341175 ,4.016840  ,4.426065  ,0.015356  ,0.037364  
26.060000 ,-11.670940,-8.341175 ,4.016840  ,4.426065  ,0.015356  ,0.015234  
26.080000 ,-11.669240,-8.260437 ,4.058301  ,4.426065  ,0.013973  ,0.076243  
26.080000 ,-11.669240,-8.260437 ,4.058301  ,4.426065  ,0.013973  ,-0.041434 
26.100000 ,-11.667586,-8.178870 ,4.099522  ,4.546785  ,0.012639  ,-0.071870 
26.100000 ,-11.667586,-8.178870 ,4.099522  ,4.546785  ,0.012639  ,-0.036430 
26.120000 ,-11.666028,-8.096542 ,4.134373  ,4.546785  ,0.011401  ,0.038637  
26.120000 ,-11.666028,-8.096542 ,4.134373  ,4.546785  ,0.011401  ,-0.074558 
26.140000 ,-11.664604,-8.013443 ,4.176248  ,4.671027  ,0.010444  ,0.001612  
26.140000 ,-11.664604,-8.013443 ,4.176248  ,4.671027  ,0.010444  ,0.030624  
26.160000 ,-11.663204,-7.929463 ,4.222332  ,4.671027  ,0.000000  ,0.086780  
26.160000 ,-11.663204,-7.929463 ,4.222332  ,4.671027  ,0.000000  ,0.035634  
26.180000 ,-11.661712,-7.844526 ,4.272045  ,4.671027  ,0.007907  ,-0.128261 
26.180000 ,-11.661712,-7.844526 ,4.272045  ,4.671027  ,0.007907  ,-0.024790 
26.200000 ,-11.660125,-7.758846 ,4.297179  ,4.796830  ,0.006465  ,0.020014  
26.200000 ,-11.660125,-7.758846 ,4.297179  ,4.796830  ,0.006465  ,0.053358  
26.220000 ,-11.658422,-7.672430 ,4.345424  ,4.796830  ,0.005060  ,0.032930  
26.220000 ,-11.658422,-7.672430 ,4.345424  ,4.796830  ,0.005060  ,-0.117185 
26.240000 ,-11.656567,-7.585087 ,4.390389  ,4.921868  ,0.003094  ,-0.019258 
26.240000 ,-11.656567,-7.585087 ,4.390389  ,4.921868  ,0.003094  ,0.101027  
26.260000 ,-11.654531,-7.496821 ,4.437943  ,4.921868  ,0.002058  ,-0.040680 
26.260000 ,-11.654531,-7.496821 ,4.437943  ,4.921868  ,0.002058  ,0.001324  
26.280000 ,-11.652286,-7.407674 ,4.479094  ,5.043688  ,0.000305  ,-0.057993 
26.280000 ,-11.652286,-7.407674 ,4.479094  ,5.043688  ,0.000305  ,-0.044751 
26.300000 ,-11.649807,-7.317650 ,4.526126  ,5.043688  ,0.000414  ,-0.008247 
26.300000 ,-11.649807,-7.317650 ,4.526126  ,5.043688  ,0.000414  ,-0.019530 
26.320000 ,-11.647048,-7.226691 ,4.573410  ,5.159695  ,0.002816  ,-0.021600 
26.320000 ,-11.647048,-7.226691 ,4.573410  ,5.159695  ,0.002816  ,-0.029033 
26.340000 ,-11.643758,-7.134751 ,4.625835  ,5.159695  ,0.000000  ,0.046611  
26.340000 ,-11.643758,-7.134751 ,4.625835  ,5.159695  ,0.000000  ,0.131378  
26.360000 ,-11.639747,-7.041776 ,4.679725  ,5.159695  ,0.001227  ,-0.003723 
26.360000 ,-11.639747,-7.041776 ,4.679725  ,5.159695  ,0.001227  ,0.026048  
26.380000 ,-11.634964,-6.947856 ,4.723939  ,5.267279  ,0.001903  ,-0.052546 
26.380000 ,-11.634964,-6.947856 ,4.723939  ,5.267279  ,0.001903  ,-0.013162 
26.400000 ,-11.629322,-6.853084 ,4.769504  ,5.267279  ,0.000335  ,-0.014664 
26.400000 ,-11.629322,-6.853084 ,4.769504  ,5.267279  ,0.000335  ,0.006421  
26.420000 ,-11.622600,-6.757476 ,4.814356  ,5.363521  ,0.000584  ,-0.007888 
26.420000 ,-11.622600,-6.757476 ,4.814356  ,5.363521  ,0.000584  ,0.007193  
26.440000 ,-11.614683,-6.661006 ,4.864607  ,5.363521  ,0.002092  ,0.133784  
26.440000 ,-11.614683,-6.661006 ,4.864607  ,5.363521  ,0.002092  ,-0.015464 
26.460000 ,-11.605257,-6.563575 ,4.923347  ,5.374320  ,0.002238  ,-0.009712 
26.460000 ,-11.605257,-6.563575 ,4.923347  ,5.374320  ,0.002238  ,0.023191  
26.480000 ,-11.594411,-6.465290 ,4.964313  ,5.374320  ,0.006015  ,-0.006635 
26.480000 ,-11.594411,-6.465290 ,4.964313  ,5.374320  ,0.006015  ,0.009675  
26.500000 ,-11.581868,-6.366419 ,5.001761  ,5.313877  ,0.006858  ,0.041405  
26.500000 ,-11.581868,-6.366419 ,5.001761  ,5.313877  ,0.006858  ,0.078217  
26.520000 ,-11.567724,-6.267054 ,5.034582  ,5.313877  ,0.011839  ,0.042295  
26.520000 ,-11.567724,-6.267054 ,5.034582  ,5.313877  ,0.011839  ,-0.044735 
26.540000 ,-11.551676,-6.167345 ,5.064438  ,5.264055  ,0.013592  ,0.020185  
26.540000 ,-11.551676,-6.167345 ,5.064438  ,5.264055  ,0.013592  ,0.036947  
26.560000 ,-11.533658,-6.067463 ,5.084844  ,5.264055  ,0.019594  ,0.007541  
26.560000 ,-11.533658,-6.067463 ,5.084844  ,5.264055  ,0.019594  ,0.023003  
26.580000 ,-11.513811,-5.967544 ,5.102182  ,5.225384  ,0.022425  ,0.040459  
26.580000 ,-11.513811,-5.967544 ,5.102182  ,5.225384  ,0.022425  ,0.023566  
26.600000 ,-11.491840,-5.867738 ,5.117376  ,5.225384  ,0.029635  ,-0.026483 
26.600000 ,-11.491840,-5.867738 ,5.117376  ,5.225384  ,0.029635  ,-0.024973 
26.620000 ,-11.467529,-5.768244 ,5.124945  ,5.197612  ,0.033194  ,0.075460  
26.620000 ,-11.467529,-5.768244 ,5.124945  ,5.197612  ,0.033194  ,0.006881  
26.640000 ,-11.440812,-5.669146 ,5.138697  ,5.197612  ,0.040984  ,0.043644  
26.640000 ,-11.440812,-5.669146 ,5.138697  ,5.197612  ,0.040984  ,-0.069243 
26.660000 ,-11.411584,-5.570519 ,5.148218  ,5.179891  ,0.045050  ,-0.056624 
26.660000 ,-11.411584,-5.570519 ,5.148218  ,5.179891  ,0.045050  ,0.000081  
26.680000 ,-11.379681,-5.472720 ,5.139630  ,5.179891  ,0.053046  ,-0.065399 
26.680000 ,-11.379681,-5.472720 ,5.139630  ,5.179891  ,0.053046  ,-0.067531 
26.700000 ,-11.345063,-5.376033 ,5.130977  ,5.170717  ,0.057014  ,0.104286  
26.700000 ,-11.345063,-5.376033 ,5.130977  ,5.170717  ,0.057014  ,-0.028161 
26.720000 ,-11.307556,-5.280373 ,5.144348  ,5.170717  ,0.064675  ,-0.118633 
26.720000 ,-11.307556,-5.280373 ,5.144348  ,5.170717  ,0.064675  ,0.058595  
26.740000 ,-11.267176,-5.186109 ,5.112589  ,5.167754  ,0.068109  ,0.011880  
26.740000 ,-11.267176,-5.186109 ,5.112589  ,5.167754  ,0.068109  ,-0.037913 
26.760000 ,-11.223860,-5.093421 ,5.118813  ,5.167754  ,0.074989  ,-0.097744 
26.760000 ,-11.223860,-5.093421 ,5.118813  ,5.167754  ,0.074989  ,-0.088001 
26.780000 ,-11.177509,-5.002342 ,5.102014  ,5.167754  ,0.077391  ,0.062591  
26.780000 ,-11.177509,-5.002342 ,5.102014  ,5.167754  ,0.077391  ,0.001853  
26.800000 ,-11.128058,-4.912954 ,5.113928  ,5.167754  ,0.083135  ,0.042928  
26.800000 ,-11.128058,-4.912954 ,5.113928  ,5.167754  ,0.083135  ,-0.019923 
26.820000 ,-11.075392,-4.825178 ,5.122911  ,5.167754  ,0.084217  ,-0.018632 
26.820000 ,-11.075392,-4.825178 ,5.122911  ,5.167754  ,0.084217  ,0.004551  
26.840000 ,-11.019724,-4.739138 ,5.125344  ,5.167754  ,0.088890  ,-0.029634 
26.840000 ,-11.019724,-4.739138 ,5.125344  ,5.167754  ,0.088890  ,0.013963  
26.860000 ,-10.961140,-4.655013 ,5.126530  ,5.168680  ,0.088949  ,-0.006225 
26.860000 ,-10.961140,-4.655013 ,5.126530  ,5.168680  ,0.088949  ,-0.048255 
26.880000 ,-10.899717,-4.572881 ,5.129865  ,5.168680  ,0.092856  ,0.035515  
26.880000 ,-10.899717,-4.572881 ,5.129865  ,5.168680  ,0.092856  ,-0.023789 
26.900000 ,-10.835496,-4.492786 ,5.136766  ,5.174228  ,0.092094  ,0.007393  
26.900000 ,-10.835496,-4.492786 ,5.136766  ,5.174228  ,0.092094  ,-0.022628 
26.920000 ,-10.768455,-4.414891 ,5.140930  ,5.174228  ,0.095536  ,-0.012142 
26.920000 ,-10.768455,-4.414891 ,5.140930  ,5.174228  ,0.095536  ,0.075143  
26.940000 ,-10.698719,-4.339316 ,5.142895  ,5.187202  ,0.094072  ,0.080527  
26.940000 ,-10.698719,-4.339316 ,5.142895  ,5.187202  ,0.094072  ,-0.021938 
26.960000 ,-10.626317,-4.266099 ,5.154484  ,5.187202  ,0.097597  ,-0.145843 
26.960000 ,-10.626317,-4.266099 ,5.154484  ,5.187202  ,0.097597  ,-0.043690 
26.980000 ,-10.551618,-4.195657 ,5.115544  ,5.209616  ,0.095920  ,0.111973  
26.980000 ,-10.551618,-4.195657 ,5.115544  ,5.209616  ,0.095920  ,-0.052765 
27.000000 ,-10.474438,-4.128209 ,5.134673  ,5.209616  ,0.099957  ,-0.008137 
27.000000 ,-10.474438,-4.128209 ,5.134673  ,5.209616  ,0.099957  ,-0.037467 
27.020000 ,-10.394688,-4.063420 ,5.140875  ,5.242832  ,0.098481  ,-0.069888 
27.020000 ,-10.394688,-4.063420 ,5.140875  ,5.242832  ,0.098481  ,-0.028210 
27.040000 ,-10.312577,-4.001499 ,5.143852  ,5.242832  ,0.103270  ,-0.038471 
27.040000 ,-10.312577,-4.001499 ,5.143852  ,5.242832  ,0.103270  ,-0.050096 
27.060000 ,-10.228200,-3.942552 ,5.149470  ,5.287634  ,0.102649  ,0.069347  
27.060000 ,-10.228200,-3.942552 ,5.149470  ,5.287634  ,0.102649  ,0.056269  
27.080000 ,-10.141609,-3.886446 ,5.168735  ,5.287634  ,0.107120  ,-0.036530 
27.080000 ,-10.141609,-3.886446 ,5.168735  ,5.287634  ,0.107120  ,-0.066095 
27.100000 ,-10.052976,-3.833101 ,5.176382  ,5.344421  ,0.106826  ,0.009233  
27.100000 ,-10.052976,-3.833101 ,5.176382  ,5.344421  ,0.106826  ,-0.040218 
27.120000 ,-9.962443 ,-3.782551 ,5.192840  ,5.344421  ,0.110230  ,-0.041406 
27.120000 ,-9.962443 ,-3.782551 ,5.192840  ,5.344421  ,0.110230  ,-0.063464 
27.140000 ,-9.870128 ,-3.734749 ,5.203068  ,5.413239  ,0.109411  ,-0.030166 
27.140000 ,-9.870128 ,-3.734749 ,5.203068  ,5.413239  ,0.109411  ,-0.037177 
27.160000 ,-9.776261 ,-3.689448 ,5.219780  ,5.413239  ,0.111144  ,-0.044646 
27.160000 ,-9.776261 ,-3.689448 ,5.219780  ,5.413239  ,0.111144  ,-0.025567 
27.180000 ,-9.680991 ,-3.646428 ,5.233595  ,5.493677  ,0.109674  ,0.107424  
27.180000 ,-9.680991 ,-3.646428 ,5.233595  ,5.493677  ,0.109674  ,-0.008370 
27.200000 ,-9.584319 ,-3.605405 ,5.267714  ,5.493677  ,0.109654  ,-0.018364 
27.200000 ,-9.584319 ,-3.605405 ,5.267714  ,5.493677  ,0.109654  ,-0.022774 
27.220000 ,-9.486319 ,-3.566209 ,5.286988  ,5.585469  ,0.107256  ,0.115933  
27.220000 ,-9.486319 ,-3.566209 ,5.286988  ,5.585469  ,0.107256  ,0.006651  
27.240000 ,-9.387136 ,-3.528450 ,5.325461  ,5.585469  ,0.105251  ,0.004322  
27.240000 ,-9.387136 ,-3.528450 ,5.325461  ,5.585469  ,0.105251  ,0.061294  
27.260000 ,-9.286824 ,-3.491918 ,5.350001  ,5.688498  ,0.101697  ,-0.005185 
27.260000 ,-9.286824 ,-3.491918 ,5.350001  ,5.688498  ,0.101697  ,0.056481  
27.280000 ,-9.185587 ,-3.456319 ,5.380946  ,5.802833  ,0.098315  ,-0.036511 
27.280000 ,-9.185587 ,-3.456319 ,5.380946  ,5.802833  ,0.098315  ,0.109540  
27.300000 ,-9.083443 ,-3.421301 ,5.416724  ,5.802833  ,0.092225  ,0.019871  
27.300000 ,-9.083443 ,-3.421301 ,5.416724  ,5.802833  ,0.092225  ,0.031112  
27.320000 ,-8.980405 ,-3.386625 ,5.454414  ,5.928411  ,0.086978  ,-0.072806 
27.320000 ,-8.980405 ,-3.386625 ,5.454414  ,5.928411  ,0.086978  ,-0.086671 
27.340000 ,-8.876596 ,-3.351894 ,5.491661  ,5.928411  ,0.077742  ,0.042789  
27.340000 ,-8.876596 ,-3.351894 ,5.491661  ,5.928411  ,0.077742  ,0.045349  
27.360000 ,-8.771952 ,-3.317076 ,5.536181  ,6.064979  ,0.069373  ,-0.026402 
27.360000 ,-8.771952 ,-3.317076 ,5.536181  ,6.064979  ,0.069373  ,-0.037948 
27.380000 ,-8.666558 ,-3.281628 ,5.582823  ,6.064979  ,0.057795  ,-0.010597 
27.380000 ,-8.666558 ,-3.281628 ,5.582823  ,6.064979  ,0.057795  ,0.019299  
27.400000 ,-8.560485 ,-3.245369 ,5.626602  ,6.211860  ,0.047168  ,0.006624  
27.400000 ,-8.560485 ,-3.245369 ,5.626602  ,6.211860  ,0.047168  ,0.015646  
27.420000 ,-8.453716 ,-3.208096 ,5.681551  ,6.211860  ,0.034729  ,0.006575  
27.420000 ,-8.453716 ,-3.208096 ,5.681551  ,6.211860  ,0.034729  ,-0.009018 
27.440000 ,-8.346257 ,-3.169633 ,5.731395  ,6.368591  ,0.023093  ,-0.030394 
27.440000 ,-8.346257 ,-3.169633 ,5.731395  ,6.368591  ,0.023093  ,0.080677  
27.460000 ,-8.238155 ,-3.129828 ,5.787730  ,6.534122  ,0.011697  ,-0.074386 
27.460000 ,-8.238155 ,-3.129828 ,5.787730  ,6.534122  ,0.011697  ,0.046058  
27.480000 ,-8.129395 ,-3.088394 ,5.850118  ,6.534122  ,0.000527  ,0.023378  
27.480000 ,-8.129395 ,-3.088394 ,5.850118  ,6.534122  ,0.000527  ,-0.025794 
27.500000 ,-8.019896 ,-3.045319 ,5.915791  ,6.706944  ,0.011252  ,-0.065359 
27.500000 ,-8.019896 ,-3.045319 ,5.915791  ,6.706944  ,0.011252  ,-0.028995 
27.520000 ,-7.909611 ,-3.000625 ,5.983173  ,6.706944  ,0.022068  ,-0.020124 
27.520000 ,-7.909611 ,-3.000625 ,5.983173  ,6.706944  ,0.022068  ,-0.032063 
27.540000 ,-7.798576 ,-2.954265 ,6.048499  ,6.884968  ,0.031682  ,0.055012  
27.540000 ,-7.798576 ,-2.954265 ,6.048499  ,6.884968  ,0.031682  ,-0.036040 
27.560000 ,-7.686667 ,-2.906167 ,6.131263  ,7.065527  ,0.040553  ,-0.032368 
27.560000 ,-7.686667 ,-2.906167 ,6.131263  ,7.065527  ,0.040553  ,0.007226  
27.580000 ,-7.573727 ,-2.856270 ,6.214994  ,7.065527  ,0.048708  ,0.053006  
27.580000 ,-7.573727 ,-2.856270 ,6.214994  ,7.065527  ,0.048708  ,0.063238  
27.600000 ,-7.459748 ,-2.804587 ,6.298878  ,7.245604  ,0.055775  ,-0.028956 
27.600000 ,-7.459748 ,-2.804587 ,6.298878  ,7.245604  ,0.055775  ,-0.045706 
27.620000 ,-7.344721 ,-2.751137 ,6.384083  ,7.245604  ,0.061716  ,0.035374  
27.620000 ,-7.344721 ,-2.751137 ,6.384083  ,7.245604  ,0.061716  ,-0.002206 
27.640000 ,-7.228652 ,-2.695942 ,6.467350  ,7.422177  ,0.066574  ,0.017520  
27.640000 ,-7.228652 ,-2.695942 ,6.467350  ,7.422177  ,0.066574  ,-0.032558 
27.660000 ,-7.111497 ,-2.638999 ,6.557621  ,7.592662  ,0.070360  ,0.042156  
27.660000 ,-7.111497 ,-2.638999 ,6.557621  ,7.592662  ,0.070360  ,-0.024456 
27.680000 ,-6.993100 ,-2.580267 ,6.657627  ,7.592662  ,0.072369  ,-0.009941 
27.680000 ,-6.993100 ,-2.580267 ,6.657627  ,7.592662  ,0.072369  ,-0.008581 
27.700000 ,-6.873409 ,-2.519969 ,6.743512  ,7.754979  ,0.073545  ,-0.003820 
27.700000 ,-6.873409 ,-2.519969 ,6.743512  ,7.754979  ,0.073545  ,-0.062095 
27.720000 ,-6.752459 ,-2.458183 ,6.837061  ,7.907556  ,0.073657  ,0.033779  
27.720000 ,-6.752459 ,-2.458183 ,6.837061  ,7.907556  ,0.073657  ,0.028586  
27.740000 ,-6.630081 ,-2.394886 ,6.939581  ,7.907556  ,0.071689  ,0.031191  
27.740000 ,-6.630081 ,-2.394886 ,6.939581  ,7.907556  ,0.071689  ,-0.022507 
27.760000 ,-6.506196 ,-2.330255 ,7.032342  ,8.000000  ,0.069030  ,0.029290  
27.760000 ,-6.506196 ,-2.330255 ,7.032342  ,8.000000  ,0.069030  ,-0.009153 
27.780000 ,-6.380796 ,-2.264522 ,7.124898  ,8.000000  ,0.065401  ,0.050737  
27.780000 ,-6.380796 ,-2.264522 ,7.124898  ,8.000000  ,0.065401  ,0.072650  
27.800000 ,-6.253893 ,-2.197815 ,7.210852  ,8.000000  ,0.060820  ,0.061173  
27.800000 ,-6.253893 ,-2.197815 ,7.210852  ,8.000000  ,0.060820  ,0.033899  
27.820000 ,-6.125551 ,-2.130301 ,7.289795  ,8.000000  ,0.053572  ,0.041912  
27.820000 ,-6.125551 ,-2.130301 ,7.289795  ,8.000000  ,0.053572  ,-0.090936 
27.840000 ,-5.995861 ,-2.062158 ,7.359621  ,8.000000  ,0.046339  ,0.000275  
27.840000 ,-5.995861 ,-2.062158 ,7.359621  ,8.000000  ,0.046339  ,-0.060380 
27.860000 ,-5.864937 ,-1.993586 ,7.419098  ,8.000000  ,0.038163  ,0.066972  
27.860000 ,-5.864937 ,-1.993586 ,7.419098  ,8.000000  ,0.038163  ,-0.023519 
27.880000 ,-5.732714 ,-1.924918 ,7.479246  ,8.000000  ,0.027899  ,-0.030449 
27.880000 ,-5.732714 ,-1.924918 ,7.479246  ,8.000000  ,0.027899  ,-0.061526 
27.900000 ,-5.599258 ,-1.856338 ,7.524766  ,8.000000  ,0.017610  ,-0.040769 
27.900000 ,-5.599258 ,-1.856338 ,7.524766  ,8.000000  ,0.017610  ,-0.021202 
27.920000 ,-5.464684 ,-1.788061 ,7.565101  ,8.000000  ,0.000000  ,0.042622  
27.920000 ,-5.464684 ,-1.788061 ,7.565101  ,8.000000  ,0.000000  ,-0.050273 
27.940000 ,-5.328944 ,-1.720218 ,7.609434  ,8.000000  ,0.004759  ,0.022417  
27.940000 ,-5.328944 ,-1.720218 ,7.609434  ,8.000000  ,0.004759  ,-0.028522 
27.960000 ,-5.191999 ,-1.652945 ,7.647775  ,8.000000  ,0.017880  ,-0.036039 
27.960000 ,-5.191999 ,-1.652945 ,7.647775  ,8.000000  ,0.017880  ,-0.047488 
27.980000 ,-5.053934 ,-1.586430 ,7.677129  ,8.000000  ,0.030495  ,-0.041883 
27.980000 ,-5.053934 ,-1.586430 ,7.677129  ,8.000000  ,0.030495  ,0.041718  
28.000000 ,-4.914814 ,-1.520839 ,7.703216  ,8.000000  ,0.043096  ,-0.051188 
28.000000 ,-4.914814 ,-1.520839 ,7.703216  ,8.000000  ,0.043096  ,-0.077034 
28.020000 ,-4.774600 ,-1.456444 ,7.726017  ,8.000000  ,0.055352  ,-0.011536 
28.020000 ,-4.774600 ,-1.456444 ,7.726017  ,8.000000  ,0.055352  ,-0.022972 
28.040000 ,-4.633274 ,-1.393360 ,7.750382  ,8.000000  ,0.067083  ,0.077039  
28.040000 ,-4.633274 ,-1.393360 ,7.750382  ,8.000000  ,0.067083  ,-0.075984 
28.060000 ,-4.490790 ,-1.331548 ,7.780708  ,8.000000  ,0.079129  ,0.002870  
28.060000 ,-4.490790 ,-1.331548 ,7.780708  ,8.000000  ,0.079129  ,0.036764  
28.080000 ,-4.347160 ,-1.271126 ,7.801334  ,8.000000  ,0.089632  ,0.026661  
28.080000 ,-4.347160 ,-1.271126 ,7.801334  ,8.000000  ,0.089632  ,-0.007329 
28.100000 ,-4.202456 ,-1.212212 ,7.822253  ,8.000000  ,0.099126  ,0.002070  
28.100000 ,-4.202456 ,-1.212212 ,7.822253  ,8.000000  ,0.099126  ,0.058238  
28.120000 ,-4.056712 ,-1.154883 ,7.838947  ,8.000000  ,0.107475  ,-0.005063 
28.120000 ,-4.056712 ,-1.154883 ,7.838947  ,8.000000  ,0.107475  ,0.071566  
28.140000 ,-3.909993 ,-1.099216 ,7.853429  ,8.000000  ,0.114897  ,0.035134  
28.140000 ,-3.909993 ,-1.099216 ,7.853429  ,8.000000  ,0.114897  ,-0.044366 
28.160000 ,-3.762305 ,-1.045252 ,7.870298  ,8.000000  ,0.120544  ,0.063775  
28.160000 ,-3.762305 ,-1.045252 ,7.870298  ,8.000000  ,0.120544  ,0.041224  
28.180000 ,-3.613627 ,-0.993019 ,7.888260  ,8.000000  ,0.124592  ,-0.052332 
28.180000 ,-3.613627 ,-0.993019 ,7.888260  ,8.000000  ,0.124592  ,-0.038474 
28.200000 ,-3.464082 ,-0.942584 ,7.893776  ,8.000000  ,0.126933  ,-0.022934 
28.200000 ,-3.464082 ,-0.942584 ,7.893776  ,8.000000  ,0.126933  ,0.034927  
28.220000 ,-3.313791 ,-0.893987 ,7.901508  ,8.000000  ,0.127485  ,0.012801  
28.220000 ,-3.313791 ,-0.893987 ,7.901508  ,8.000000  ,0.127485  ,0.031583  
28.240000 ,-3.162801 ,-0.846995 ,7.911841  ,8.000000  ,0.126136  ,-0.031526 
28.240000 ,-3.162801 ,-0.846995 ,7.911841  ,8.000000  ,0.126136  ,0.003380  
28.260000 ,-3.011164 ,-0.801589 ,7.917098  ,8.000000  ,0.123004  ,-0.027297 
28.260000 ,-3.011164 ,-0.801589 ,7.917098  ,8.000000  ,0.123004  ,-0.026420 
28.280000 ,-2.859006 ,-0.757583 ,7.922261  ,8.000000  ,0.118142  ,0.019995  
28.280000 ,-2.859006 ,-0.757583 ,7.922261  ,8.000000  ,0.118142  ,-0.060972 
28.300000 ,-2.706369 ,-0.714735 ,7.931334  ,8.000000  ,0.111685  ,-0.008917 
28.300000 ,-2.706369 ,-0.714735 ,7.931334  ,8.000000  ,0.111685  ,-0.000841 
28.320000 ,-2.553302 ,-0.672896 ,7.936881  ,8.000000  ,0.103674  ,0.023464  
28.320000 ,-2.553302 ,-0.672896 ,7.936881  ,8.000000  ,0.103674  ,-0.000432 
28.340000 ,-2.399869 ,-0.631888 ,7.944919  ,8.000000  ,0.093246  ,-0.063523 
28.340000 ,-2.399869 ,-0.631888 ,7.944919  ,8.000000  ,0.093246  ,-0.058910 
28.360000 ,-2.246219 ,-0.591504 ,7.942013  ,8.000000  ,0.081928  ,-0.023004 
28.360000 ,-2.246219 ,-0.591504 ,7.942013  ,8.000000  ,0.081928  ,-0.024670 
28.380000 ,-2.092517 ,-0.551299 ,7.945261  ,8.000000  ,0.069566  ,0.073894  
28.380000 ,-2.092517 ,-0.551299 ,7.945261  ,8.000000  ,0.069566  ,0.097528  
28.400000 ,-1.938684 ,-0.510992 ,7.957203  ,8.000000  ,0.056308  ,0.004784  
28.400000 ,-1.938684 ,-0.510992 ,7.957203  ,8.000000  ,0.056308  ,-0.090151 
28.420000 ,-1.784777 ,-0.470328 ,7.961621  ,8.000000  ,0.042324  ,0.008792  
28.420000 ,-1.784777 ,-0.470328 ,7.961621  ,8.000000  ,0.042324  ,-0.048581 
28.440000 ,-1.630937 ,-0.429067 ,7.966000  ,8.000000  ,0.026391  ,-0.043012 
28.440000 ,-1.630937 ,-0.429067 ,7.966000  ,8.000000  ,0.026391  ,-0.063912 
28.460000 ,-1.477311 ,-0.386980 ,7.962898  ,8.000000  ,0.011037  ,-0.025271 
28.460000 ,-1.477311 ,-0.386980 ,7.962898  ,8.000000  ,0.011037  ,0.044246  
28.480000 ,-1.324038 ,-0.343690 ,7.963996  ,8.000000  ,0.004294  ,-0.066062 
28.480000 ,-1.324038 ,-0.343690 ,7.963996  ,8.000000  ,0.004294  ,0.046743  
28.500000 ,-1.171270 ,-0.299001 ,7.953650  ,8.000000  ,0.019450  ,0.030995  
28.500000 ,-1.171270 ,-0.299001 ,7.953650  ,8.000000  ,0.019450  ,-0.104856 
28.520000 ,-1.018977 ,-0.252808 ,7.960830  ,8.000000  ,0.034136  ,-0.032374 
28.520000 ,-1.018977 ,-0.252808 ,7.960830  ,8.000000  ,0.034136  ,-0.009513 
28.540000 ,-0.867129 ,-0.204913 ,7.961461  ,8.000000  ,0.050034  ,-0.028399 
28.540000 ,-0.867129 ,-0.204913 ,7.961461  ,8.000000  ,0.050034  ,0.025013  
28.560000 ,-0.715723 ,-0.155588 ,7.962403  ,8.000000  ,0.064485  ,0.016564  
28.560000 ,-0.715723 ,-0.155588 ,7.962403  ,8.000000  ,0.064485  ,0.047320  
28.580000 ,-0.564689 ,-0.104943 ,7.967431  ,8.000000  ,0.076577  ,-0.019023 
28.580000 ,-0.564689 ,-0.104943 ,7.967431  ,8.000000  ,0.076577  ,0.034118  
28.600000 ,-0.413886 ,-0.053420 ,7.968688  ,8.000000  ,0.099165  ,0.051343  
28.600000 ,-0.413886 ,-0.053420 ,7.968688  ,8.000000  ,0.099165  ,0.098745  
