# laptime, ego_x_pos, ego_y_pos, actual speed, expected speed, tracking error
0.000000  ,-0.209727 ,-0.009153 ,7.971771  ,8.000000  ,0.000000  ,-0.079789 
0.000000  ,-0.209727 ,-0.009153 ,7.971771  ,8.000000  ,0.000000  ,-0.022799 
0.020000  ,-0.050518 ,-0.012720 ,7.954023  ,8.000000  ,0.024701  ,0.023388  
0.020000  ,-0.050518 ,-0.012720 ,7.954023  ,8.000000  ,0.024701  ,0.067125  
0.040000  ,0.108582  ,-0.016531 ,7.960462  ,8.000000  ,0.024924  ,0.003964  
0.040000  ,0.108582  ,-0.016531 ,7.960462  ,8.000000  ,0.024924  ,-0.095217 
0.060000  ,0.267781  ,-0.020534 ,7.964501  ,8.000000  ,0.016939  ,-0.051871 
0.060000  ,0.267781  ,-0.020534 ,7.964501  ,8.000000  ,0.016939  ,0.040979  
0.080000  ,0.426959  ,-0.024639 ,7.958865  ,8.000000  ,0.009775  ,0.044750  
0.080000  ,0.426959  ,-0.024639 ,7.958865  ,8.000000  ,0.009775  ,-0.023762 
0.100000  ,0.586164  ,-0.028749 ,7.966839  ,8.000000  ,0.000000  ,-0.008141 
0.100000  ,0.586164  ,-0.028749 ,7.966839  ,8.000000  ,0.000000  ,-0.046654 
0.120000  ,0.745474  ,-0.032764 ,7.969162  ,8.000000  ,0.000150  ,-0.082022 
0.120000  ,0.745474  ,-0.032764 ,7.969162  ,8.000000  ,0.000150  ,-0.003640 
0.140000  ,0.904626  ,-0.036576 ,7.951543  ,8.000000  ,0.005263  ,0.047181  
0.140000  ,0.904626  ,-0.036576 ,7.951543  ,8.000000  ,0.005263  ,0.022055  
0.160000  ,1.063708  ,-0.040094 ,7.960422  ,8.000000  ,0.009998  ,-0.007947 
0.160000  ,1.063708  ,-0.040094 ,7.960422  ,8.000000  ,0.009998  ,-0.007328 
0.180000  ,1.222915  ,-0.043235 ,7.963359  ,8.000000  ,0.014362  ,0.017169  
0.180000  ,1.222915  ,-0.043235 ,7.963359  ,8.000000  ,0.014362  ,-0.049960 
0.200000  ,1.382210  ,-0.045923 ,7.968354  ,8.000000  ,0.018292  ,0.086244  
0.200000  ,1.382210  ,-0.045923 ,7.968354  ,8.000000  ,0.018292  ,-0.011613 
0.220000  ,1.541673  ,-0.048094 ,7.979299  ,8.000000  ,0.021733  ,-0.047446 
0.220000  ,1.541673  ,-0.048094 ,7.979299  ,8.000000  ,0.021733  ,0.018103  
0.240000  ,1.701154  ,-0.049692 ,7.970093  ,8.000000  ,0.024570  ,-0.047545 
0.240000  ,1.701154  ,-0.049692 ,7.970093  ,8.000000  ,0.024570  ,-0.014110 
0.260000  ,1.860489  ,-0.050669 ,7.964021  ,8.000000  ,0.026762  ,0.010223  
0.260000  ,1.860489  ,-0.050669 ,7.964021  ,8.000000  ,0.026762  ,0.007947  
0.280000  ,2.019812  ,-0.050985 ,7.968311  ,8.000000  ,0.028289  ,0.017888  
0.280000  ,2.019812  ,-0.050985 ,7.968311  ,8.000000  ,0.028289  ,-0.007402 
0.300000  ,2.179224  ,-0.050606 ,7.972913  ,8.000000  ,0.029110  ,-0.039482 
0.300000  ,2.179224  ,-0.050606 ,7.972913  ,8.000000  ,0.029110  ,-0.015689 
0.320000  ,2.338634  ,-0.049506 ,7.968647  ,8.000000  ,0.029194  ,0.022401  
0.320000  ,2.338634  ,-0.049506 ,7.968647  ,8.000000  ,0.029194  ,0.071618  
0.340000  ,2.498046  ,-0.047666 ,7.973637  ,8.000000  ,0.028520  ,-0.069310 
0.340000  ,2.498046  ,-0.047666 ,7.973637  ,8.000000  ,0.028520  ,-0.056125 
0.360000  ,2.657345  ,-0.045233 ,7.958854  ,8.000000  ,0.027216  ,0.004954  
0.360000  ,2.657345  ,-0.045233 ,7.958854  ,8.000000  ,0.027216  ,-0.008830 
0.380000  ,2.816539  ,-0.042361 ,7.963134  ,8.000000  ,0.025468  ,0.016172  
0.380000  ,2.816539  ,-0.042361 ,7.963134  ,8.000000  ,0.025468  ,-0.036234 
0.400000  ,2.975818  ,-0.039091 ,7.968058  ,8.000000  ,0.023302  ,-0.155851 
0.400000  ,2.975818  ,-0.039091 ,7.968058  ,8.000000  ,0.023302  ,-0.065804 
0.420000  ,3.134690  ,-0.035528 ,7.925405  ,8.000000  ,0.020821  ,-0.045397 
0.420000  ,3.134690  ,-0.035528 ,7.925405  ,8.000000  ,0.020821  ,0.013132  
0.440000  ,3.293182  ,-0.031777 ,7.928116  ,8.000000  ,0.018130  ,-0.072349 
0.440000  ,3.293182  ,-0.031777 ,7.928116  ,8.000000  ,0.018130  ,-0.018989 
0.460000  ,3.451696  ,-0.027938 ,7.927956  ,8.000000  ,0.015308  ,-0.016542 
0.460000  ,3.451696  ,-0.027938 ,7.927956  ,8.000000  ,0.015308  ,0.010192  
0.480000  ,3.610261  ,-0.024128 ,7.933109  ,8.000000  ,0.012510  ,0.010961  
0.480000  ,3.610261  ,-0.024128 ,7.933109  ,8.000000  ,0.012510  ,-0.017176 
0.500000  ,3.768954  ,-0.020458 ,7.940336  ,8.000000  ,0.009833  ,0.012738  
0.500000  ,3.768954  ,-0.020458 ,7.940336  ,8.000000  ,0.009833  ,-0.017110 
0.520000  ,3.927792  ,-0.017031 ,7.947058  ,8.000000  ,0.007378  ,0.096888  
0.520000  ,3.927792  ,-0.017031 ,7.947058  ,8.000000  ,0.007378  ,0.029181  
0.540000  ,4.086844  ,-0.013941 ,7.960968  ,8.000000  ,0.005240  ,0.085864  
0.540000  ,4.086844  ,-0.013941 ,7.960968  ,8.000000  ,0.005240  ,-0.020996 
0.560000  ,4.246155  ,-0.011112 ,7.972563  ,8.000000  ,0.003321  ,-0.007337 
0.560000  ,4.246155  ,-0.011112 ,7.972563  ,8.000000  ,0.003321  ,-0.049003 
0.580000  ,4.405603  ,-0.008445 ,7.974429  ,8.000000  ,0.001562  ,-0.017921 
0.580000  ,4.405603  ,-0.008445 ,7.974429  ,8.000000  ,0.001562  ,-0.010680 
0.600000  ,4.565079  ,-0.005940 ,7.975140  ,8.000000  ,0.000056  ,-0.062898 
0.600000  ,4.565079  ,-0.005940 ,7.975140  ,8.000000  ,0.000056  ,0.026062  
0.620000  ,4.724426  ,-0.003552 ,7.962046  ,8.000000  ,0.001578  ,-0.023804 
0.620000  ,4.724426  ,-0.003552 ,7.962046  ,8.000000  ,0.001578  ,0.028485  
0.640000  ,4.883663  ,-0.001210 ,7.963360  ,8.000000  ,0.003074  ,-0.032134 
0.640000  ,4.883663  ,-0.001210 ,7.963360  ,8.000000  ,0.003074  ,-0.048959 
0.660000  ,5.042919  ,0.001016  ,7.963778  ,8.000000  ,0.004489  ,-0.005952 
0.660000  ,5.042919  ,0.001016  ,7.963778  ,8.000000  ,0.004489  ,-0.076200 
0.680000  ,5.202210  ,0.003047  ,7.966588  ,8.000000  ,0.005713  ,0.046853  
0.680000  ,5.202210  ,0.003047  ,7.966588  ,8.000000  ,0.005713  ,-0.030003 
0.700000  ,5.361607  ,0.004917  ,7.974040  ,8.000000  ,0.006792  ,-0.041020 
0.700000  ,5.361607  ,0.004917  ,7.974040  ,8.000000  ,0.006792  ,-0.026409 
0.720000  ,5.521024  ,0.006617  ,7.968856  ,8.000000  ,0.007716  ,0.028580  
0.720000  ,5.521024  ,0.006617  ,7.968856  ,8.000000  ,0.007716  ,-0.001576 
0.740000  ,5.680450  ,0.008112  ,7.974401  ,8.000000  ,0.008458  ,0.065859  
0.740000  ,5.680450  ,0.008112  ,7.974401  ,8.000000  ,0.008458  ,-0.071396 
0.760000  ,5.840019  ,0.009352  ,7.982891  ,8.000000  ,0.008951  ,0.071852  
0.760000  ,5.840019  ,0.009352  ,7.982891  ,8.000000  ,0.008951  ,-0.019079 
0.780000  ,5.999758  ,0.010282  ,7.991150  ,8.000000  ,0.009142  ,0.065130  
0.780000  ,5.999758  ,0.010282  ,7.991150  ,8.000000  ,0.009142  ,-0.063628 
0.800000  ,6.159649  ,0.010840  ,7.998019  ,8.000000  ,0.008971  ,0.064785  
0.800000  ,6.159649  ,0.010840  ,7.998019  ,8.000000  ,0.008971  ,-0.057725 
0.820000  ,6.319672  ,0.011125  ,8.004217  ,8.000000  ,0.008534  ,-0.072593 
0.820000  ,6.319672  ,0.011125  ,8.004217  ,8.000000  ,0.008534  ,0.041460  
0.840000  ,6.479478  ,0.011258  ,7.977777  ,8.000000  ,0.007955  ,0.074367  
0.840000  ,6.479478  ,0.011258  ,7.977777  ,8.000000  ,0.007955  ,-0.029967 
0.860000  ,6.639124  ,0.011245  ,7.986745  ,8.000000  ,0.007231  ,0.025742  
0.860000  ,6.639124  ,0.011245  ,7.986745  ,8.000000  ,0.007231  ,-0.028129 
0.880000  ,6.798896  ,0.011130  ,7.990365  ,8.000000  ,0.006406  ,0.018478  
0.880000  ,6.798896  ,0.011130  ,7.990365  ,8.000000  ,0.006406  ,0.041896  
0.900000  ,6.958730  ,0.010988  ,7.992975  ,8.000000  ,0.005554  ,-0.036841 
0.900000  ,6.958730  ,0.010988  ,7.992975  ,8.000000  ,0.005554  ,-0.007403 
0.920000  ,7.118481  ,0.010909  ,7.982712  ,8.000000  ,0.004762  ,-0.042114 
0.920000  ,7.118481  ,0.010909  ,7.982712  ,8.000000  ,0.004762  ,0.034951  
0.940000  ,7.278045  ,0.010984  ,7.974166  ,8.000000  ,0.004112  ,-0.006239 
0.940000  ,7.278045  ,0.010984  ,7.974166  ,8.000000  ,0.004112  ,0.009056  
0.960000  ,7.437547  ,0.011306  ,7.975985  ,8.000000  ,0.003704  ,0.095156  
0.960000  ,7.437547  ,0.011306  ,7.975985  ,8.000000  ,0.003704  ,0.044943  
0.980000  ,7.597178  ,0.011805  ,7.987049  ,8.000000  ,0.003462  ,-0.061661 
0.980000  ,7.597178  ,0.011805  ,7.987049  ,8.000000  ,0.003462  ,0.058884  
1.000000  ,7.756741  ,0.012384  ,7.970282  ,8.000000  ,0.003288  ,0.011085  
1.000000  ,7.756741  ,0.012384  ,7.970282  ,8.000000  ,0.003288  ,0.046243  
1.020000  ,7.916184  ,0.013053  ,7.974070  ,8.000000  ,0.003189  ,-0.061993 
1.020000  ,7.916184  ,0.013053  ,7.974070  ,8.000000  ,0.003189  ,0.065071  
1.040000  ,8.075533  ,0.013779  ,7.961656  ,8.000000  ,0.003107  ,-0.028712 
1.040000  ,8.075533  ,0.013779  ,7.961656  ,8.000000  ,0.003107  ,-0.003858 
1.060000  ,8.234773  ,0.014500  ,7.962551  ,8.000000  ,0.003009  ,0.004573  
1.060000  ,8.234773  ,0.014500  ,7.962551  ,8.000000  ,0.003009  ,0.002306  
1.080000  ,8.394062  ,0.015140  ,7.966452  ,8.000000  ,0.002805  ,-0.046240 
1.080000  ,8.394062  ,0.015140  ,7.966452  ,8.000000  ,0.002805  ,0.000620  
1.100000  ,8.553345  ,0.015615  ,7.962083  ,8.000000  ,0.002406  ,-0.020229 
1.100000  ,8.553345  ,0.015615  ,7.962083  ,8.000000  ,0.002406  ,0.039490  
1.120000  ,8.712603  ,0.015837  ,7.963725  ,8.000000  ,0.001724  ,-0.014663 
1.120000  ,8.712603  ,0.015837  ,7.963725  ,8.000000  ,0.001724  ,0.041354  
1.140000  ,8.871898  ,0.015884  ,7.965732  ,8.000000  ,0.000792  ,0.012667  
1.140000  ,8.871898  ,0.015884  ,7.965732  ,8.000000  ,0.000792  ,-0.029193 
1.160000  ,9.031256  ,0.015850  ,7.970089  ,8.000000  ,0.000240  ,-0.053195 
1.160000  ,9.031256  ,0.015850  ,7.970089  ,8.000000  ,0.000240  ,-0.065637 
1.180000  ,9.190574  ,0.015728  ,7.962074  ,8.000000  ,0.000000  ,0.001003  
1.180000  ,9.190574  ,0.015728  ,7.962074  ,8.000000  ,0.000000  ,-0.050324 
1.200000  ,9.349852  ,0.015553  ,7.965688  ,8.000000  ,0.002665  ,-0.085729 
1.200000  ,9.349852  ,0.015553  ,7.965688  ,8.000000  ,0.002665  ,-0.018466 
1.220000  ,9.508979  ,0.015390  ,7.947989  ,8.000000  ,0.003965  ,0.019850  
1.220000  ,9.508979  ,0.015390  ,7.947989  ,8.000000  ,0.003965  ,-0.023895 
1.240000  ,9.668006  ,0.015317  ,7.954661  ,8.000000  ,0.005290  ,-0.033581 
1.240000  ,9.668006  ,0.015317  ,7.954661  ,8.000000  ,0.005290  ,0.018850  
1.260000  ,9.827111  ,0.015416  ,7.955752  ,8.000000  ,0.006468  ,0.022464  
1.260000  ,9.827111  ,0.015416  ,7.955752  ,8.000000  ,0.006468  ,0.013474  
1.280000  ,9.986288  ,0.015773  ,7.961946  ,8.000000  ,0.000000  ,0.049572  
1.280000  ,9.986288  ,0.015773  ,7.961946  ,8.000000  ,0.000000  ,-0.007000 
1.300000  ,10.145608 ,0.016468  ,7.970081  ,8.000000  ,0.008169  ,-0.017567 
1.300000  ,10.145608 ,0.016468  ,7.970081  ,8.000000  ,0.008169  ,-0.033557 
1.320000  ,10.305017 ,0.017576  ,7.971228  ,8.000000  ,0.008546  ,-0.000835 
1.320000  ,10.305017 ,0.017576  ,7.971228  ,8.000000  ,0.008546  ,-0.009293 
1.340000  ,10.464460 ,0.019161  ,7.973821  ,8.000000  ,0.008611  ,0.022267  
1.340000  ,10.464460 ,0.019161  ,7.973821  ,8.000000  ,0.008611  ,0.000240  
1.360000  ,10.623970 ,0.021126  ,7.978319  ,8.000000  ,0.008330  ,0.042199  
1.360000  ,10.623970 ,0.021126  ,7.978319  ,8.000000  ,0.008330  ,-0.037535 
1.380000  ,10.783580 ,0.023350  ,7.984250  ,8.000000  ,0.000000  ,-0.039784 
1.380000  ,10.783580 ,0.023350  ,7.984250  ,8.000000  ,0.000000  ,0.031984  
1.400000  ,10.943159 ,0.025812  ,7.975976  ,8.000000  ,0.007284  ,0.017552  
1.400000  ,10.943159 ,0.025812  ,7.975976  ,8.000000  ,0.007284  ,0.040253  
1.420000  ,11.102696 ,0.028452  ,7.979836  ,8.000000  ,0.006608  ,0.002786  
1.420000  ,11.102696 ,0.028452  ,7.979836  ,8.000000  ,0.006608  ,0.076404  
1.440000  ,11.262291 ,0.031189  ,7.981967  ,8.000000  ,0.006058  ,0.028665  
1.440000  ,11.262291 ,0.031189  ,7.981967  ,8.000000  ,0.006058  ,0.014692  
1.460000  ,11.421951 ,0.033924  ,7.986302  ,8.000000  ,0.005550  ,-0.047096 
1.460000  ,11.421951 ,0.033924  ,7.986302  ,8.000000  ,0.005550  ,0.006828  
1.480000  ,11.581534 ,0.036553  ,7.974806  ,8.000000  ,0.000000  ,-0.035185 
1.480000  ,11.581534 ,0.036553  ,7.974806  ,8.000000  ,0.000000  ,-0.016540 
1.500000  ,11.740973 ,0.039135  ,7.971367  ,8.000000  ,0.005145  ,0.053420  
1.500000  ,11.740973 ,0.039135  ,7.971367  ,8.000000  ,0.005145  ,-0.040267 
1.520000  ,11.900456 ,0.041749  ,7.978985  ,8.000000  ,0.005123  ,0.080940  
1.520000  ,11.900456 ,0.041749  ,7.978985  ,8.000000  ,0.005123  ,0.017007  
1.540000  ,12.060110 ,0.044367  ,7.988450  ,8.000000  ,0.005384  ,0.007660  
1.540000  ,12.060110 ,0.044367  ,7.988450  ,8.000000  ,0.005384  ,0.039370  
1.560000  ,12.219875 ,0.047011  ,7.990234  ,8.000000  ,0.005669  ,-0.022733 
1.560000  ,12.219875 ,0.047011  ,7.990234  ,8.000000  ,0.005669  ,-0.037331 
1.580000  ,12.379610 ,0.049730  ,7.985770  ,8.000000  ,0.000000  ,-0.019772 
1.580000  ,12.379610 ,0.049730  ,7.985770  ,8.000000  ,0.000000  ,-0.051700 
1.600000  ,12.539280 ,0.052590  ,7.983862  ,8.000000  ,0.006399  ,0.041543  
1.600000  ,12.539280 ,0.052590  ,7.983862  ,8.000000  ,0.006399  ,0.035234  
1.620000  ,12.698981 ,0.055666  ,7.989217  ,8.000000  ,0.006716  ,-0.081059 
1.620000  ,12.698981 ,0.055666  ,7.989217  ,8.000000  ,0.006716  ,0.039648  
1.640000  ,12.858476 ,0.059031  ,7.965027  ,8.000000  ,0.007095  ,-0.017845 
1.640000  ,12.858476 ,0.059031  ,7.965027  ,8.000000  ,0.007095  ,0.046839  
1.660000  ,13.017749 ,0.062759  ,7.966617  ,8.000000  ,0.007162  ,-0.021741 
1.660000  ,13.017749 ,0.062759  ,7.966617  ,8.000000  ,0.007162  ,-0.020314 
1.680000  ,13.177037 ,0.066928  ,7.967698  ,8.000000  ,0.000000  ,-0.047173 
1.680000  ,13.177037 ,0.066928  ,7.967698  ,8.000000  ,0.000000  ,0.016864  
1.700000  ,13.336273 ,0.071438  ,7.962579  ,8.000000  ,0.006628  ,-0.003980 
1.700000  ,13.336273 ,0.071438  ,7.962579  ,8.000000  ,0.006628  ,-0.006578 
1.720000  ,13.495486 ,0.076179  ,7.965684  ,8.000000  ,0.006250  ,0.031903  
1.720000  ,13.495486 ,0.076179  ,7.965684  ,8.000000  ,0.006250  ,0.027551  
1.740000  ,13.654784 ,0.081143  ,7.971831  ,8.000000  ,0.006089  ,-0.015247 
1.740000  ,13.654784 ,0.081143  ,7.971831  ,8.000000  ,0.006089  ,-0.037751 
1.760000  ,13.814151 ,0.086274  ,7.973031  ,8.000000  ,0.005825  ,-0.014110 
1.760000  ,13.814151 ,0.086274  ,7.973031  ,8.000000  ,0.005825  ,0.006695  
1.780000  ,13.973538 ,0.091489  ,7.974225  ,8.000000  ,0.000000  ,0.071015  
1.780000  ,13.973538 ,0.091489  ,7.974225  ,8.000000  ,0.000000  ,0.043736  
1.800000  ,14.133028 ,0.096695  ,7.983211  ,8.000000  ,0.005818  ,0.100084  
1.800000  ,14.133028 ,0.096695  ,7.983211  ,8.000000  ,0.005818  ,0.012735  
1.820000  ,14.292716 ,0.101952  ,7.994061  ,8.000000  ,0.006129  ,-0.017474 
1.820000  ,14.292716 ,0.101952  ,7.994061  ,8.000000  ,0.006129  ,-0.010490 
1.840000  ,14.452465 ,0.107328  ,7.990090  ,8.000000  ,0.006852  ,0.036593  
1.840000  ,14.452465 ,0.107328  ,7.990090  ,8.000000  ,0.006852  ,0.029478  
1.860000  ,14.612217 ,0.112792  ,7.994408  ,8.000000  ,0.007559  ,0.031316  
1.860000  ,14.612217 ,0.112792  ,7.994408  ,8.000000  ,0.007559  ,0.025217  
1.880000  ,14.772043 ,0.118357  ,7.997834  ,8.000000  ,0.008435  ,-0.013517 
1.880000  ,14.772043 ,0.118357  ,7.997834  ,8.000000  ,0.008435  ,-0.015718 
1.900000  ,14.931857 ,0.124060  ,7.993927  ,8.000000  ,0.009449  ,0.023516  
1.900000  ,14.931857 ,0.124060  ,7.993927  ,8.000000  ,0.009449  ,0.027663  
1.920000  ,15.091654 ,0.129959  ,7.996674  ,8.000000  ,0.010551  ,-0.008966 
1.920000  ,15.091654 ,0.129959  ,7.996674  ,8.000000  ,0.010551  ,-0.052843 
1.940000  ,15.251449 ,0.136120  ,7.994733  ,8.000000  ,0.011986  ,0.024478  
1.940000  ,15.251449 ,0.136120  ,7.994733  ,8.000000  ,0.011986  ,-0.010582 
1.960000  ,15.411239 ,0.142612  ,7.997494  ,8.000000  ,0.013165  ,0.011009  
1.960000  ,15.411239 ,0.142612  ,7.997494  ,8.000000  ,0.013165  ,0.014532  
1.980000  ,15.571053 ,0.149504  ,7.998749  ,8.000000  ,0.014227  ,-0.040424 
1.980000  ,15.571053 ,0.149504  ,7.998749  ,8.000000  ,0.014227  ,-0.003264 
2.000000  ,15.730717 ,0.156851  ,7.985265  ,8.000000  ,0.015102  ,0.019988  
2.000000  ,15.730717 ,0.156851  ,7.985265  ,8.000000  ,0.015102  ,0.014030  
2.020000  ,15.890262 ,0.164714  ,7.988488  ,8.000000  ,0.015723  ,-0.014711 
2.020000  ,15.890262 ,0.164714  ,7.988488  ,8.000000  ,0.015723  ,-0.006501 
2.040000  ,16.049797 ,0.173149  ,7.987387  ,8.000000  ,0.016219  ,-0.041914 
2.040000  ,16.049797 ,0.173149  ,7.987387  ,8.000000  ,0.016219  ,0.019013  
2.060000  ,16.209182 ,0.182197  ,7.977301  ,8.000000  ,0.016141  ,-0.002413 
2.060000  ,16.209182 ,0.182197  ,7.977301  ,8.000000  ,0.016141  ,0.029132  
2.080000  ,16.368461 ,0.191740  ,7.979184  ,8.000000  ,0.015743  ,0.006618  
2.080000  ,16.368461 ,0.191740  ,7.979184  ,8.000000  ,0.015743  ,-0.025262 
2.100000  ,16.527762 ,0.201652  ,7.981731  ,8.000000  ,0.015135  ,0.002197  
2.100000  ,16.527762 ,0.201652  ,7.981731  ,8.000000  ,0.015135  ,0.024875  
2.120000  ,16.687087 ,0.211900  ,7.983631  ,8.000000  ,0.014321  ,-0.014739 
2.120000  ,16.687087 ,0.211900  ,7.983631  ,8.000000  ,0.014321  ,0.007266  
2.140000  ,16.846415 ,0.222407  ,7.983783  ,8.000000  ,0.013300  ,-0.051340 
2.140000  ,16.846415 ,0.222407  ,7.983783  ,8.000000  ,0.013300  ,0.037972  
2.160000  ,17.005607 ,0.233064  ,7.971693  ,8.000000  ,0.012111  ,-0.022314 
2.160000  ,17.005607 ,0.233064  ,7.971693  ,8.000000  ,0.012111  ,-0.055674 
2.180000  ,17.164687 ,0.243764  ,7.972249  ,8.000000  ,0.010838  ,-0.013388 
2.180000  ,17.164687 ,0.243764  ,7.972249  ,8.000000  ,0.010838  ,0.008159  
2.200000  ,17.323790 ,0.254405  ,7.973583  ,8.000000  ,0.009546  ,0.038642  
2.200000  ,17.323790 ,0.254405  ,7.973583  ,8.000000  ,0.009546  ,-0.039067 
2.220000  ,17.482979 ,0.264884  ,7.979623  ,8.000000  ,0.008295  ,0.053509  
2.220000  ,17.482979 ,0.264884  ,7.979623  ,8.000000  ,0.008295  ,0.023769  
2.240000  ,17.642313 ,0.275104  ,7.986482  ,8.000000  ,0.006713  ,-0.007504 
2.240000  ,17.642313 ,0.275104  ,7.986482  ,8.000000  ,0.006713  ,-0.004985 
2.260000  ,17.801743 ,0.284971  ,7.987040  ,7.869557  ,0.005405  ,-0.003158 
2.260000  ,17.801743 ,0.284971  ,7.987040  ,7.869557  ,0.005405  ,0.008975  
2.280000  ,17.960769 ,0.294375  ,7.945512  ,7.721937  ,0.004175  ,-0.030165 
2.280000  ,17.960769 ,0.294375  ,7.945512  ,7.721937  ,0.004175  ,-0.054502 
2.300000  ,18.118514 ,0.303193  ,7.858169  ,7.574918  ,0.003051  ,0.077894  
2.300000  ,18.118514 ,0.303193  ,7.858169  ,7.574918  ,0.003051  ,-0.018790 
2.320000  ,18.274721 ,0.311338  ,7.787480  ,7.429107  ,0.002070  ,-0.015552 
2.320000  ,18.274721 ,0.311338  ,7.787480  ,7.429107  ,0.002070  ,0.004855  
2.340000  ,18.428939 ,0.318717  ,7.658766  ,7.429107  ,0.000301  ,0.071035  
2.340000  ,18.428939 ,0.318717  ,7.658766  ,7.429107  ,0.000301  ,-0.040719 
2.360000  ,18.581392 ,0.325428  ,7.604164  ,7.285159  ,0.000000  ,0.028980  
2.360000  ,18.581392 ,0.325428  ,7.604164  ,7.285159  ,0.000000  ,-0.046325 
2.380000  ,18.732299 ,0.331583  ,7.504331  ,7.143403  ,0.002286  ,0.025023  
2.380000  ,18.732299 ,0.331583  ,7.504331  ,7.143403  ,0.002286  ,-0.040215 
2.400000  ,18.881064 ,0.337147  ,7.388704  ,7.004953  ,0.003814  ,-0.006218 
2.400000  ,18.881064 ,0.337147  ,7.388704  ,7.004953  ,0.003814  ,0.021739  
2.420000  ,19.027340 ,0.342132  ,7.254467  ,7.004953  ,0.006529  ,-0.058165 
2.420000  ,19.027340 ,0.342132  ,7.254467  ,7.004953  ,0.006529  ,0.007373  
2.440000  ,19.171246 ,0.346573  ,7.148557  ,6.870560  ,0.000000  ,0.046680  
2.440000  ,19.171246 ,0.346573  ,7.148557  ,6.870560  ,0.000000  ,-0.037971 
2.460000  ,19.313329 ,0.350347  ,7.068932  ,6.740459  ,0.010895  ,0.005938  
2.460000  ,19.313329 ,0.350347  ,7.068932  ,6.740459  ,0.010895  ,0.028862  
2.480000  ,19.453507 ,0.353344  ,6.957908  ,6.740459  ,0.013575  ,-0.007057 
2.480000  ,19.453507 ,0.353344  ,6.957908  ,6.740459  ,0.013575  ,0.008563  
2.500000  ,19.591833 ,0.355601  ,6.880627  ,6.616110  ,0.015624  ,0.037035  
2.500000  ,19.591833 ,0.355601  ,6.880627  ,6.616110  ,0.015624  ,-0.022505 
2.520000  ,19.728613 ,0.357120  ,6.802322  ,6.497441  ,0.017374  ,-0.002191 
2.520000  ,19.728613 ,0.357120  ,6.802322  ,6.497441  ,0.017374  ,0.060891  
2.540000  ,19.863544 ,0.357881  ,6.696621  ,6.497441  ,0.019229  ,0.052055  
2.540000  ,19.863544 ,0.357881  ,6.696621  ,6.497441  ,0.019229  ,0.021852  
2.560000  ,19.996944 ,0.357842  ,6.645977  ,6.384636  ,0.020383  ,-0.074319 
2.560000  ,19.996944 ,0.357842  ,6.645977  ,6.384636  ,0.020383  ,0.038920  
2.580000  ,20.128644 ,0.356970  ,6.530435  ,6.278601  ,0.020906  ,0.040010  
2.580000  ,20.128644 ,0.356970  ,6.530435  ,6.278601  ,0.020906  ,-0.071406 
2.600000  ,20.258473 ,0.355227  ,6.457520  ,6.278601  ,0.021715  ,0.076283  
2.600000  ,20.258473 ,0.355227  ,6.457520  ,6.278601  ,0.021715  ,0.030795  
2.620000  ,20.387223 ,0.352547  ,6.422190  ,6.178669  ,0.021708  ,0.067345  
2.620000  ,20.387223 ,0.352547  ,6.422190  ,6.178669  ,0.021708  ,0.034713  
2.640000  ,20.514976 ,0.348900  ,6.361546  ,6.085057  ,0.020984  ,0.045800  
2.640000  ,20.514976 ,0.348900  ,6.361546  ,6.085057  ,0.020984  ,-0.041325 
2.660000  ,20.641287 ,0.344294  ,6.282137  ,6.085057  ,0.022136  ,-0.024791 
2.660000  ,20.641287 ,0.344294  ,6.282137  ,6.085057  ,0.022136  ,0.000612  
2.680000  ,20.766002 ,0.338728  ,6.205764  ,5.997170  ,0.022092  ,0.004440  
2.680000  ,20.766002 ,0.338728  ,6.205764  ,5.997170  ,0.022092  ,-0.040141 
2.700000  ,20.889202 ,0.332158  ,6.135489  ,5.914191  ,0.021498  ,-0.016303 
2.700000  ,20.889202 ,0.332158  ,6.135489  ,5.914191  ,0.021498  ,0.018834  
2.720000  ,21.010796 ,0.324291  ,6.053701  ,5.914191  ,0.024880  ,0.073899  
2.720000  ,21.010796 ,0.324291  ,6.053701  ,5.914191  ,0.024880  ,-0.096658 
2.740000  ,21.131264 ,0.314884  ,6.031117  ,5.836136  ,0.025309  ,-0.020412 
2.740000  ,21.131264 ,0.314884  ,6.031117  ,5.836136  ,0.025309  ,-0.054278 
2.760000  ,21.250601 ,0.303900  ,5.956973  ,5.836136  ,0.029035  ,-0.007927 
2.760000  ,21.250601 ,0.303900  ,5.956973  ,5.836136  ,0.029035  ,0.037470  
2.780000  ,21.368595 ,0.291242  ,5.912650  ,5.762905  ,0.030736  ,0.008293  
2.780000  ,21.368595 ,0.291242  ,5.912650  ,5.762905  ,0.030736  ,0.049851  
2.800000  ,21.485418 ,0.276586  ,5.863959  ,5.695150  ,0.031186  ,0.032672  
2.800000  ,21.485418 ,0.276586  ,5.863959  ,5.695150  ,0.031186  ,0.005506  
2.820000  ,21.600957 ,0.259578  ,5.817097  ,5.695150  ,0.036941  ,0.021968  
2.820000  ,21.600957 ,0.259578  ,5.817097  ,5.695150  ,0.036941  ,0.035963  
2.840000  ,21.715317 ,0.240280  ,5.782682  ,5.633166  ,0.037845  ,0.000826  
2.840000  ,21.715317 ,0.240280  ,5.782682  ,5.633166  ,0.037845  ,-0.001469 
2.860000  ,21.828318 ,0.218336  ,5.731499  ,5.633166  ,0.042951  ,0.023216  
2.860000  ,21.828318 ,0.218336  ,5.731499  ,5.633166  ,0.042951  ,-0.002203 
2.880000  ,21.940016 ,0.193830  ,5.705642  ,5.577739  ,0.043957  ,-0.039290 
2.880000  ,21.940016 ,0.193830  ,5.705642  ,5.577739  ,0.043957  ,0.053797  
2.900000  ,22.050230 ,0.166699  ,5.648090  ,5.577739  ,0.048262  ,0.001772  
2.900000  ,22.050230 ,0.166699  ,5.648090  ,5.577739  ,0.048262  ,0.010174  
2.920000  ,22.158914 ,0.136845  ,5.624483  ,5.528553  ,0.049209  ,0.070849  
2.920000  ,22.158914 ,0.136845  ,5.624483  ,5.528553  ,0.049209  ,0.020366  
2.940000  ,22.266478 ,0.104246  ,5.615850  ,5.486324  ,0.048108  ,-0.048916 
2.940000  ,22.266478 ,0.104246  ,5.615850  ,5.486324  ,0.048108  ,0.043660  
2.960000  ,22.372454 ,0.069050  ,5.554426  ,5.486324  ,0.053598  ,0.032641  
2.960000  ,22.372454 ,0.069050  ,5.554426  ,5.486324  ,0.053598  ,0.020623  
2.980000  ,22.476798 ,0.031317  ,5.542219  ,5.451286  ,0.052558  ,-0.013883 
2.980000  ,22.476798 ,0.031317  ,5.542219  ,5.451286  ,0.052558  ,0.004812  
3.000000  ,22.579654 ,-0.008961 ,5.506139  ,5.451286  ,0.057326  ,-0.033452 
3.000000  ,22.579654 ,-0.008961 ,5.506139  ,5.451286  ,0.057326  ,-0.020603 
3.020000  ,22.680767 ,-0.051762 ,5.475743  ,5.423121  ,0.056247  ,0.021460  
3.020000  ,22.680767 ,-0.051762 ,5.475743  ,5.423121  ,0.056247  ,0.067493  
3.040000  ,22.780331 ,-0.097096 ,5.465016  ,5.423121  ,0.060165  ,0.048979  
3.040000  ,22.780331 ,-0.097096 ,5.465016  ,5.423121  ,0.060165  ,-0.004634 
3.060000  ,22.878574 ,-0.145009 ,5.465673  ,5.402670  ,0.059165  ,0.063975  
3.060000  ,22.878574 ,-0.145009 ,5.465673  ,5.402670  ,0.059165  ,-0.058869 
3.080000  ,22.975551 ,-0.195450 ,5.465764  ,5.402670  ,0.062343  ,-0.041951 
3.080000  ,22.975551 ,-0.195450 ,5.465764  ,5.402670  ,0.062343  ,-0.056316 
3.100000  ,23.070895 ,-0.248135 ,5.429605  ,5.389445  ,0.061585  ,-0.004178 
3.100000  ,23.070895 ,-0.248135 ,5.429605  ,5.389445  ,0.061585  ,-0.029222 
3.120000  ,23.164463 ,-0.302924 ,5.414343  ,5.389445  ,0.063982  ,-0.016712 
3.120000  ,23.164463 ,-0.302924 ,5.414343  ,5.389445  ,0.063982  ,0.068991  
3.140000  ,23.256396 ,-0.359855 ,5.400020  ,5.382288  ,0.063138  ,0.035503  
3.140000  ,23.256396 ,-0.359855 ,5.400020  ,5.382288  ,0.063138  ,-0.066297 
3.160000  ,23.346805 ,-0.418959 ,5.401670  ,5.382288  ,0.064254  ,0.019728  
3.160000  ,23.346805 ,-0.418959 ,5.401670  ,5.382288  ,0.064254  ,0.009566  
3.180000  ,23.435773 ,-0.480240 ,5.401702  ,5.379756  ,0.062732  ,-0.039005 
3.180000  ,23.435773 ,-0.480240 ,5.401702  ,5.379756  ,0.062732  ,-0.025725 
3.200000  ,23.523178 ,-0.543357 ,5.380721  ,5.379607  ,0.059710  ,0.034908  
3.200000  ,23.523178 ,-0.543357 ,5.380721  ,5.379607  ,0.059710  ,0.008294  
3.220000  ,23.609132 ,-0.608157 ,5.383859  ,5.379607  ,0.059284  ,-0.070729 
3.220000  ,23.609132 ,-0.608157 ,5.383859  ,5.379607  ,0.059284  ,0.005371  
3.240000  ,23.693587 ,-0.674513 ,5.358049  ,5.379607  ,0.054106  ,0.038527  
3.240000  ,23.693587 ,-0.674513 ,5.358049  ,5.379607  ,0.054106  ,-0.044838 
3.260000  ,23.776601 ,-0.742365 ,5.363627  ,5.379607  ,0.053044  ,0.085650  
3.260000  ,23.776601 ,-0.742365 ,5.363627  ,5.379607  ,0.053044  ,-0.037279 
3.280000  ,23.858366 ,-0.811949 ,5.373062  ,5.379607  ,0.046431  ,-0.013574 
3.280000  ,23.858366 ,-0.811949 ,5.373062  ,5.379607  ,0.046431  ,0.067968  
3.300000  ,23.938754 ,-0.883222 ,5.370643  ,5.379607  ,0.046735  ,-0.011442 
3.300000  ,23.938754 ,-0.883222 ,5.370643  ,5.379607  ,0.046735  ,-0.024836 
3.320000  ,24.017680 ,-0.956063 ,5.369790  ,5.381810  ,0.041402  ,0.083672  
3.320000  ,24.017680 ,-0.956063 ,5.369790  ,5.381810  ,0.041402  ,-0.001362 
3.340000  ,24.095035 ,-1.030688 ,5.378674  ,5.381810  ,0.044293  ,0.049480  
3.340000  ,24.095035 ,-1.030688 ,5.378674  ,5.381810  ,0.044293  ,0.022139  
3.360000  ,24.170687 ,-1.107232 ,5.383559  ,5.388621  ,0.041818  ,-0.048062 
3.360000  ,24.170687 ,-1.107232 ,5.383559  ,5.388621  ,0.041818  ,-0.052492 
3.380000  ,24.244263 ,-1.185624 ,5.368757  ,5.388621  ,0.046716  ,0.015543  
3.380000  ,24.244263 ,-1.185624 ,5.368757  ,5.388621  ,0.046716  ,0.048134  
3.400000  ,24.315604 ,-1.265913 ,5.372044  ,5.401600  ,0.046885  ,0.047031  
3.400000  ,24.315604 ,-1.265913 ,5.372044  ,5.401600  ,0.046885  ,0.085186  
3.420000  ,24.384506 ,-1.348439 ,5.379154  ,5.401600  ,0.052730  ,0.022925  
3.420000  ,24.384506 ,-1.348439 ,5.379154  ,5.401600  ,0.052730  ,-0.037401 
3.440000  ,24.450936 ,-1.433111 ,5.383367  ,5.422756  ,0.054265  ,-0.005134 
3.440000  ,24.450936 ,-1.433111 ,5.383367  ,5.422756  ,0.054265  ,-0.035079 
3.460000  ,24.514501 ,-1.520045 ,5.386547  ,5.422756  ,0.060156  ,0.048556  
3.460000  ,24.514501 ,-1.520045 ,5.386547  ,5.422756  ,0.060156  ,-0.019150 
3.480000  ,24.575189 ,-1.609146 ,5.394416  ,5.453223  ,0.062076  ,0.002780  
3.480000  ,24.575189 ,-1.609146 ,5.394416  ,5.453223  ,0.062076  ,-0.083102 
3.500000  ,24.632651 ,-1.700520 ,5.400134  ,5.493834  ,0.061275  ,-0.046273 
3.500000  ,24.632651 ,-1.700520 ,5.400134  ,5.493834  ,0.061275  ,0.013705  
3.520000  ,24.686892 ,-1.793959 ,5.404537  ,5.493834  ,0.068564  ,0.028137  
3.520000  ,24.686892 ,-1.793959 ,5.404537  ,5.493834  ,0.068564  ,-0.038275 
3.540000  ,24.737936 ,-1.889358 ,5.415440  ,5.547668  ,0.067329  ,-0.038861 
3.540000  ,24.737936 ,-1.889358 ,5.415440  ,5.547668  ,0.067329  ,-0.036161 
3.560000  ,24.785823 ,-1.986597 ,5.424108  ,5.547668  ,0.072987  ,0.021487  
3.560000  ,24.785823 ,-1.986597 ,5.424108  ,5.547668  ,0.072987  ,-0.024715 
3.580000  ,24.830516 ,-2.085590 ,5.437574  ,5.615412  ,0.071371  ,-0.003176 
3.580000  ,24.830516 ,-2.085590 ,5.437574  ,5.615412  ,0.071371  ,-0.029959 
3.600000  ,24.872065 ,-2.186264 ,5.453789  ,5.615412  ,0.075034  ,0.004233  
3.600000  ,24.872065 ,-2.186264 ,5.453789  ,5.615412  ,0.075034  ,0.099615  
3.620000  ,24.910737 ,-2.288417 ,5.469187  ,5.699589  ,0.072897  ,-0.036137 
3.620000  ,24.910737 ,-2.288417 ,5.469187  ,5.699589  ,0.072897  ,0.011578  
3.640000  ,24.946619 ,-2.391937 ,5.487222  ,5.699589  ,0.074794  ,0.012525  
3.640000  ,24.946619 ,-2.391937 ,5.487222  ,5.699589  ,0.074794  ,-0.011981 
3.660000  ,24.979966 ,-2.496712 ,5.508101  ,5.800630  ,0.072361  ,0.028281  
3.660000  ,24.979966 ,-2.496712 ,5.508101  ,5.800630  ,0.072361  ,0.067898  
3.680000  ,25.011067 ,-2.602704 ,5.537885  ,5.800630  ,0.072644  ,-0.018967 
3.680000  ,25.011067 ,-2.602704 ,5.537885  ,5.800630  ,0.072644  ,-0.001496 
3.700000  ,25.040078 ,-2.709831 ,5.560517  ,5.919963  ,0.069944  ,0.039410  
3.700000  ,25.040078 ,-2.709831 ,5.560517  ,5.919963  ,0.069944  ,0.001281  
3.720000  ,25.067205 ,-2.818067 ,5.597546  ,5.919963  ,0.068517  ,-0.024740 
3.720000  ,25.067205 ,-2.818067 ,5.597546  ,5.919963  ,0.068517  ,0.002068  
3.740000  ,25.092859 ,-2.927325 ,5.625182  ,6.057238  ,0.065347  ,0.036170  
3.740000  ,25.092859 ,-2.927325 ,5.625182  ,6.057238  ,0.065347  ,-0.054574 
3.760000  ,25.117384 ,-3.037573 ,5.668652  ,6.215569  ,0.062134  ,0.023077  
3.760000  ,25.117384 ,-3.037573 ,5.668652  ,6.215569  ,0.062134  ,0.008782  
3.780000  ,25.141159 ,-3.148973 ,5.721570  ,6.215569  ,0.058823  ,0.047657  
3.780000  ,25.141159 ,-3.148973 ,5.721570  ,6.215569  ,0.058823  ,0.015355  
3.800000  ,25.164414 ,-3.261536 ,5.771856  ,6.393359  ,0.055113  ,-0.017756 
3.800000  ,25.164414 ,-3.261536 ,5.771856  ,6.393359  ,0.055113  ,0.060808  
3.820000  ,25.187377 ,-3.375245 ,5.827908  ,6.393359  ,0.049769  ,-0.002113 
3.820000  ,25.187377 ,-3.375245 ,5.827908  ,6.393359  ,0.049769  ,0.004030  
3.840000  ,25.210276 ,-3.490072 ,5.880207  ,6.594156  ,0.044584  ,0.019127  
3.840000  ,25.210276 ,-3.490072 ,5.880207  ,6.594156  ,0.044584  ,-0.016823 
3.860000  ,25.233671 ,-3.606028 ,5.948265  ,6.594156  ,0.037212  ,0.050476  
3.860000  ,25.233671 ,-3.606028 ,5.948265  ,6.594156  ,0.037212  ,0.057133  
3.880000  ,25.257788 ,-3.723191 ,6.012915  ,6.777306  ,0.030047  ,-0.026853 
3.880000  ,25.257788 ,-3.723191 ,6.012915  ,6.777306  ,0.030047  ,-0.015320 
3.900000  ,25.282853 ,-3.841517 ,6.081388  ,6.735976  ,0.023001  ,-0.095843 
3.900000  ,25.282853 ,-3.841517 ,6.081388  ,6.735976  ,0.023001  ,-0.028175 
3.920000  ,25.309526 ,-3.960721 ,6.133261  ,6.735976  ,0.010720  ,0.011223  
3.920000  ,25.309526 ,-3.960721 ,6.133261  ,6.735976  ,0.010720  ,0.022540  
3.940000  ,25.338036 ,-4.080619 ,6.190259  ,6.634749  ,0.001077  ,0.030142  
3.940000  ,25.338036 ,-4.080619 ,6.190259  ,6.634749  ,0.001077  ,-0.023312 
3.960000  ,25.368636 ,-4.201042 ,6.234323  ,6.634749  ,0.013021  ,0.083478  
3.960000  ,25.368636 ,-4.201042 ,6.234323  ,6.634749  ,0.013021  ,0.013450  
3.980000  ,25.401700 ,-4.321734 ,6.279248  ,6.553157  ,0.025887  ,0.020257  
3.980000  ,25.401700 ,-4.321734 ,6.279248  ,6.553157  ,0.025887  ,0.046596  
4.000000  ,25.437480 ,-4.442399 ,6.306558  ,6.489537  ,0.038334  ,-0.086000 
4.000000  ,25.437480 ,-4.442399 ,6.306558  ,6.489537  ,0.038334  ,-0.068851 
4.020000  ,25.476533 ,-4.562423 ,6.315562  ,6.489537  ,0.056984  ,-0.029356 
4.020000  ,25.476533 ,-4.562423 ,6.315562  ,6.489537  ,0.056984  ,-0.008516 
4.040000  ,25.519124 ,-4.681477 ,6.328988  ,6.441452  ,0.071669  ,0.030806  
4.040000  ,25.519124 ,-4.681477 ,6.328988  ,6.441452  ,0.071669  ,0.015700  
4.060000  ,25.565583 ,-4.799360 ,6.342289  ,6.407007  ,0.085656  ,0.037096  
4.060000  ,25.565583 ,-4.799360 ,6.342289  ,6.407007  ,0.085656  ,-0.017568 
4.080000  ,25.616188 ,-4.915772 ,6.351741  ,6.407007  ,0.104505  ,-0.065529 
4.080000  ,25.616188 ,-4.915772 ,6.351741  ,6.407007  ,0.104505  ,0.005871  
4.100000  ,25.671007 ,-5.030321 ,6.348208  ,6.384449  ,0.117602  ,0.020031  
4.100000  ,25.671007 ,-5.030321 ,6.348208  ,6.384449  ,0.117602  ,-0.017411 
4.120000  ,25.730244 ,-5.142669 ,6.353433  ,6.384449  ,0.131012  ,-0.061602 
4.120000  ,25.730244 ,-5.142669 ,6.353433  ,6.384449  ,0.131012  ,-0.059226 
4.140000  ,25.793992 ,-5.252452 ,6.342904  ,6.371364  ,0.139568  ,0.098594  
4.140000  ,25.793992 ,-5.252452 ,6.342904  ,6.371364  ,0.139568  ,-0.029793 
4.160000  ,25.862047 ,-5.359642 ,6.354700  ,6.365250  ,0.144421  ,-0.055418 
4.160000  ,25.862047 ,-5.359642 ,6.354700  ,6.365250  ,0.144421  ,-0.068854 
4.180000  ,25.934247 ,-5.464029 ,6.339255  ,6.365250  ,0.148786  ,-0.027517 
4.180000  ,25.934247 ,-5.464029 ,6.339255  ,6.365250  ,0.148786  ,-0.019277 
4.200000  ,26.010450 ,-5.565342 ,6.338731  ,6.363490  ,0.147752  ,0.029556  
4.200000  ,26.010450 ,-5.565342 ,6.338731  ,6.363490  ,0.147752  ,-0.039335 
4.220000  ,26.090327 ,-5.663844 ,6.343774  ,6.363490  ,0.143139  ,0.019112  
4.220000  ,26.090327 ,-5.663844 ,6.343774  ,6.363490  ,0.143139  ,-0.057372 
4.240000  ,26.173587 ,-5.759619 ,6.347378  ,6.363490  ,0.140692  ,0.007302  
4.240000  ,26.173587 ,-5.759619 ,6.347378  ,6.363490  ,0.140692  ,-0.008816 
4.260000  ,26.259936 ,-5.852700 ,6.349552  ,6.363490  ,0.132864  ,-0.056625 
4.260000  ,26.259936 ,-5.852700 ,6.349552  ,6.363490  ,0.132864  ,-0.006099 
4.280000  ,26.348764 ,-5.943232 ,6.334858  ,6.363490  ,0.126798  ,-0.020464 
4.280000  ,26.348764 ,-5.943232 ,6.334858  ,6.363490  ,0.126798  ,0.021019  
4.300000  ,26.439774 ,-6.031382 ,6.335616  ,6.363881  ,0.117806  ,0.058235  
4.300000  ,26.439774 ,-6.031382 ,6.335616  ,6.363881  ,0.117806  ,0.080860  
4.320000  ,26.532846 ,-6.117485 ,6.343647  ,6.366206  ,0.107470  ,0.013700  
4.320000  ,26.532846 ,-6.117485 ,6.343647  ,6.366206  ,0.107470  ,-0.050045 
4.340000  ,26.627719 ,-6.201769 ,6.347013  ,6.366206  ,0.101114  ,-0.017697 
4.340000  ,26.627719 ,-6.201769 ,6.347013  ,6.366206  ,0.101114  ,-0.037659 
4.360000  ,26.724083 ,-6.284400 ,6.347152  ,6.371488  ,0.091891  ,-0.008413 
4.360000  ,26.724083 ,-6.284400 ,6.347152  ,6.371488  ,0.091891  ,-0.129177 
4.380000  ,26.821704 ,-6.365568 ,6.348630  ,6.380456  ,0.082440  ,-0.004058 
4.380000  ,26.821704 ,-6.365568 ,6.348630  ,6.380456  ,0.082440  ,-0.047196 
4.400000  ,26.920416 ,-6.445470 ,6.351208  ,6.380456  ,0.078745  ,-0.031736 
4.400000  ,26.920416 ,-6.445470 ,6.351208  ,6.380456  ,0.078745  ,0.067978  
4.420000  ,27.020063 ,-6.524230 ,6.350352  ,6.393683  ,0.072094  ,0.074371  
4.420000  ,27.020063 ,-6.524230 ,6.350352  ,6.393683  ,0.072094  ,-0.012779 
4.440000  ,27.120744 ,-6.601832 ,6.361279  ,6.393683  ,0.069620  ,0.039664  
4.440000  ,27.120744 ,-6.601832 ,6.361279  ,6.393683  ,0.069620  ,-0.005383 
4.460000  ,27.222439 ,-6.678393 ,6.367970  ,6.411648  ,0.065955  ,-0.074501 
4.460000  ,27.222439 ,-6.678393 ,6.367970  ,6.411648  ,0.065955  ,0.069088  
4.480000  ,27.325018 ,-6.753687 ,6.357360  ,6.434776  ,0.062508  ,-0.031315 
4.480000  ,27.325018 ,-6.753687 ,6.357360  ,6.434776  ,0.062508  ,0.025836  
4.500000  ,27.428542 ,-6.827579 ,6.361640  ,6.434776  ,0.063790  ,-0.022620 
4.500000  ,27.428542 ,-6.827579 ,6.361640  ,6.434776  ,0.063790  ,0.026056  
4.520000  ,27.533145 ,-6.900093 ,6.366330  ,6.463448  ,0.062838  ,0.037356  
4.520000  ,27.533145 ,-6.900093 ,6.366330  ,6.463448  ,0.062838  ,-0.001072 
4.540000  ,27.638948 ,-6.971153 ,6.378814  ,6.497923  ,0.061790  ,-0.014285 
4.540000  ,27.638948 ,-6.971153 ,6.378814  ,6.497923  ,0.061790  ,-0.048584 
4.560000  ,27.746161 ,-7.040477 ,6.388546  ,6.497923  ,0.065477  ,-0.045689 
4.560000  ,27.746161 ,-7.040477 ,6.388546  ,6.497923  ,0.065477  ,-0.049021 
4.580000  ,27.854652 ,-7.108078 ,6.394459  ,6.538706  ,0.065902  ,0.006082  
4.580000  ,27.854652 ,-7.108078 ,6.394459  ,6.538706  ,0.065902  ,0.064273  
4.600000  ,27.964497 ,-7.173847 ,6.408415  ,6.538706  ,0.069168  ,0.035370  
4.600000  ,27.964497 ,-7.173847 ,6.408415  ,6.538706  ,0.069168  ,-0.020341 
4.620000  ,28.075802 ,-7.237704 ,6.423795  ,6.586587  ,0.070593  ,-0.076448 
4.620000  ,28.075802 ,-7.237704 ,6.423795  ,6.586587  ,0.070593  ,0.084723  
4.640000  ,28.188523 ,-7.299512 ,6.431811  ,6.642814  ,0.071276  ,-0.010071 
4.640000  ,28.188523 ,-7.299512 ,6.431811  ,6.642814  ,0.071276  ,-0.002091 
4.660000  ,28.302684 ,-7.359200 ,6.450465  ,6.642814  ,0.074594  ,0.079332  
4.660000  ,28.302684 ,-7.359200 ,6.450465  ,6.642814  ,0.074594  ,0.055919  
4.680000  ,28.418416 ,-7.416775 ,6.475688  ,6.708915  ,0.075342  ,-0.023109 
4.680000  ,28.418416 ,-7.416775 ,6.475688  ,6.708915  ,0.075342  ,0.074085  
4.700000  ,28.535629 ,-7.472325 ,6.495195  ,6.786509  ,0.075303  ,-0.035653 
4.700000  ,28.535629 ,-7.472325 ,6.495195  ,6.786509  ,0.075303  ,-0.013915 
4.720000  ,28.654210 ,-7.525948 ,6.518930  ,6.786509  ,0.077639  ,0.046174  
4.720000  ,28.654210 ,-7.525948 ,6.518930  ,6.786509  ,0.077639  ,0.001596  
4.740000  ,28.774196 ,-7.577703 ,6.548059  ,6.877161  ,0.077457  ,0.048214  
4.740000  ,28.774196 ,-7.577703 ,6.548059  ,6.877161  ,0.077457  ,-0.059744 
4.760000  ,28.895625 ,-7.627686 ,6.583088  ,6.982184  ,0.076605  ,0.067975  
4.760000  ,28.895625 ,-7.627686 ,6.583088  ,6.982184  ,0.076605  ,-0.023929 
4.780000  ,29.018561 ,-7.676029 ,6.626451  ,6.982184  ,0.077229  ,0.014397  
4.780000  ,29.018561 ,-7.676029 ,6.626451  ,6.982184  ,0.077229  ,-0.027808 
4.800000  ,29.142919 ,-7.722838 ,6.660813  ,7.102964  ,0.075675  ,0.016607  
4.800000  ,29.142919 ,-7.722838 ,6.660813  ,7.102964  ,0.075675  ,-0.031298 
4.820000  ,29.268550 ,-7.768426 ,6.703404  ,7.240692  ,0.073730  ,0.067097  
4.820000  ,29.268550 ,-7.768426 ,6.703404  ,7.240692  ,0.073730  ,-0.003261 
4.840000  ,29.395595 ,-7.812995 ,6.759514  ,7.240692  ,0.072204  ,-0.053962 
4.840000  ,29.395595 ,-7.812995 ,6.759514  ,7.240692  ,0.072204  ,-0.003054 
4.860000  ,29.523959 ,-7.856672 ,6.799177  ,7.115571  ,0.069325  ,-0.031259 
4.860000  ,29.523959 ,-7.856672 ,6.799177  ,7.115571  ,0.069325  ,0.086054  
4.880000  ,29.653304 ,-7.899501 ,6.825648  ,6.939138  ,0.065971  ,-0.032903 
4.880000  ,29.653304 ,-7.899501 ,6.825648  ,6.939138  ,0.065971  ,0.080321  
4.900000  ,29.783226 ,-7.941650 ,6.833130  ,6.939138  ,0.061657  ,-0.049596 
4.900000  ,29.783226 ,-7.941650 ,6.833130  ,6.939138  ,0.061657  ,0.021544  
4.920000  ,29.913439 ,-7.983313 ,6.838367  ,6.780285  ,0.056819  ,0.021236  
4.920000  ,29.913439 ,-7.983313 ,6.838367  ,6.780285  ,0.056819  ,0.026201  
4.940000  ,30.043700 ,-8.024555 ,6.825684  ,6.638045  ,0.051509  ,0.057872  
4.940000  ,30.043700 ,-8.024555 ,6.825684  ,6.638045  ,0.051509  ,-0.021418 
4.960000  ,30.173471 ,-8.065386 ,6.781015  ,6.638045  ,0.043908  ,0.035084  
4.960000  ,30.173471 ,-8.065386 ,6.781015  ,6.638045  ,0.043908  ,-0.130430 
4.980000  ,30.302415 ,-8.106135 ,6.743878  ,6.511689  ,0.036487  ,0.032479  
4.980000  ,30.302415 ,-8.106135 ,6.743878  ,6.511689  ,0.036487  ,0.012217  
5.000000  ,30.430174 ,-8.147060 ,6.675133  ,6.400294  ,0.028934  ,-0.034506 
5.000000  ,30.430174 ,-8.147060 ,6.675133  ,6.400294  ,0.028934  ,-0.016591 
5.020000  ,30.555960 ,-8.188325 ,6.568649  ,6.400294  ,0.018555  ,0.049588  
5.020000  ,30.555960 ,-8.188325 ,6.568649  ,6.400294  ,0.018555  ,-0.044484 
5.040000  ,30.679923 ,-8.230504 ,6.527766  ,6.302900  ,0.000000  ,0.017694  
5.040000  ,30.679923 ,-8.230504 ,6.527766  ,6.302900  ,0.000000  ,0.057836  
5.060000  ,30.802312 ,-8.273744 ,6.456452  ,6.218635  ,0.001372  ,0.029582  
5.060000  ,30.802312 ,-8.273744 ,6.456452  ,6.218635  ,0.001372  ,0.006506  
5.080000  ,30.922635 ,-8.318488 ,6.384773  ,6.218635  ,0.010622  ,0.040253  
5.080000  ,30.922635 ,-8.318488 ,6.384773  ,6.218635  ,0.010622  ,-0.099147 
5.100000  ,31.041091 ,-8.364939 ,6.341440  ,6.146544  ,0.019713  ,0.020057  
5.100000  ,31.041091 ,-8.364939 ,6.341440  ,6.146544  ,0.019713  ,-0.068667 
5.120000  ,31.157497 ,-8.413663 ,6.281256  ,6.085741  ,0.027268  ,-0.044621 
5.120000  ,31.157497 ,-8.413663 ,6.281256  ,6.085741  ,0.027268  ,0.069316  
5.140000  ,31.271315 ,-8.464736 ,6.198595  ,6.085741  ,0.039603  ,0.026160  
5.140000  ,31.271315 ,-8.464736 ,6.198595  ,6.085741  ,0.039603  ,0.029233  
5.160000  ,31.382751 ,-8.518328 ,6.168753  ,6.035214  ,0.046798  ,0.049384  
5.160000  ,31.382751 ,-8.518328 ,6.168753  ,6.035214  ,0.046798  ,-0.056498 
5.180000  ,31.491953 ,-8.575074 ,6.139785  ,6.035214  ,0.056702  ,0.021439  
5.180000  ,31.491953 ,-8.575074 ,6.139785  ,6.035214  ,0.056702  ,0.026258  
5.200000  ,31.598858 ,-8.634864 ,6.111169  ,5.994077  ,0.062706  ,0.016192  
5.200000  ,31.598858 ,-8.634864 ,6.111169  ,5.994077  ,0.062706  ,0.035133  
5.220000  ,31.703270 ,-8.697682 ,6.076437  ,5.961391  ,0.066398  ,-0.010636 
5.220000  ,31.703270 ,-8.697682 ,6.076437  ,5.961391  ,0.066398  ,0.075595  
5.240000  ,31.804936 ,-8.763421 ,6.033174  ,5.961391  ,0.074413  ,-0.037338 
5.240000  ,31.804936 ,-8.763421 ,6.033174  ,5.961391  ,0.074413  ,0.001598  
5.260000  ,31.903725 ,-8.832005 ,5.995612  ,5.936095  ,0.076559  ,-0.029243 
5.260000  ,31.903725 ,-8.832005 ,5.995612  ,5.936095  ,0.076559  ,-0.033060 
5.280000  ,31.999741 ,-8.903291 ,5.965059  ,5.936095  ,0.081661  ,0.001715  
5.280000  ,31.999741 ,-8.903291 ,5.965059  ,5.936095  ,0.081661  ,0.021350  
5.300000  ,32.093231 ,-8.977236 ,5.955679  ,5.917304  ,0.082692  ,0.002138  
5.300000  ,32.093231 ,-8.977236 ,5.955679  ,5.917304  ,0.082692  ,0.046553  
5.320000  ,32.184312 ,-9.053787 ,5.943206  ,5.903988  ,0.081628  ,-0.012535 
5.320000  ,32.184312 ,-9.053787 ,5.943206  ,5.903988  ,0.081628  ,-0.026292 
5.340000  ,32.272959 ,-9.132686 ,5.925391  ,5.903988  ,0.085936  ,-0.054329 
5.340000  ,32.272959 ,-9.132686 ,5.925391  ,5.903988  ,0.085936  ,-0.025499 
5.360000  ,32.359025 ,-9.213746 ,5.899322  ,5.895081  ,0.084406  ,-0.073354 
5.360000  ,32.359025 ,-9.213746 ,5.899322  ,5.895081  ,0.084406  ,0.015382  
5.380000  ,32.442406 ,-9.296820 ,5.872612  ,5.895081  ,0.086852  ,-0.043581 
5.380000  ,32.442406 ,-9.296820 ,5.872612  ,5.895081  ,0.086852  ,-0.020333 
5.400000  ,32.523270 ,-9.381891 ,5.865345  ,5.889684  ,0.084909  ,0.075670  
5.400000  ,32.523270 ,-9.381891 ,5.865345  ,5.889684  ,0.084909  ,0.003302  
5.420000  ,32.601873 ,-9.469091 ,5.874629  ,5.889684  ,0.085789  ,-0.027393 
5.420000  ,32.601873 ,-9.469091 ,5.874629  ,5.889684  ,0.085789  ,0.014110  
5.440000  ,32.678242 ,-9.558316 ,5.870382  ,5.886853  ,0.083742  ,0.014476  
5.440000  ,32.678242 ,-9.558316 ,5.870382  ,5.886853  ,0.083742  ,-0.083422 
5.460000  ,32.752349 ,-9.649413 ,5.873255  ,5.885702  ,0.080037  ,-0.008239 
5.460000  ,32.752349 ,-9.649413 ,5.873255  ,5.885702  ,0.080037  ,0.012854  
5.480000  ,32.824231 ,-9.742318 ,5.873646  ,5.885702  ,0.081471  ,0.026974  
5.480000  ,32.824231 ,-9.742318 ,5.873646  ,5.885702  ,0.081471  ,0.084395  
5.500000  ,32.893898 ,-9.836945 ,5.877269  ,5.885472  ,0.078046  ,0.030288  
5.500000  ,32.893898 ,-9.836945 ,5.877269  ,5.885472  ,0.078046  ,0.031266  
5.520000  ,32.961370 ,-9.933239 ,5.880843  ,5.885472  ,0.078548  ,-0.049184 
5.520000  ,32.961370 ,-9.933239 ,5.880843  ,5.885472  ,0.078548  ,-0.007184 
5.540000  ,33.026532 ,-10.030957,5.865506  ,5.885472  ,0.075567  ,0.066397  
5.540000  ,33.026532 ,-10.030957,5.865506  ,5.885472  ,0.075567  ,0.010506  
5.560000  ,33.089406 ,-10.130088,5.873524  ,5.885472  ,0.075271  ,-0.009639 
5.560000  ,33.089406 ,-10.130088,5.873524  ,5.885472  ,0.075271  ,-0.059841 
5.580000  ,33.150055 ,-10.230692,5.873738  ,5.885472  ,0.072769  ,0.050711  
5.580000  ,33.150055 ,-10.230692,5.873738  ,5.885472  ,0.072769  ,-0.024216 
5.600000  ,33.208451 ,-10.332689,5.879535  ,5.885771  ,0.068889  ,0.001611  
5.600000  ,33.208451 ,-10.332689,5.879535  ,5.885771  ,0.068889  ,0.010525  
5.620000  ,33.264584 ,-10.436022,5.880264  ,5.885771  ,0.069797  ,0.032895  
5.620000  ,33.264584 ,-10.436022,5.880264  ,5.885771  ,0.069797  ,0.067810  
5.640000  ,33.318428 ,-10.540615,5.883829  ,5.886706  ,0.066522  ,0.033624  
5.640000  ,33.318428 ,-10.540615,5.883829  ,5.886706  ,0.066522  ,-0.040439 
5.660000  ,33.370051 ,-10.646400,5.887218  ,5.886706  ,0.066865  ,-0.033535 
5.660000  ,33.370051 ,-10.646400,5.887218  ,5.886706  ,0.066865  ,0.040384  
5.680000  ,33.419371 ,-10.753179,5.875498  ,5.888463  ,0.064397  ,-0.083573 
5.680000  ,33.419371 ,-10.753179,5.875498  ,5.888463  ,0.064397  ,0.045860  
5.700000  ,33.466195 ,-10.860675,5.851193  ,5.891110  ,0.060594  ,-0.047977 
5.700000  ,33.466195 ,-10.860675,5.851193  ,5.891110  ,0.060594  ,-0.002199 
5.720000  ,33.510544 ,-10.968935,5.848418  ,5.891110  ,0.062447  ,-0.051883 
5.720000  ,33.510544 ,-10.968935,5.848418  ,5.891110  ,0.062447  ,0.082586  
5.740000  ,33.552460 ,-11.078097,5.845254  ,5.894658  ,0.059284  ,-0.035621 
5.740000  ,33.552460 ,-11.078097,5.845254  ,5.894658  ,0.059284  ,-0.006748 
5.760000  ,33.592073 ,-11.188098,5.846534  ,5.894658  ,0.060701  ,0.031307  
5.760000  ,33.592073 ,-11.188098,5.846534  ,5.894658  ,0.060701  ,-0.033057 
5.780000  ,33.629400 ,-11.298987,5.853908  ,5.899106  ,0.058498  ,0.073522  
5.780000  ,33.629400 ,-11.298987,5.853908  ,5.899106  ,0.058498  ,0.016742  
5.800000  ,33.664492 ,-11.410798,5.864930  ,5.899106  ,0.059677  ,0.118160  
5.800000  ,33.664492 ,-11.410798,5.864930  ,5.899106  ,0.059677  ,-0.076723 
5.820000  ,33.697398 ,-11.523533,5.879073  ,5.904423  ,0.058593  ,0.001358  
5.820000  ,33.697398 ,-11.523533,5.879073  ,5.904423  ,0.058593  ,-0.040822 
5.840000  ,33.727996 ,-11.637087,5.881552  ,5.910536  ,0.056428  ,0.061304  
5.840000  ,33.727996 ,-11.637087,5.881552  ,5.910536  ,0.056428  ,0.066840  
5.860000  ,33.756300 ,-11.751347,5.889935  ,5.910536  ,0.059391  ,-0.017007 
5.860000  ,33.756300 ,-11.751347,5.889935  ,5.910536  ,0.059391  ,-0.077499 
5.880000  ,33.782311 ,-11.866240,5.890268  ,5.917439  ,0.058194  ,0.037527  
5.880000  ,33.782311 ,-11.866240,5.890268  ,5.917439  ,0.058194  ,-0.005678 
5.900000  ,33.806011 ,-11.981696,5.896275  ,5.917439  ,0.060737  ,-0.000706 
5.900000  ,33.806011 ,-11.981696,5.896275  ,5.917439  ,0.060737  ,-0.026600 
5.920000  ,33.827383 ,-12.097687,5.898174  ,5.925154  ,0.060359  ,-0.008894 
5.920000  ,33.827383 ,-12.097687,5.898174  ,5.925154  ,0.060359  ,-0.043905 
5.940000  ,33.846391 ,-12.214124,5.899853  ,5.933723  ,0.058819  ,0.009805  
5.940000  ,33.846391 ,-12.214124,5.899853  ,5.933723  ,0.058819  ,0.075822  
5.960000  ,33.863011 ,-12.330984,5.903908  ,5.933723  ,0.062664  ,-0.008828 
5.960000  ,33.863011 ,-12.330984,5.903908  ,5.933723  ,0.062664  ,-0.019091 
5.980000  ,33.877213 ,-12.448222,5.905856  ,5.943217  ,0.061715  ,0.015758  
5.980000  ,33.877213 ,-12.448222,5.905856  ,5.943217  ,0.061715  ,-0.065717 
6.000000  ,33.888972 ,-12.565800,5.910788  ,5.943217  ,0.064913  ,-0.034456 
6.000000  ,33.888972 ,-12.565800,5.910788  ,5.943217  ,0.064913  ,-0.000504 
6.020000  ,33.898262 ,-12.683641,5.910090  ,5.953766  ,0.064498  ,0.012902  
6.020000  ,33.898262 ,-12.683641,5.910090  ,5.953766  ,0.064498  ,-0.041134 
6.040000  ,33.905062 ,-12.801698,5.915343  ,5.953766  ,0.067041  ,-0.001241 
6.040000  ,33.905062 ,-12.801698,5.915343  ,5.953766  ,0.067041  ,0.007179  
6.060000  ,33.909356 ,-12.919960,5.918795  ,5.965385  ,0.067193  ,-0.015097 
6.060000  ,33.909356 ,-12.919960,5.918795  ,5.965385  ,0.067193  ,0.014891  
6.080000  ,33.911104 ,-13.038350,5.921719  ,5.978044  ,0.066027  ,0.028374  
6.080000  ,33.911104 ,-13.038350,5.921719  ,5.978044  ,0.066027  ,-0.051752 
6.100000  ,33.910063 ,-13.156856,5.929582  ,5.978044  ,0.069646  ,0.020959  
6.100000  ,33.910063 ,-13.156856,5.929582  ,5.978044  ,0.069646  ,0.054700  
6.120000  ,33.906413 ,-13.275455,5.936027  ,5.991721  ,0.068927  ,0.009333  
6.120000  ,33.906413 ,-13.275455,5.936027  ,5.991721  ,0.068927  ,0.008483  
6.140000  ,33.899910 ,-13.394055,5.942064  ,5.991721  ,0.071555  ,-0.007378 
6.140000  ,33.899910 ,-13.394055,5.942064  ,5.991721  ,0.071555  ,0.070779  
6.160000  ,33.890749 ,-13.512580,5.945989  ,6.006334  ,0.071124  ,-0.019453 
6.160000  ,33.890749 ,-13.512580,5.945989  ,6.006334  ,0.071124  ,-0.057524 
6.180000  ,33.878918 ,-13.630946,5.949786  ,6.021792  ,0.069418  ,0.039454  
6.180000  ,33.878918 ,-13.630946,5.949786  ,6.021792  ,0.069418  ,-0.005312 
6.200000  ,33.864393 ,-13.749155,5.960133  ,6.021792  ,0.072549  ,-0.012627 
6.200000  ,33.864393 ,-13.749155,5.960133  ,6.021792  ,0.072549  ,-0.001046 
6.220000  ,33.847181 ,-13.867152,5.964685  ,6.038012  ,0.070983  ,0.084831  
6.220000  ,33.847181 ,-13.867152,5.964685  ,6.038012  ,0.070983  ,-0.070306 
6.240000  ,33.827293 ,-13.984925,5.979369  ,6.038012  ,0.072833  ,-0.018165 
6.240000  ,33.827293 ,-13.984925,5.979369  ,6.038012  ,0.072833  ,0.039866  
6.260000  ,33.804760 ,-14.102406,5.983127  ,6.054976  ,0.071296  ,0.039332  
6.260000  ,33.804760 ,-14.102406,5.983127  ,6.054976  ,0.071296  ,0.028635  
6.280000  ,33.779615 ,-14.219501,5.993449  ,6.054976  ,0.071867  ,0.073644  
6.280000  ,33.779615 ,-14.219501,5.993449  ,6.054976  ,0.071867  ,0.073484  
6.300000  ,33.751871 ,-14.336243,6.005998  ,6.072650  ,0.070335  ,0.050722  
6.300000  ,33.751871 ,-14.336243,6.005998  ,6.072650  ,0.070335  ,0.067308  
6.320000  ,33.721555 ,-14.452586,6.016895  ,6.091041  ,0.067486  ,-0.015088 
6.320000  ,33.721555 ,-14.452586,6.016895  ,6.091041  ,0.067486  ,0.020938  
6.340000  ,33.688863 ,-14.568454,6.022377  ,6.091041  ,0.068307  ,-0.040901 
6.340000  ,33.688863 ,-14.568454,6.022377  ,6.091041  ,0.068307  ,-0.045877 
6.360000  ,33.653993 ,-14.683769,6.024955  ,6.110100  ,0.065988  ,-0.125076 
6.360000  ,33.653993 ,-14.683769,6.024955  ,6.110100  ,0.065988  ,0.048757  
6.380000  ,33.617060 ,-14.798315,6.011210  ,6.110100  ,0.066246  ,0.005473  
6.380000  ,33.617060 ,-14.798315,6.011210  ,6.110100  ,0.066246  ,-0.021854 
6.400000  ,33.578102 ,-14.912155,6.020899  ,6.129897  ,0.064712  ,-0.008279 
6.400000  ,33.578102 ,-14.912155,6.020899  ,6.129897  ,0.064712  ,0.052502  
6.420000  ,33.537123 ,-15.025485,6.030249  ,6.150431  ,0.062351  ,-0.074532 
6.420000  ,33.537123 ,-15.025485,6.030249  ,6.150431  ,0.062351  ,0.014878  
6.440000  ,33.494225 ,-15.138247,6.034487  ,6.150431  ,0.064103  ,0.010505  
6.440000  ,33.494225 ,-15.138247,6.034487  ,6.150431  ,0.064103  ,-0.012895 
6.460000  ,33.449336 ,-15.250404,6.046227  ,6.171664  ,0.062789  ,0.052494  
6.460000  ,33.449336 ,-15.250404,6.046227  ,6.171664  ,0.062789  ,0.087413  
6.480000  ,33.402340 ,-15.362003,6.062746  ,6.171664  ,0.064155  ,0.110662  
6.480000  ,33.402340 ,-15.362003,6.062746  ,6.171664  ,0.064155  ,-0.029191 
6.500000  ,33.353241 ,-15.473096,6.083131  ,6.193652  ,0.063691  ,-0.012307 
6.500000  ,33.353241 ,-15.473096,6.083131  ,6.193652  ,0.063691  ,-0.027346 
6.520000  ,33.302072 ,-15.583575,6.092249  ,6.216454  ,0.062405  ,0.023721  
6.520000  ,33.302072 ,-15.583575,6.092249  ,6.216454  ,0.062405  ,-0.041959 
6.540000  ,33.248845 ,-15.693332,6.105983  ,6.216454  ,0.065048  ,0.061442  
6.540000  ,33.248845 ,-15.693332,6.105983  ,6.216454  ,0.065048  ,-0.078950 
6.560000  ,33.193509 ,-15.802374,6.121943  ,6.240028  ,0.064587  ,-0.047840 
6.560000  ,33.193509 ,-15.802374,6.121943  ,6.240028  ,0.064587  ,0.015513  
6.580000  ,33.136072 ,-15.910577,6.128464  ,6.240028  ,0.066618  ,0.044363  
6.580000  ,33.136072 ,-15.910577,6.128464  ,6.240028  ,0.066618  ,0.030640  
6.600000  ,33.076514 ,-16.017870,6.142940  ,6.264344  ,0.066810  ,0.041522  
6.600000  ,33.076514 ,-16.017870,6.142940  ,6.264344  ,0.066810  ,-0.068858 
6.620000  ,33.014774 ,-16.124263,6.158066  ,6.289446  ,0.066042  ,-0.022702 
6.620000  ,33.014774 ,-16.124263,6.158066  ,6.289446  ,0.066042  ,0.009322  
6.640000  ,32.950860 ,-16.229659,6.168156  ,6.289446  ,0.068682  ,-0.025559 
6.640000  ,32.950860 ,-16.229659,6.168156  ,6.289446  ,0.068682  ,0.013076  
6.660000  ,32.884794 ,-16.333945,6.177043  ,6.315255  ,0.068303  ,0.029514  
6.660000  ,32.884794 ,-16.333945,6.177043  ,6.315255  ,0.068303  ,0.051501  
6.680000  ,32.816541 ,-16.437106,6.192615  ,6.341694  ,0.066901  ,0.032953  
6.680000  ,32.816541 ,-16.437106,6.192615  ,6.341694  ,0.066901  ,0.022867  
6.700000  ,32.746057 ,-16.539152,6.209514  ,6.341694  ,0.069712  ,0.014407  
6.700000  ,32.746057 ,-16.539152,6.209514  ,6.341694  ,0.069712  ,0.045253  
6.720000  ,32.673363 ,-16.640010,6.223123  ,6.368859  ,0.068496  ,-0.023371 
6.720000  ,32.673363 ,-16.640010,6.223123  ,6.368859  ,0.068496  ,-0.015078 
6.740000  ,32.598503 ,-16.739585,6.234484  ,6.368859  ,0.070014  ,-0.080274 
6.740000  ,32.598503 ,-16.739585,6.234484  ,6.368859  ,0.070014  ,-0.060603 
6.760000  ,32.521668 ,-16.837850,6.239506  ,6.396769  ,0.069033  ,0.020163  
6.760000  ,32.521668 ,-16.837850,6.239506  ,6.396769  ,0.069033  ,0.009436  
6.780000  ,32.442956 ,-16.934898,6.255978  ,6.425453  ,0.067266  ,0.037113  
6.780000  ,32.442956 ,-16.934898,6.255978  ,6.425453  ,0.067266  ,-0.001162 
6.800000  ,32.362322 ,-17.030821,6.275158  ,6.425453  ,0.069258  ,0.043858  
6.800000  ,32.362322 ,-17.030821,6.275158  ,6.425453  ,0.069258  ,0.088979  
6.820000  ,32.279827 ,-17.125643,6.293183  ,6.455072  ,0.068200  ,0.003219  
6.820000  ,32.279827 ,-17.125643,6.293183  ,6.455072  ,0.068200  ,-0.016391 
6.840000  ,32.195520 ,-17.219306,6.308511  ,6.455072  ,0.069507  ,0.005859  
6.840000  ,32.195520 ,-17.219306,6.308511  ,6.455072  ,0.069507  ,-0.014086 
6.860000  ,32.109507 ,-17.311807,6.322662  ,6.485708  ,0.069267  ,0.021849  
6.860000  ,32.109507 ,-17.311807,6.322662  ,6.485708  ,0.069267  ,-0.035794 
6.880000  ,32.021779 ,-17.403119,6.339827  ,6.517416  ,0.068422  ,0.023217  
6.880000  ,32.021779 ,-17.403119,6.339827  ,6.517416  ,0.068422  ,-0.001245 
6.900000  ,31.932253 ,-17.493174,6.358470  ,6.517416  ,0.070442  ,0.098553  
6.900000  ,31.932253 ,-17.493174,6.358470  ,6.517416  ,0.070442  ,0.008510  
6.920000  ,31.840909 ,-17.581997,6.382376  ,6.550335  ,0.070182  ,-0.016851 
6.920000  ,31.840909 ,-17.581997,6.382376  ,6.550335  ,0.070182  ,0.068723  
6.940000  ,31.747789 ,-17.669509,6.396405  ,6.584544  ,0.069225  ,-0.058338 
6.940000  ,31.747789 ,-17.669509,6.396405  ,6.584544  ,0.069225  ,0.041536  
6.960000  ,31.652974 ,-17.755570,6.408455  ,6.584544  ,0.071475  ,0.004176  
6.960000  ,31.652974 ,-17.755570,6.408455  ,6.584544  ,0.071475  ,0.038045  
6.980000  ,31.556432 ,-17.840128,6.425191  ,6.620097  ,0.070835  ,-0.063087 
6.980000  ,31.556432 ,-17.840128,6.425191  ,6.620097  ,0.070835  ,0.003787  
7.000000  ,31.458154 ,-17.923109,6.437429  ,6.657066  ,0.069342  ,0.028262  
7.000000  ,31.458154 ,-17.923109,6.437429  ,6.657066  ,0.069342  ,0.050067  
7.020000  ,31.358176 ,-18.004598,6.460443  ,6.657066  ,0.071291  ,0.037615  
7.020000  ,31.358176 ,-18.004598,6.460443  ,6.657066  ,0.071291  ,-0.028865 
7.040000  ,31.256523 ,-18.084710,6.482190  ,6.695498  ,0.070123  ,0.026871  
7.040000  ,31.256523 ,-18.084710,6.482190  ,6.695498  ,0.070123  ,-0.012651 
7.060000  ,31.153227 ,-18.163423,6.504488  ,6.695498  ,0.071016  ,0.000703  
7.060000  ,31.153227 ,-18.163423,6.504488  ,6.695498  ,0.071016  ,0.033553  
7.080000  ,31.048371 ,-18.240723,6.522286  ,6.735431  ,0.070267  ,-0.011003 
7.080000  ,31.048371 ,-18.240723,6.522286  ,6.735431  ,0.070267  ,0.051339  
7.100000  ,30.942042 ,-18.316614,6.541053  ,6.776867  ,0.068962  ,0.013301  
7.100000  ,30.942042 ,-18.316614,6.541053  ,6.776867  ,0.068962  ,0.009277  
7.120000  ,30.834254 ,-18.391159,6.564181  ,6.776867  ,0.070009  ,-0.013762 
7.120000  ,30.834254 ,-18.391159,6.564181  ,6.776867  ,0.070009  ,-0.044901 
7.140000  ,30.725068 ,-18.464389,6.582649  ,6.819826  ,0.069357  ,-0.049154 
7.140000  ,30.725068 ,-18.464389,6.582649  ,6.819826  ,0.069357  ,-0.040713 
7.160000  ,30.614580 ,-18.536300,6.600104  ,6.864328  ,0.068330  ,-0.110328 
7.160000  ,30.614580 ,-18.536300,6.600104  ,6.864328  ,0.068330  ,0.007944  
7.180000  ,30.502871 ,-18.606895,6.614392  ,6.864328  ,0.069826  ,0.022617  
7.180000  ,30.502871 ,-18.606895,6.614392  ,6.864328  ,0.069826  ,0.049937  
7.200000  ,30.389910 ,-18.676231,6.639695  ,6.910330  ,0.069621  ,0.010781  
7.200000  ,30.389910 ,-18.676231,6.639695  ,6.910330  ,0.069621  ,-0.002941 
7.220000  ,30.275632 ,-18.744384,6.665822  ,6.957851  ,0.069147  ,0.051396  
7.220000  ,30.275632 ,-18.744384,6.665822  ,6.957851  ,0.069147  ,0.025370  
7.240000  ,30.159936 ,-18.811268,6.697705  ,6.957851  ,0.071063  ,-0.011295 
7.240000  ,30.159936 ,-18.811268,6.697705  ,6.957851  ,0.071063  ,0.011808  
7.260000  ,30.042877 ,-18.876869,6.720808  ,7.006917  ,0.071176  ,-0.008124 
7.260000  ,30.042877 ,-18.876869,6.720808  ,7.006917  ,0.071176  ,0.105926  
7.280000  ,29.924516 ,-18.941121,6.746616  ,7.057489  ,0.070899  ,-0.010839 
7.280000  ,29.924516 ,-18.941121,6.746616  ,7.057489  ,0.070899  ,0.017746  
7.300000  ,29.804751 ,-19.003881,6.774471  ,7.057489  ,0.072646  ,-0.062873 
7.300000  ,29.804751 ,-19.003881,6.774471  ,7.057489  ,0.072646  ,-0.012237 
7.320000  ,29.683698 ,-19.065195,6.794909  ,7.109615  ,0.072562  ,0.013031  
7.320000  ,29.683698 ,-19.065195,6.794909  ,7.109615  ,0.072562  ,0.047114  
7.340000  ,29.561391 ,-19.125134,6.825336  ,7.163343  ,0.072080  ,0.009892  
7.340000  ,29.561391 ,-19.125134,6.825336  ,7.163343  ,0.072080  ,-0.074041 
7.360000  ,29.437728 ,-19.183706,6.857634  ,7.163343  ,0.073499  ,-0.035704 
7.360000  ,29.437728 ,-19.183706,6.857634  ,7.163343  ,0.073499  ,-0.017548 
7.380000  ,29.312779 ,-19.240872,6.882701  ,7.218646  ,0.073282  ,-0.055874 
7.380000  ,29.312779 ,-19.240872,6.882701  ,7.218646  ,0.073282  ,-0.011840 
7.400000  ,29.186625 ,-19.296605,6.908703  ,7.275598  ,0.072634  ,-0.059437 
7.400000  ,29.186625 ,-19.296605,6.908703  ,7.275598  ,0.072634  ,0.032788  
7.420000  ,29.059263 ,-19.350925,6.937247  ,7.275598  ,0.073571  ,0.006390  
7.420000  ,29.059263 ,-19.350925,6.937247  ,7.275598  ,0.073571  ,-0.034303 
7.440000  ,28.930666 ,-19.403866,6.969252  ,7.334267  ,0.073147  ,-0.011765 
7.440000  ,28.930666 ,-19.403866,6.969252  ,7.334267  ,0.073147  ,-0.073294 
7.460000  ,28.800823 ,-19.455456,7.002048  ,7.394642  ,0.072348  ,-0.012255 
7.460000  ,28.800823 ,-19.455456,7.002048  ,7.394642  ,0.072348  ,-0.000551 
7.480000  ,28.669732 ,-19.505721,7.037358  ,7.456808  ,0.071218  ,-0.029820 
7.480000  ,28.669732 ,-19.505721,7.037358  ,7.456808  ,0.071218  ,-0.004300 
7.500000  ,28.537387 ,-19.554684,7.073531  ,7.456808  ,0.072285  ,0.013148  
7.500000  ,28.537387 ,-19.554684,7.073531  ,7.456808  ,0.072285  ,-0.007053 
7.520000  ,28.403797 ,-19.602362,7.110334  ,7.520840  ,0.071447  ,0.038452  
7.520000  ,28.403797 ,-19.602362,7.110334  ,7.520840  ,0.071447  ,-0.029658 
7.540000  ,28.268935 ,-19.648783,7.152015  ,7.586714  ,0.070342  ,-0.058718 
7.540000  ,28.268935 ,-19.648783,7.152015  ,7.586714  ,0.070342  ,-0.010517 
7.560000  ,28.132840 ,-19.693944,7.186921  ,7.586714  ,0.070965  ,-0.041454 
7.560000  ,28.132840 ,-19.693944,7.186921  ,7.586714  ,0.070965  ,0.058644  
7.580000  ,27.995609 ,-19.737823,7.220189  ,7.654480  ,0.070171  ,-0.057479 
7.580000  ,27.995609 ,-19.737823,7.220189  ,7.654480  ,0.070171  ,-0.022727 
7.600000  ,27.857260 ,-19.780414,7.255172  ,7.724193  ,0.069133  ,0.017389  
7.600000  ,27.857260 ,-19.780414,7.255172  ,7.724193  ,0.069133  ,0.052569  
7.620000  ,27.717692 ,-19.821748,7.300329  ,7.724193  ,0.069190  ,0.026907  
7.620000  ,27.717692 ,-19.821748,7.300329  ,7.724193  ,0.069190  ,-0.064822 
7.640000  ,27.576856 ,-19.861834,7.342178  ,7.795801  ,0.068290  ,-0.038423 
7.640000  ,27.576856 ,-19.861834,7.342178  ,7.795801  ,0.068290  ,-0.023601 
7.660000  ,27.434831 ,-19.900647,7.380725  ,7.869320  ,0.067067  ,0.020560  
7.660000  ,27.434831 ,-19.900647,7.380725  ,7.869320  ,0.067067  ,-0.042230 
7.680000  ,27.291577 ,-19.938191,7.427995  ,7.944777  ,0.065510  ,-0.031349 
7.680000  ,27.291577 ,-19.938191,7.427995  ,7.944777  ,0.065510  ,-0.034292 
7.700000  ,27.147052 ,-19.974498,7.473062  ,7.944777  ,0.064854  ,-0.008657 
7.700000  ,27.147052 ,-19.974498,7.473062  ,7.944777  ,0.064854  ,-0.089870 
7.720000  ,27.001368 ,-20.009784,7.516052  ,8.000000  ,0.063328  ,-0.027187 
7.720000  ,27.001368 ,-20.009784,7.516052  ,8.000000  ,0.063328  ,-0.076002 
7.740000  ,26.854574 ,-20.044092,7.558457  ,8.000000  ,0.061680  ,0.035314  
7.740000  ,26.854574 ,-20.044092,7.558457  ,8.000000  ,0.061680  ,0.007016  
7.760000  ,26.706681 ,-20.077485,7.602728  ,8.000000  ,0.059964  ,-0.023461 
7.760000  ,26.706681 ,-20.077485,7.602728  ,8.000000  ,0.059964  ,-0.020467 
7.780000  ,26.557789 ,-20.110024,7.637432  ,8.000000  ,0.059222  ,0.025965  
7.780000  ,26.557789 ,-20.110024,7.637432  ,8.000000  ,0.059222  ,0.063680  
7.800000  ,26.408004 ,-20.141773,7.673503  ,8.000000  ,0.057906  ,-0.000573 
7.800000  ,26.408004 ,-20.141773,7.673503  ,8.000000  ,0.057906  ,-0.008726 
7.820000  ,26.257391 ,-20.172802,7.703762  ,8.000000  ,0.056663  ,-0.015456 
7.820000  ,26.257391 ,-20.172802,7.703762  ,8.000000  ,0.056663  ,-0.018286 
7.840000  ,26.106066 ,-20.203158,7.729829  ,8.000000  ,0.055544  ,0.014994  
7.840000  ,26.106066 ,-20.203158,7.729829  ,8.000000  ,0.055544  ,-0.055231 
7.860000  ,25.954083 ,-20.232889,7.756303  ,8.000000  ,0.054585  ,0.029280  
7.860000  ,25.954083 ,-20.232889,7.756303  ,8.000000  ,0.054585  ,-0.072979 
7.880000  ,25.801459 ,-20.262038,7.781646  ,8.000000  ,0.054780  ,0.003966  
7.880000  ,25.801459 ,-20.262038,7.781646  ,8.000000  ,0.054780  ,0.018457  
7.900000  ,25.648257 ,-20.290601,7.802286  ,8.000000  ,0.054406  ,-0.050233 
7.900000  ,25.648257 ,-20.290601,7.802286  ,8.000000  ,0.054406  ,-0.035075 
7.920000  ,25.494553 ,-20.318324,7.815978  ,8.000000  ,0.053908  ,-0.005947 
7.920000  ,25.494553 ,-20.318324,7.815978  ,8.000000  ,0.053908  ,0.006701  
7.940000  ,25.340383 ,-20.345154,7.832510  ,8.000000  ,0.053214  ,0.024733  
7.940000  ,25.340383 ,-20.345154,7.832510  ,8.000000  ,0.053214  ,0.070404  
7.960000  ,25.185701 ,-20.371024,7.850356  ,8.000000  ,0.052916  ,-0.044902 
7.960000  ,25.185701 ,-20.371024,7.850356  ,8.000000  ,0.052916  ,-0.017394 
7.980000  ,25.030570 ,-20.395848,7.860080  ,8.000000  ,0.051762  ,-0.024297 
7.980000  ,25.030570 ,-20.395848,7.860080  ,8.000000  ,0.051762  ,-0.075504 
8.000000  ,24.875087 ,-20.419752,7.870815  ,8.000000  ,0.050323  ,-0.021011 
8.000000  ,24.875087 ,-20.419752,7.870815  ,8.000000  ,0.050323  ,0.084646  
8.020000  ,24.719246 ,-20.442675,7.880857  ,8.000000  ,0.048520  ,0.004985  
8.020000  ,24.719246 ,-20.442675,7.880857  ,8.000000  ,0.048520  ,0.003398  
8.040000  ,24.563040 ,-20.464573,7.892381  ,8.000000  ,0.046293  ,-0.033955 
8.040000  ,24.563040 ,-20.464573,7.892381  ,8.000000  ,0.046293  ,0.001935  
8.060000  ,24.406507 ,-20.485433,7.899220  ,8.000000  ,0.044262  ,0.020035  
8.060000  ,24.406507 ,-20.485433,7.899220  ,8.000000  ,0.044262  ,-0.015692 
8.080000  ,24.249677 ,-20.505417,7.910437  ,8.000000  ,0.041472  ,0.036372  
8.080000  ,24.249677 ,-20.505417,7.910437  ,8.000000  ,0.041472  ,0.006199  
8.100000  ,24.092532 ,-20.524721,7.922128  ,8.000000  ,0.038551  ,-0.013118 
8.100000  ,24.092532 ,-20.524721,7.922128  ,8.000000  ,0.038551  ,-0.013874 
8.120000  ,23.935136 ,-20.543431,7.928140  ,8.000000  ,0.035582  ,-0.033396 
8.120000  ,23.935136 ,-20.543431,7.928140  ,8.000000  ,0.035582  ,0.009470  
8.140000  ,23.777589 ,-20.561666,7.931711  ,8.000000  ,0.032687  ,-0.071203 
8.140000  ,23.777589 ,-20.561666,7.931711  ,8.000000  ,0.032687  ,-0.046273 
8.160000  ,23.619978 ,-20.579563,7.930708  ,8.000000  ,0.030618  ,-0.002645 
8.160000  ,23.619978 ,-20.579563,7.930708  ,8.000000  ,0.030618  ,0.033468  
8.180000  ,23.462276 ,-20.597118,7.936895  ,8.000000  ,0.028295  ,0.010705  
8.180000  ,23.462276 ,-20.597118,7.936895  ,8.000000  ,0.028295  ,-0.045573 
8.200000  ,23.304402 ,-20.614314,7.943748  ,8.000000  ,0.026127  ,0.077570  
8.200000  ,23.304402 ,-20.614314,7.943748  ,8.000000  ,0.026127  ,0.039508  
8.220000  ,23.146305 ,-20.631236,7.956172  ,8.000000  ,0.024183  ,-0.032084 
8.220000  ,23.146305 ,-20.631236,7.956172  ,8.000000  ,0.024183  ,-0.015204 
8.240000  ,22.988045 ,-20.647902,7.957262  ,8.000000  ,0.022923  ,0.022359  
8.240000  ,22.988045 ,-20.647902,7.957262  ,8.000000  ,0.022923  ,-0.080218 
8.260000  ,22.829686 ,-20.664301,7.963306  ,8.000000  ,0.021636  ,-0.045547 
8.260000  ,22.829686 ,-20.664301,7.963306  ,8.000000  ,0.021636  ,-0.017505 
8.280000  ,22.671268 ,-20.680400,7.960258  ,8.000000  ,0.020553  ,0.015606  
8.280000  ,22.671268 ,-20.680400,7.960258  ,8.000000  ,0.020553  ,-0.037957 
8.300000  ,22.512792 ,-20.696158,7.965397  ,8.000000  ,0.019633  ,0.017925  
8.300000  ,22.512792 ,-20.696158,7.965397  ,8.000000  ,0.019633  ,-0.026377 
8.320000  ,22.354179 ,-20.711536,7.970273  ,8.000000  ,0.018827  ,0.026182  
8.320000  ,22.354179 ,-20.711536,7.970273  ,8.000000  ,0.018827  ,0.022895  
8.340000  ,22.195423 ,-20.726483,7.975464  ,8.000000  ,0.018538  ,-0.024723 
8.340000  ,22.195423 ,-20.726483,7.975464  ,8.000000  ,0.018538  ,-0.022550 
8.360000  ,22.036572 ,-20.740948,7.975399  ,8.000000  ,0.017994  ,0.031396  
8.360000  ,22.036572 ,-20.740948,7.975399  ,8.000000  ,0.017994  ,-0.004323 
8.380000  ,21.877621 ,-20.754883,7.980598  ,8.000000  ,0.017428  ,-0.072379 
8.380000  ,21.877621 ,-20.754883,7.980598  ,8.000000  ,0.017428  ,-0.073565 
8.400000  ,21.718761 ,-20.768231,7.962362  ,8.000000  ,0.016802  ,0.004263  
8.400000  ,21.718761 ,-20.768231,7.962362  ,8.000000  ,0.016802  ,0.005143  
8.420000  ,21.559983 ,-20.780951,7.966252  ,8.000000  ,0.016080  ,0.055490  
8.420000  ,21.559983 ,-20.780951,7.966252  ,8.000000  ,0.016080  ,0.054569  
8.440000  ,21.401032 ,-20.793028,7.974537  ,8.000000  ,0.015735  ,0.078333  
8.440000  ,21.401032 ,-20.793028,7.974537  ,8.000000  ,0.015735  ,-0.056762 
8.460000  ,21.241852 ,-20.804437,7.984173  ,8.000000  ,0.014948  ,0.057905  
8.460000  ,21.241852 ,-20.804437,7.984173  ,8.000000  ,0.014948  ,-0.012435 
8.480000  ,21.082470 ,-20.815310,7.991018  ,8.000000  ,0.014174  ,0.020881  
8.480000  ,21.082470 ,-20.815310,7.991018  ,8.000000  ,0.014174  ,-0.019604 
8.500000  ,20.922966 ,-20.825795,7.993791  ,8.000000  ,0.013581  ,-0.035926 
8.500000  ,20.922966 ,-20.825795,7.993791  ,8.000000  ,0.013581  ,0.015061  
8.520000  ,20.763520 ,-20.835930,7.983562  ,8.000000  ,0.013229  ,0.007292  
8.520000  ,20.763520 ,-20.835930,7.983562  ,8.000000  ,0.013229  ,-0.084681 
8.540000  ,20.604122 ,-20.845641,7.985765  ,8.000000  ,0.013670  ,-0.016072 
8.540000  ,20.604122 ,-20.845641,7.985765  ,8.000000  ,0.013670  ,0.038663  
8.560000  ,20.444680 ,-20.854865,7.985133  ,8.000000  ,0.013900  ,-0.030491 
8.560000  ,20.444680 ,-20.854865,7.985133  ,8.000000  ,0.013900  ,-0.031862 
8.580000  ,20.285276 ,-20.863649,7.979755  ,8.000000  ,0.014353  ,0.023210  
8.580000  ,20.285276 ,-20.863649,7.979755  ,8.000000  ,0.014353  ,0.001684  
8.600000  ,20.125859 ,-20.872015,7.983789  ,8.000000  ,0.015067  ,-0.027308 
8.600000  ,20.125859 ,-20.872015,7.983789  ,8.000000  ,0.015067  ,-0.021614 
8.620000  ,19.966421 ,-20.879958,7.979969  ,8.000000  ,0.016046  ,-0.042821 
8.620000  ,19.966421 ,-20.879958,7.979969  ,8.000000  ,0.016046  ,0.011144  
8.640000  ,19.807080 ,-20.887449,7.972124  ,8.000000  ,0.017879  ,0.023878  
8.640000  ,19.807080 ,-20.887449,7.972124  ,8.000000  ,0.017879  ,-0.026363 
8.660000  ,19.647744 ,-20.894461,7.976929  ,8.000000  ,0.019495  ,-0.005000 
8.660000  ,19.647744 ,-20.894461,7.976929  ,8.000000  ,0.019495  ,0.006901  
8.680000  ,19.488321 ,-20.900962,7.978607  ,8.000000  ,0.021244  ,-0.070794 
8.680000  ,19.488321 ,-20.900962,7.978607  ,8.000000  ,0.021244  ,0.025413  
8.700000  ,19.329038 ,-20.906905,7.961602  ,8.000000  ,0.023060  ,0.103686  
8.700000  ,19.329038 ,-20.906905,7.961602  ,8.000000  ,0.023060  ,-0.080185 
8.720000  ,19.169763 ,-20.912259,7.974793  ,8.000000  ,0.024888  ,-0.026220 
8.720000  ,19.169763 ,-20.912259,7.974793  ,8.000000  ,0.024888  ,0.046134  
8.740000  ,19.010341 ,-20.916993,7.974444  ,8.000000  ,0.027370  ,0.002404  
8.740000  ,19.010341 ,-20.916993,7.974444  ,8.000000  ,0.027370  ,0.043918  
8.760000  ,18.850878 ,-20.921074,7.977040  ,8.000000  ,0.029455  ,-0.084997 
8.760000  ,18.850878 ,-20.921074,7.977040  ,8.000000  ,0.029455  ,-0.037034 
8.780000  ,18.691599 ,-20.924470,7.955685  ,8.000000  ,0.031537  ,0.059951  
8.780000  ,18.691599 ,-20.924470,7.955685  ,8.000000  ,0.031537  ,-0.029419 
8.800000  ,18.532410 ,-20.927158,7.965365  ,8.000000  ,0.033603  ,-0.023816 
8.800000  ,18.532410 ,-20.927158,7.965365  ,8.000000  ,0.033603  ,-0.009883 
8.820000  ,18.373105 ,-20.929117,7.966370  ,8.000000  ,0.035648  ,0.012344  
8.820000  ,18.373105 ,-20.929117,7.966370  ,8.000000  ,0.035648  ,0.040337  
8.840000  ,18.213739 ,-20.930331,7.970638  ,8.000000  ,0.038323  ,0.030102  
8.840000  ,18.213739 ,-20.930331,7.970638  ,8.000000  ,0.038323  ,0.010940  
8.860000  ,18.054271 ,-20.930786,7.976158  ,8.000000  ,0.040471  ,-0.045087 
8.860000  ,18.054271 ,-20.930786,7.976158  ,8.000000  ,0.040471  ,0.004677  
8.880000  ,17.894825 ,-20.930474,7.968845  ,8.000000  ,0.042517  ,0.048374  
8.880000  ,17.894825 ,-20.930474,7.968845  ,8.000000  ,0.042517  ,0.061684  
8.900000  ,17.735378 ,-20.929387,7.976228  ,8.000000  ,0.044435  ,0.020785  
8.900000  ,17.735378 ,-20.929387,7.976228  ,8.000000  ,0.044435  ,0.024339  
8.920000  ,17.575822 ,-20.927518,7.980365  ,7.869085  ,0.046195  ,-0.017906 
8.920000  ,17.575822 ,-20.927518,7.980365  ,7.869085  ,0.046195  ,-0.011633 
8.940000  ,17.416705 ,-20.924870,7.935896  ,7.869085  ,0.048235  ,-0.020114 
8.940000  ,17.416705 ,-20.924870,7.935896  ,7.869085  ,0.048235  ,0.018967  
8.960000  ,17.258339 ,-20.921441,7.905974  ,7.728577  ,0.049613  ,-0.021443 
8.960000  ,17.258339 ,-20.921441,7.905974  ,7.728577  ,0.049613  ,-0.002178 
8.980000  ,17.100997 ,-20.917219,7.837529  ,7.585761  ,0.050621  ,0.018626  
8.980000  ,17.100997 ,-20.917219,7.837529  ,7.585761  ,0.050621  ,-0.036289 
9.000000  ,16.945173 ,-20.912194,7.757276  ,7.441404  ,0.051178  ,0.058673  
9.000000  ,16.945173 ,-20.912194,7.757276  ,7.441404  ,0.051178  ,0.058052  
9.020000  ,16.791071 ,-20.906335,7.668742  ,7.296591  ,0.051194  ,0.044279  
9.020000  ,16.791071 ,-20.906335,7.668742  ,7.296591  ,0.051194  ,-0.038746 
9.040000  ,16.639033 ,-20.899607,7.555880  ,7.296591  ,0.050738  ,0.008608  
9.040000  ,16.639033 ,-20.899607,7.555880  ,7.296591  ,0.050738  ,0.095207  
9.060000  ,16.489019 ,-20.891942,7.469590  ,7.151704  ,0.049269  ,-0.002994 
9.060000  ,16.489019 ,-20.891942,7.469590  ,7.151704  ,0.049269  ,0.066197  
9.080000  ,16.341045 ,-20.883269,7.359135  ,7.007423  ,0.046853  ,0.029150  
9.080000  ,16.341045 ,-20.883269,7.359135  ,7.007423  ,0.046853  ,-0.049619 
9.100000  ,16.195343 ,-20.873724,7.248102  ,7.007423  ,0.043536  ,-0.030771 
9.100000  ,16.195343 ,-20.873724,7.248102  ,7.007423  ,0.043536  ,0.005101  
9.120000  ,16.051736 ,-20.863387,7.154662  ,6.864305  ,0.039331  ,-0.043055 
9.120000  ,16.051736 ,-20.863387,7.154662  ,6.864305  ,0.039331  ,-0.004151 
9.140000  ,15.910290 ,-20.852233,7.039894  ,6.722598  ,0.034197  ,0.014146  
9.140000  ,15.910290 ,-20.852233,7.039894  ,6.722598  ,0.034197  ,-0.010794 
9.160000  ,15.771100 ,-20.840322,6.935543  ,6.582682  ,0.028097  ,-0.033581 
9.160000  ,15.771100 ,-20.840322,6.935543  ,6.582682  ,0.028097  ,0.047705  
9.180000  ,15.634340 ,-20.828040,6.802520  ,6.582682  ,0.021911  ,-0.043569 
9.180000  ,15.634340 ,-20.828040,6.802520  ,6.582682  ,0.021911  ,0.005565  
9.200000  ,15.499830 ,-20.815466,6.711849  ,6.444655  ,0.015320  ,-0.037972 
9.200000  ,15.499830 ,-20.815466,6.711849  ,6.444655  ,0.015320  ,-0.045986 
9.220000  ,15.367311 ,-20.802709,6.606803  ,6.308879  ,0.008526  ,0.004307  
9.220000  ,15.367311 ,-20.802709,6.606803  ,6.308879  ,0.008526  ,0.106854  
9.240000  ,15.236859 ,-20.789973,6.505733  ,6.308879  ,0.003295  ,0.023596  
9.240000  ,15.236859 ,-20.789973,6.505733  ,6.308879  ,0.003295  ,0.011251  
9.260000  ,15.107982 ,-20.777424,6.446093  ,6.175336  ,0.000000  ,0.005144  
9.260000  ,15.107982 ,-20.777424,6.446093  ,6.175336  ,0.000000  ,0.070656  
9.280000  ,14.980602 ,-20.765255,6.354663  ,6.044376  ,0.006517  ,-0.008786 
9.280000  ,14.980602 ,-20.765255,6.354663  ,6.044376  ,0.006517  ,-0.026003 
9.300000  ,14.855220 ,-20.753448,6.244830  ,6.044376  ,0.007760  ,-0.002503 
9.300000  ,14.855220 ,-20.753448,6.244830  ,6.044376  ,0.007760  ,-0.026163 
9.320000  ,14.731588 ,-20.741997,6.174967  ,5.916597  ,0.009353  ,-0.042134 
9.320000  ,14.731588 ,-20.741997,6.174967  ,5.916597  ,0.009353  ,0.039513  
9.340000  ,14.609683 ,-20.730882,6.071527  ,5.916597  ,0.007994  ,-0.006520 
9.340000  ,14.609683 ,-20.730882,6.071527  ,5.916597  ,0.007994  ,-0.027197 
9.360000  ,14.489316 ,-20.720137,6.015952  ,5.791815  ,0.006171  ,0.027059  
9.360000  ,14.489316 ,-20.720137,6.015952  ,5.791815  ,0.006171  ,0.082405  
9.380000  ,14.370205 ,-20.709283,5.948113  ,5.671087  ,0.003939  ,0.002313  
9.380000  ,14.370205 ,-20.709283,5.948113  ,5.671087  ,0.003939  ,-0.051533 
9.400000  ,14.252770 ,-20.698090,5.853550  ,5.671087  ,0.002071  ,-0.015244 
9.400000  ,14.252770 ,-20.698090,5.853550  ,5.671087  ,0.002071  ,0.062554  
9.420000  ,14.137007 ,-20.686374,5.785494  ,5.555089  ,0.006458  ,0.009752  
9.420000  ,14.137007 ,-20.686374,5.785494  ,5.555089  ,0.006458  ,0.010579  
9.440000  ,14.022808 ,-20.673611,5.709540  ,5.555089  ,0.013361  ,-0.032252 
9.440000  ,14.022808 ,-20.673611,5.709540  ,5.555089  ,0.013361  ,0.035713  
9.460000  ,13.910198 ,-20.659326,5.645272  ,5.443542  ,0.018313  ,0.000976  
9.460000  ,13.910198 ,-20.659326,5.645272  ,5.443542  ,0.018313  ,-0.009531 
9.480000  ,13.799184 ,-20.643217,5.576168  ,5.337856  ,0.021695  ,0.020098  
9.480000  ,13.799184 ,-20.643217,5.576168  ,5.337856  ,0.021695  ,-0.029245 
9.500000  ,13.689943 ,-20.625117,5.501054  ,5.337856  ,0.028703  ,0.050989  
9.500000  ,13.689943 ,-20.625117,5.501054  ,5.337856  ,0.028703  ,0.006669  
9.520000  ,13.582259 ,-20.604645,5.462429  ,5.238531  ,0.030778  ,0.032847  
9.520000  ,13.582259 ,-20.604645,5.462429  ,5.238531  ,0.030778  ,0.064864  
9.540000  ,13.476139 ,-20.581793,5.396665  ,5.238531  ,0.035724  ,-0.086753 
9.540000  ,13.476139 ,-20.581793,5.396665  ,5.238531  ,0.035724  ,-0.016408 
9.560000  ,13.372083 ,-20.556677,5.312369  ,5.144928  ,0.036038  ,-0.066243 
9.560000  ,13.372083 ,-20.556677,5.312369  ,5.144928  ,0.036038  ,0.050568  
9.580000  ,13.270288 ,-20.529358,5.231929  ,5.144928  ,0.038844  ,-0.041951 
9.580000  ,13.270288 ,-20.529358,5.231929  ,5.144928  ,0.038844  ,-0.007664 
9.600000  ,13.170442 ,-20.499661,5.187541  ,5.058255  ,0.037123  ,-0.006367 
9.600000  ,13.170442 ,-20.499661,5.187541  ,5.058255  ,0.037123  ,-0.048878 
9.620000  ,13.072234 ,-20.467768,5.140846  ,5.058255  ,0.037796  ,0.054384  
9.620000  ,13.072234 ,-20.467768,5.140846  ,5.058255  ,0.037796  ,0.056615  
9.640000  ,12.975294 ,-20.433820,5.131137  ,4.978684  ,0.034569  ,-0.015625 
9.640000  ,12.975294 ,-20.433820,5.131137  ,4.978684  ,0.034569  ,0.047318  
9.660000  ,12.879692 ,-20.398227,5.073280  ,4.978684  ,0.034213  ,-0.017501 
9.660000  ,12.879692 ,-20.398227,5.073280  ,4.978684  ,0.034213  ,-0.043184 
9.680000  ,12.785609 ,-20.361334,5.034694  ,4.905570  ,0.030562  ,0.004074  
9.680000  ,12.785609 ,-20.361334,5.034694  ,4.905570  ,0.030562  ,0.033226  
9.700000  ,12.692844 ,-20.323351,4.991649  ,4.905570  ,0.030352  ,0.059889  
9.700000  ,12.692844 ,-20.323351,4.991649  ,4.905570  ,0.030352  ,-0.059633 
9.720000  ,12.601084 ,-20.284265,4.982633  ,4.839299  ,0.027062  ,0.080340  
9.720000  ,12.601084 ,-20.284265,4.982633  ,4.839299  ,0.027062  ,-0.014766 
9.740000  ,12.510129 ,-20.244111,4.960949  ,4.839299  ,0.027689  ,-0.010024 
9.740000  ,12.510129 ,-20.244111,4.960949  ,4.839299  ,0.027689  ,-0.036622 
9.760000  ,12.420253 ,-20.203221,4.915624  ,4.779853  ,0.025287  ,-0.054963 
9.760000  ,12.420253 ,-20.203221,4.915624  ,4.779853  ,0.025287  ,-0.015065 
9.780000  ,12.331986 ,-20.161522,4.849968  ,4.779853  ,0.027161  ,0.006727  
9.780000  ,12.331986 ,-20.161522,4.849968  ,4.779853  ,0.027161  ,-0.010669 
9.800000  ,12.245132 ,-20.118854,4.828148  ,4.726978  ,0.025129  ,0.043857  
9.800000  ,12.245132 ,-20.118854,4.828148  ,4.726978  ,0.025129  ,-0.008994 
9.820000  ,12.159318 ,-20.075036,4.808420  ,4.726978  ,0.028158  ,0.081230  
9.820000  ,12.159318 ,-20.075036,4.808420  ,4.726978  ,0.028158  ,0.016072  
9.840000  ,12.074503 ,-20.029710,4.808347  ,4.680431  ,0.026198  ,0.028637  
9.840000  ,12.074503 ,-20.029710,4.808347  ,4.680431  ,0.026198  ,-0.018213 
9.860000  ,11.990996 ,-19.982752,4.774173  ,4.680431  ,0.030071  ,0.077892  
9.860000  ,11.990996 ,-19.982752,4.774173  ,4.680431  ,0.030071  ,-0.067893 
9.880000  ,11.908982 ,-19.933974,4.768717  ,4.640251  ,0.027377  ,0.043602  
9.880000  ,11.908982 ,-19.933974,4.768717  ,4.640251  ,0.027377  ,0.035527  
9.900000  ,11.828576 ,-19.883259,4.739505  ,4.640251  ,0.031792  ,-0.016282 
9.900000  ,11.828576 ,-19.883259,4.739505  ,4.640251  ,0.031792  ,-0.069326 
9.920000  ,11.750339 ,-19.830493,4.699735  ,4.606264  ,0.027725  ,0.108969  
9.920000  ,11.750339 ,-19.830493,4.699735  ,4.606264  ,0.027725  ,-0.022935 
9.940000  ,11.674045 ,-19.775573,4.701174  ,4.606264  ,0.032327  ,0.018085  
9.940000  ,11.674045 ,-19.775573,4.701174  ,4.606264  ,0.032327  ,-0.025075 
9.960000  ,11.599913 ,-19.718200,4.674729  ,4.606264  ,0.033663  ,-0.071421 
9.960000  ,11.599913 ,-19.718200,4.674729  ,4.606264  ,0.033663  ,-0.036638 
9.980000  ,11.528362 ,-19.658817,4.626577  ,4.578289  ,0.031210  ,-0.005721 
9.980000  ,11.528362 ,-19.658817,4.626577  ,4.578289  ,0.031210  ,-0.051850 
10.000000 ,11.459633 ,-19.597164,4.607986  ,4.578289  ,0.032302  ,0.041883  
10.000000 ,11.459633 ,-19.597164,4.607986  ,4.578289  ,0.032302  ,0.079726  
10.020000 ,11.393244 ,-19.533231,4.609117  ,4.556202  ,0.028149  ,-0.034649 
10.020000 ,11.393244 ,-19.533231,4.609117  ,4.556202  ,0.028149  ,0.003426  
10.040000 ,11.329129 ,-19.467446,4.578976  ,4.556202  ,0.029993  ,0.053681  
10.040000 ,11.329129 ,-19.467446,4.578976  ,4.556202  ,0.029993  ,0.007566  
10.060000 ,11.267469 ,-19.399701,4.581845  ,4.539692  ,0.025275  ,0.035780  
10.060000 ,11.267469 ,-19.399701,4.581845  ,4.539692  ,0.025275  ,0.005650  
10.080000 ,11.207937 ,-19.330071,4.579651  ,4.539692  ,0.028174  ,-0.002689 
10.080000 ,11.207937 ,-19.330071,4.579651  ,4.539692  ,0.028174  ,0.025803  
10.100000 ,11.150773 ,-19.258708,4.564970  ,4.528280  ,0.023284  ,-0.016386 
10.100000 ,11.150773 ,-19.258708,4.564970  ,4.528280  ,0.023284  ,-0.072144 
10.120000 ,11.095862 ,-19.186013,4.546700  ,4.528280  ,0.027611  ,-0.063790 
10.120000 ,11.095862 ,-19.186013,4.546700  ,4.528280  ,0.027611  ,-0.007576 
10.140000 ,11.043443 ,-19.112076,4.518402  ,4.521352  ,0.022824  ,-0.036831 
10.140000 ,11.043443 ,-19.112076,4.518402  ,4.521352  ,0.022824  ,-0.032844 
10.160000 ,10.993613 ,-19.036841,4.506739  ,4.521352  ,0.028335  ,0.050230  
10.160000 ,10.993613 ,-19.036841,4.506739  ,4.521352  ,0.028335  ,0.023309  
10.180000 ,10.946498 ,-18.959934,4.512759  ,4.521352  ,0.030659  ,-0.081887 
10.180000 ,10.946498 ,-18.959934,4.512759  ,4.521352  ,0.030659  ,-0.022034 
10.200000 ,10.902033 ,-18.881702,4.487529  ,4.517978  ,0.028837  ,0.063534  
10.200000 ,10.902033 ,-18.881702,4.487529  ,4.517978  ,0.028837  ,-0.021187 
10.220000 ,10.860460 ,-18.802066,4.496255  ,4.517978  ,0.031736  ,-0.033432 
10.220000 ,10.860460 ,-18.802066,4.496255  ,4.517978  ,0.031736  ,-0.028522 
10.240000 ,10.821419 ,-18.721109,4.492224  ,4.516985  ,0.028913  ,-0.059656 
10.240000 ,10.821419 ,-18.721109,4.492224  ,4.516985  ,0.028913  ,0.009078  
10.260000 ,10.785072 ,-18.639088,4.480212  ,4.516985  ,0.032779  ,-0.031996 
10.260000 ,10.785072 ,-18.639088,4.480212  ,4.516985  ,0.032779  ,-0.028658 
10.280000 ,10.751432 ,-18.556037,4.480656  ,4.516985  ,0.029158  ,-0.083575 
10.280000 ,10.751432 ,-18.556037,4.480656  ,4.516985  ,0.029158  ,-0.062606 
10.300000 ,10.720579 ,-18.472090,4.464393  ,4.516985  ,0.033880  ,0.069274  
10.300000 ,10.720579 ,-18.472090,4.464393  ,4.516985  ,0.033880  ,0.043297  
10.320000 ,10.692836 ,-18.387106,4.475707  ,4.516985  ,0.028978  ,0.057908  
10.320000 ,10.692836 ,-18.387106,4.475707  ,4.516985  ,0.028978  ,-0.017152 
10.340000 ,10.667944 ,-18.301030,4.484915  ,4.516985  ,0.034055  ,-0.113878 
10.340000 ,10.667944 ,-18.301030,4.484915  ,4.516985  ,0.034055  ,0.015133  
10.360000 ,10.646248 ,-18.214306,4.456755  ,4.516985  ,0.035874  ,0.032937  
10.360000 ,10.646248 ,-18.214306,4.456755  ,4.516985  ,0.035874  ,0.008052  
10.380000 ,10.627594 ,-18.127060,4.465404  ,4.517510  ,0.033150  ,-0.063987 
10.380000 ,10.627594 ,-18.127060,4.465404  ,4.517510  ,0.033150  ,-0.011265 
10.400000 ,10.612190 ,-18.039139,4.461315  ,4.517510  ,0.035237  ,0.030991  
10.400000 ,10.612190 ,-18.039139,4.461315  ,4.517510  ,0.035237  ,-0.016547 
10.420000 ,10.599701 ,-17.950712,4.469409  ,4.519873  ,0.031114  ,0.018757  
10.420000 ,10.599701 ,-17.950712,4.469409  ,4.519873  ,0.031114  ,0.018161  
10.440000 ,10.590135 ,-17.861776,4.475835  ,4.519873  ,0.033959  ,0.006389  
10.440000 ,10.590135 ,-17.861776,4.475835  ,4.519873  ,0.033959  ,-0.097988 
10.460000 ,10.583467 ,-17.772464,4.480517  ,4.524996  ,0.029000  ,0.017685  
10.460000 ,10.583467 ,-17.772464,4.480517  ,4.524996  ,0.029000  ,-0.024771 
10.480000 ,10.579676 ,-17.682880,4.486288  ,4.524996  ,0.032594  ,0.002569  
10.480000 ,10.579676 ,-17.682880,4.486288  ,4.524996  ,0.032594  ,0.066007  
10.500000 ,10.578709 ,-17.593124,4.490120  ,4.533573  ,0.027213  ,-0.095774 
10.500000 ,10.578709 ,-17.593124,4.490120  ,4.533573  ,0.027213  ,0.061481  
10.520000 ,10.580539 ,-17.503534,4.472110  ,4.533573  ,0.031346  ,-0.025146 
10.520000 ,10.580539 ,-17.503534,4.472110  ,4.533573  ,0.031346  ,-0.013083 
10.540000 ,10.585131 ,-17.414178,4.475482  ,4.533573  ,0.032709  ,-0.063248 
10.540000 ,10.585131 ,-17.414178,4.475482  ,4.533573  ,0.032709  ,0.036954  
10.560000 ,10.592475 ,-17.324993,4.473707  ,4.546110  ,0.029845  ,-0.024902 
10.560000 ,10.592475 ,-17.324993,4.473707  ,4.546110  ,0.029845  ,-0.073757 
10.580000 ,10.602541 ,-17.236045,4.478117  ,4.546110  ,0.031418  ,-0.010630 
10.580000 ,10.602541 ,-17.236045,4.478117  ,4.546110  ,0.031418  ,-0.002974 
10.600000 ,10.615142 ,-17.147322,4.483442  ,4.562816  ,0.027759  ,-0.018202 
10.600000 ,10.615142 ,-17.147322,4.483442  ,4.562816  ,0.027759  ,-0.007881 
10.620000 ,10.630030 ,-17.058842,4.489121  ,4.562816  ,0.029776  ,-0.013117 
10.620000 ,10.630030 ,-17.058842,4.489121  ,4.562816  ,0.029776  ,-0.095114 
10.640000 ,10.647353 ,-16.970691,4.494745  ,4.583781  ,0.025628  ,-0.011948 
10.640000 ,10.647353 ,-16.970691,4.494745  ,4.583781  ,0.025628  ,0.003273  
10.660000 ,10.666841 ,-16.882862,4.501902  ,4.583781  ,0.027951  ,-0.031735 
10.660000 ,10.666841 ,-16.882862,4.501902  ,4.583781  ,0.027951  ,0.019482  
10.680000 ,10.688624 ,-16.795453,4.506557  ,4.609005  ,0.023333  ,-0.050253 
10.680000 ,10.688624 ,-16.795453,4.506557  ,4.609005  ,0.023333  ,0.031840  
10.700000 ,10.712431 ,-16.708474,4.511403  ,4.609005  ,0.025945  ,0.006210  
10.700000 ,10.712431 ,-16.708474,4.511403  ,4.609005  ,0.025945  ,0.062842  
10.720000 ,10.738421 ,-16.621970,4.521041  ,4.609005  ,0.026332  ,-0.012753 
10.720000 ,10.738421 ,-16.621970,4.521041  ,4.609005  ,0.026332  ,-0.021866 
10.740000 ,10.766353 ,-16.535900,4.528024  ,4.638329  ,0.023793  ,-0.018686 
10.740000 ,10.766353 ,-16.535900,4.528024  ,4.638329  ,0.023793  ,-0.031743 
10.760000 ,10.796380 ,-16.450373,4.536529  ,4.638329  ,0.024551  ,-0.012369 
10.760000 ,10.796380 ,-16.450373,4.536529  ,4.638329  ,0.024551  ,-0.022651 
10.780000 ,10.828254 ,-16.365337,4.544832  ,4.671589  ,0.021537  ,0.006946  
10.780000 ,10.828254 ,-16.365337,4.544832  ,4.671589  ,0.021537  ,0.042445  
10.800000 ,10.861946 ,-16.280782,4.557245  ,4.671589  ,0.022946  ,0.048118  
10.800000 ,10.861946 ,-16.280782,4.557245  ,4.671589  ,0.022946  ,-0.038334 
10.820000 ,10.897446 ,-16.196671,4.572328  ,4.708631  ,0.019760  ,-0.023454 
10.820000 ,10.897446 ,-16.196671,4.572328  ,4.708631  ,0.019760  ,0.005697  
10.840000 ,10.934703 ,-16.113044,4.582804  ,4.708631  ,0.021925  ,-0.040423 
10.840000 ,10.934703 ,-16.113044,4.582804  ,4.708631  ,0.021925  ,-0.082745 
10.860000 ,10.973648 ,-16.029986,4.590733  ,4.749092  ,0.018741  ,-0.056644 
10.860000 ,10.973648 ,-16.029986,4.590733  ,4.749092  ,0.018741  ,-0.017781 
10.880000 ,11.014264 ,-15.947539,4.600176  ,4.749092  ,0.021765  ,0.036459  
10.880000 ,11.014264 ,-15.947539,4.600176  ,4.749092  ,0.021765  ,0.001571  
10.900000 ,11.056761 ,-15.865743,4.617386  ,4.792830  ,0.018476  ,0.006573  
10.900000 ,11.056761 ,-15.865743,4.617386  ,4.792830  ,0.018476  ,-0.000289 
10.920000 ,11.100973 ,-15.784474,4.634285  ,4.792830  ,0.022174  ,-0.000219 
10.920000 ,11.100973 ,-15.784474,4.634285  ,4.792830  ,0.022174  ,0.086214  
10.940000 ,11.147061 ,-15.703890,4.648983  ,4.792830  ,0.023910  ,-0.023632 
10.940000 ,11.147061 ,-15.703890,4.648983  ,4.792830  ,0.023910  ,0.001789  
10.960000 ,11.194819 ,-15.623983,4.660144  ,4.839745  ,0.023195  ,0.001190  
10.960000 ,11.194819 ,-15.623983,4.660144  ,4.839745  ,0.023195  ,-0.099758 
10.980000 ,11.244455 ,-15.544898,4.676928  ,4.839745  ,0.025511  ,0.014875  
10.980000 ,11.244455 ,-15.544898,4.676928  ,4.839745  ,0.025511  ,0.018789  
11.000000 ,11.296010 ,-15.466652,4.693425  ,4.889520  ,0.024442  ,-0.046196 
11.000000 ,11.296010 ,-15.466652,4.693425  ,4.889520  ,0.024442  ,0.019245  
11.020000 ,11.349474 ,-15.389328,4.707342  ,4.889520  ,0.026963  ,-0.045045 
11.020000 ,11.349474 ,-15.389328,4.707342  ,4.889520  ,0.026963  ,-0.023797 
11.040000 ,11.404838 ,-15.313023,4.720073  ,4.941821  ,0.025463  ,0.019874  
11.040000 ,11.404838 ,-15.313023,4.720073  ,4.941821  ,0.025463  ,0.028403  
11.060000 ,11.462163 ,-15.237738,4.742505  ,4.941821  ,0.028003  ,-0.044795 
11.060000 ,11.462163 ,-15.237738,4.742505  ,4.941821  ,0.028003  ,-0.049979 
11.080000 ,11.521464 ,-15.163527,4.756850  ,4.996665  ,0.025945  ,-0.074526 
11.080000 ,11.521464 ,-15.163527,4.756850  ,4.996665  ,0.025945  ,0.025664  
11.100000 ,11.582676 ,-15.090498,4.772196  ,4.996665  ,0.028341  ,0.021351  
11.100000 ,11.582676 ,-15.090498,4.772196  ,4.996665  ,0.028341  ,0.101297  
11.120000 ,11.645666 ,-15.018487,4.795017  ,5.053657  ,0.025945  ,-0.038069 
11.120000 ,11.645666 ,-15.018487,4.795017  ,5.053657  ,0.025945  ,-0.061341 
11.140000 ,11.710437 ,-14.947486,4.815495  ,5.053657  ,0.028558  ,0.069535  
11.140000 ,11.710437 ,-14.947486,4.815495  ,5.053657  ,0.028558  ,-0.033487 
11.160000 ,11.776991 ,-14.877475,4.844061  ,5.112480  ,0.026144  ,0.002602  
11.160000 ,11.776991 ,-14.877475,4.844061  ,5.112480  ,0.026144  ,0.037779  
11.180000 ,11.845310 ,-14.808427,4.869222  ,5.112480  ,0.028985  ,0.007213  
11.180000 ,11.845310 ,-14.808427,4.869222  ,5.112480  ,0.028985  ,-0.079914 
11.200000 ,11.915305 ,-14.740383,4.892476  ,5.172975  ,0.026727  ,0.061171  
11.200000 ,11.915305 ,-14.740383,4.892476  ,5.172975  ,0.026727  ,0.074152  
11.220000 ,11.986977 ,-14.673299,4.924196  ,5.172975  ,0.029866  ,-0.032974 
11.220000 ,11.986977 ,-14.673299,4.924196  ,5.172975  ,0.029866  ,0.133703  
11.240000 ,12.060258 ,-14.607203,4.944231  ,5.234827  ,0.027942  ,-0.080528 
11.240000 ,12.060258 ,-14.607203,4.944231  ,5.234827  ,0.027942  ,-0.030790 
11.260000 ,12.135024 ,-14.542188,4.963734  ,5.234827  ,0.031398  ,-0.007995 
11.260000 ,12.135024 ,-14.542188,4.963734  ,5.234827  ,0.031398  ,0.023356  
11.280000 ,12.211281 ,-14.478240,4.988160  ,5.297943  ,0.029855  ,0.002532  
11.280000 ,12.211281 ,-14.478240,4.988160  ,5.297943  ,0.029855  ,0.039857  
11.300000 ,12.289076 ,-14.415319,5.017155  ,5.297943  ,0.033568  ,0.037261  
11.300000 ,12.289076 ,-14.415319,5.017155  ,5.297943  ,0.033568  ,0.032732  
11.320000 ,12.368426 ,-14.353416,5.046682  ,5.362046  ,0.032429  ,-0.032311 
11.320000 ,12.368426 ,-14.353416,5.046682  ,5.362046  ,0.032429  ,0.109643  
11.340000 ,12.449289 ,-14.292570,5.072961  ,5.362046  ,0.036300  ,0.012868  
11.340000 ,12.449289 ,-14.292570,5.072961  ,5.362046  ,0.036300  ,0.025942  
11.360000 ,12.531635 ,-14.232816,5.100994  ,5.426923  ,0.035562  ,-0.009238 
11.360000 ,12.531635 ,-14.232816,5.100994  ,5.426923  ,0.035562  ,0.018213  
11.380000 ,12.615471 ,-14.174163,5.130395  ,5.426923  ,0.039424  ,0.000393  
11.380000 ,12.615471 ,-14.174163,5.130395  ,5.426923  ,0.039424  ,-0.036631 
11.400000 ,12.700789 ,-14.116664,5.157961  ,5.492501  ,0.038998  ,0.071534  
11.400000 ,12.700789 ,-14.116664,5.157961  ,5.492501  ,0.038998  ,0.049297  
11.420000 ,12.787762 ,-14.060485,5.195660  ,5.492501  ,0.042326  ,0.009439  
11.420000 ,12.787762 ,-14.060485,5.195660  ,5.492501  ,0.042326  ,0.053407  
11.440000 ,12.876277 ,-14.005505,5.224095  ,5.558443  ,0.041723  ,0.036542  
11.440000 ,12.876277 ,-14.005505,5.224095  ,5.558443  ,0.041723  ,0.055058  
11.460000 ,12.966403 ,-13.951967,5.258528  ,5.558443  ,0.044161  ,-0.007663 
11.460000 ,12.966403 ,-13.951967,5.258528  ,5.558443  ,0.044161  ,-0.011045 
11.480000 ,13.058009 ,-13.899750,5.285660  ,5.624486  ,0.043032  ,0.008398  
11.480000 ,13.058009 ,-13.899750,5.285660  ,5.624486  ,0.043032  ,0.006409  
11.500000 ,13.151063 ,-13.848906,5.317896  ,5.624486  ,0.044466  ,-0.063833 
11.500000 ,13.151063 ,-13.848906,5.317896  ,5.624486  ,0.044466  ,-0.007901 
11.520000 ,13.245506 ,-13.799501,5.340434  ,5.690384  ,0.042687  ,0.017132  
11.520000 ,13.245506 ,-13.799501,5.340434  ,5.690384  ,0.042687  ,0.011245  
11.540000 ,13.341271 ,-13.751432,5.374513  ,5.690384  ,0.043015  ,-0.058487 
11.540000 ,13.341271 ,-13.751432,5.374513  ,5.690384  ,0.043015  ,0.010023  
11.560000 ,13.438281 ,-13.704580,5.398409  ,5.755742  ,0.040798  ,-0.047769 
11.560000 ,13.438281 ,-13.704580,5.398409  ,5.755742  ,0.040798  ,0.000387  
11.580000 ,13.536456 ,-13.658956,5.427148  ,5.755742  ,0.040372  ,0.041935  
11.580000 ,13.536456 ,-13.658956,5.427148  ,5.755742  ,0.040372  ,0.049612  
11.600000 ,13.635850 ,-13.614482,5.461548  ,5.820302  ,0.037878  ,-0.078171 
11.600000 ,13.635850 ,-13.614482,5.461548  ,5.820302  ,0.037878  ,-0.099625 
11.620000 ,13.736384 ,-13.571104,5.487597  ,5.820302  ,0.036882  ,-0.005463 
11.620000 ,13.736384 ,-13.571104,5.487597  ,5.820302  ,0.036882  ,0.049162  
11.640000 ,13.837891 ,-13.528568,5.517978  ,5.883804  ,0.034633  ,0.041684  
11.640000 ,13.837891 ,-13.528568,5.517978  ,5.883804  ,0.034633  ,0.057212  
11.660000 ,13.940444 ,-13.486773,5.555811  ,5.945807  ,0.031718  ,0.007188  
11.660000 ,13.940444 ,-13.486773,5.555811  ,5.945807  ,0.031718  ,0.002771  
11.680000 ,14.044146 ,-13.445838,5.592685  ,5.945807  ,0.032235  ,-0.003991 
11.680000 ,14.044146 ,-13.445838,5.592685  ,5.945807  ,0.032235  ,-0.095913 
11.700000 ,14.148915 ,-13.405739,5.625098  ,6.006240  ,0.029915  ,0.003885  
11.700000 ,14.148915 ,-13.405739,5.625098  ,6.006240  ,0.029915  ,0.008066  
11.720000 ,14.254719 ,-13.366448,5.660843  ,6.006240  ,0.030802  ,-0.053498 
11.720000 ,14.254719 ,-13.366448,5.660843  ,6.006240  ,0.030802  ,-0.010867 
11.740000 ,14.361490 ,-13.327977,5.687943  ,6.064891  ,0.029464  ,-0.025355 
11.740000 ,14.361490 ,-13.327977,5.687943  ,6.064891  ,0.029464  ,0.013906  
11.760000 ,14.469194 ,-13.290346,5.720585  ,6.064891  ,0.030979  ,0.010226  
11.760000 ,14.469194 ,-13.290346,5.720585  ,6.064891  ,0.030979  ,-0.012294 
11.780000 ,14.577927 ,-13.253693,5.753499  ,6.121463  ,0.030792  ,0.034240  
11.780000 ,14.577927 ,-13.253693,5.753499  ,6.121463  ,0.030792  ,0.013630  
11.800000 ,14.687774 ,-13.218173,5.790839  ,6.121463  ,0.032653  ,-0.038132 
11.800000 ,14.687774 ,-13.218173,5.790839  ,6.121463  ,0.032653  ,0.027862  
11.820000 ,14.798682 ,-13.183873,5.817994  ,6.176106  ,0.033413  ,-0.076139 
11.820000 ,14.798682 ,-13.183873,5.817994  ,6.176106  ,0.033413  ,-0.097034 
11.840000 ,14.910553 ,-13.150920,5.844172  ,6.228862  ,0.033407  ,-0.069991 
11.840000 ,14.910553 ,-13.150920,5.844172  ,6.228862  ,0.033407  ,-0.018902 
11.860000 ,15.023416 ,-13.119412,5.873388  ,6.228862  ,0.037142  ,-0.023376 
11.860000 ,15.023416 ,-13.119412,5.873388  ,6.228862  ,0.037142  ,-0.019176 
11.880000 ,15.137317 ,-13.089438,5.904220  ,6.279916  ,0.038043  ,-0.014641 
11.880000 ,15.137317 ,-13.089438,5.904220  ,6.279916  ,0.038043  ,-0.038073 
11.900000 ,15.252295 ,-13.061086,5.937740  ,6.279916  ,0.041729  ,-0.006797 
11.900000 ,15.252295 ,-13.061086,5.937740  ,6.279916  ,0.041729  ,0.055902  
11.920000 ,15.368344 ,-13.034442,5.968876  ,6.329667  ,0.043501  ,-0.050158 
11.920000 ,15.368344 ,-13.034442,5.968876  ,6.329667  ,0.043501  ,0.066613  
11.940000 ,15.485404 ,-13.009592,5.997715  ,6.378625  ,0.044421  ,0.002961  
11.940000 ,15.485404 ,-13.009592,5.997715  ,6.378625  ,0.044421  ,-0.056968 
11.960000 ,15.603499 ,-12.986596,6.033353  ,6.378625  ,0.049625  ,-0.013371 
11.960000 ,15.603499 ,-12.986596,6.033353  ,6.378625  ,0.049625  ,0.018028  
11.980000 ,15.722624 ,-12.965509,6.064167  ,6.427426  ,0.051457  ,-0.053146 
11.980000 ,15.722624 ,-12.965509,6.064167  ,6.427426  ,0.051457  ,-0.021709 
12.000000 ,15.842689 ,-12.946419,6.092957  ,6.427426  ,0.056301  ,0.028738  
12.000000 ,15.842689 ,-12.946419,6.092957  ,6.427426  ,0.056301  ,-0.050355 
12.020000 ,15.963723 ,-12.929587,6.126677  ,6.476883  ,0.058768  ,-0.041877 
12.020000 ,15.963723 ,-12.929587,6.126677  ,6.476883  ,0.058768  ,0.012822  
12.040000 ,16.085662 ,-12.914886,6.155302  ,6.527986  ,0.060420  ,-0.027390 
12.040000 ,16.085662 ,-12.914886,6.155302  ,6.527986  ,0.060420  ,0.063384  
12.060000 ,16.208476 ,-12.902589,6.187359  ,6.527986  ,0.065761  ,-0.062659 
12.060000 ,16.208476 ,-12.902589,6.187359  ,6.527986  ,0.065761  ,0.046447  
12.080000 ,16.332076 ,-12.892553,6.213165  ,6.581697  ,0.067800  ,0.051872  
12.080000 ,16.332076 ,-12.892553,6.213165  ,6.581697  ,0.067800  ,-0.062882 
12.100000 ,16.456492 ,-12.884823,6.252195  ,6.581697  ,0.072127  ,0.037512  
12.100000 ,16.456492 ,-12.884823,6.252195  ,6.581697  ,0.072127  ,-0.069510 
12.120000 ,16.581763 ,-12.879434,6.286268  ,6.639155  ,0.074474  ,0.007769  
12.120000 ,16.581763 ,-12.879434,6.286268  ,6.639155  ,0.074474  ,0.075821  
12.140000 ,16.707789 ,-12.876409,6.319751  ,6.701574  ,0.075936  ,-0.064850 
12.140000 ,16.707789 ,-12.876409,6.319751  ,6.701574  ,0.075936  ,-0.041718 
12.160000 ,16.834478 ,-12.875760,6.349178  ,6.701574  ,0.079893  ,-0.061393 
12.160000 ,16.834478 ,-12.875760,6.349178  ,6.701574  ,0.079893  ,0.012229  
12.180000 ,16.961722 ,-12.877493,6.376195  ,6.769882  ,0.081244  ,0.044184  
12.180000 ,16.961722 ,-12.877493,6.376195  ,6.769882  ,0.081244  ,-0.006396 
12.200000 ,17.089589 ,-12.881618,6.416846  ,6.845247  ,0.081700  ,0.045073  
12.200000 ,17.089589 ,-12.881618,6.416846  ,6.845247  ,0.081700  ,-0.002969 
12.220000 ,17.218203 ,-12.888140,6.460803  ,6.845247  ,0.084291  ,-0.011184 
12.220000 ,17.218203 ,-12.888140,6.460803  ,6.845247  ,0.084291  ,-0.038787 
12.240000 ,17.347472 ,-12.896908,6.495456  ,6.928689  ,0.084180  ,-0.053968 
12.240000 ,17.347472 ,-12.896908,6.495456  ,6.928689  ,0.084180  ,-0.040329 
12.260000 ,17.477283 ,-12.907760,6.530667  ,7.020795  ,0.083402  ,0.006953  
12.260000 ,17.477283 ,-12.907760,6.530667  ,7.020795  ,0.083402  ,0.019186  
12.280000 ,17.607726 ,-12.920660,6.576815  ,7.020795  ,0.084227  ,0.066521  
12.280000 ,17.607726 ,-12.920660,6.576815  ,7.020795  ,0.084227  ,-0.011654 
12.300000 ,17.738899 ,-12.935547,6.624210  ,7.122413  ,0.082691  ,0.034317  
12.300000 ,17.738899 ,-12.935547,6.624210  ,7.122413  ,0.082691  ,0.013048  
12.320000 ,17.870818 ,-12.952340,6.673648  ,7.122413  ,0.081470  ,0.026548  
12.320000 ,17.870818 ,-12.952340,6.673648  ,7.122413  ,0.081470  ,0.030969  
12.340000 ,18.003441 ,-12.970928,6.717776  ,7.233865  ,0.078822  ,0.052298  
12.340000 ,18.003441 ,-12.970928,6.717776  ,7.233865  ,0.078822  ,-0.025974 
12.360000 ,18.136828 ,-12.991002,6.770544  ,7.355574  ,0.075555  ,-0.066275 
12.360000 ,18.136828 ,-12.991002,6.770544  ,7.355574  ,0.075555  ,-0.014736 
12.380000 ,18.271023 ,-13.012450,6.818705  ,7.355574  ,0.072046  ,0.029188  
12.380000 ,18.271023 ,-13.012450,6.818705  ,7.355574  ,0.072046  ,-0.032030 
12.400000 ,18.406056 ,-13.035016,6.871257  ,7.487456  ,0.067635  ,-0.022039 
12.400000 ,18.406056 ,-13.035016,6.871257  ,7.487456  ,0.067635  ,-0.018475 
12.420000 ,18.542013 ,-13.058577,6.926418  ,7.629222  ,0.062639  ,-0.051805 
12.420000 ,18.542013 ,-13.058577,6.926418  ,7.629222  ,0.062639  ,0.037561  
12.440000 ,18.678993 ,-13.082997,6.986857  ,7.781114  ,0.057146  ,-0.002379 
12.440000 ,18.678993 ,-13.082997,6.986857  ,7.781114  ,0.057146  ,0.021444  
12.460000 ,18.817226 ,-13.108030,7.060374  ,7.781114  ,0.050443  ,0.070192  
12.460000 ,18.817226 ,-13.108030,7.060374  ,7.781114  ,0.050443  ,-0.000273 
12.480000 ,18.956863 ,-13.133552,7.133803  ,7.941942  ,0.043467  ,-0.019302 
12.480000 ,18.956863 ,-13.133552,7.133803  ,7.941942  ,0.043467  ,0.094404  
12.500000 ,19.097930 ,-13.159414,7.207038  ,7.941106  ,0.035959  ,-0.007494 
12.500000 ,19.097930 ,-13.159414,7.207038  ,7.941106  ,0.035959  ,-0.078918 
12.520000 ,19.240394 ,-13.185448,7.274492  ,7.941106  ,0.026738  ,-0.048100 
12.520000 ,19.240394 ,-13.185448,7.274492  ,7.941106  ,0.026738  ,-0.011010 
12.540000 ,19.384163 ,-13.211279,7.331914  ,7.787681  ,0.017569  ,0.026957  
12.540000 ,19.384163 ,-13.211279,7.331914  ,7.787681  ,0.017569  ,0.045616  
12.560000 ,19.529040 ,-13.236709,7.376730  ,7.637846  ,0.008000  ,0.072180  
12.560000 ,19.529040 ,-13.236709,7.376730  ,7.637846  ,0.008000  ,0.032352  
12.580000 ,19.674787 ,-13.261541,7.407673  ,7.489411  ,0.001917  ,0.069183  
12.580000 ,19.674787 ,-13.261541,7.407673  ,7.489411  ,0.001917  ,-0.038376 
12.600000 ,19.821148 ,-13.285412,7.421684  ,7.489411  ,0.013587  ,-0.015053 
12.600000 ,19.821148 ,-13.285412,7.421684  ,7.489411  ,0.013587  ,0.014451  
12.620000 ,19.967908 ,-13.307962,7.426574  ,7.341035  ,0.024161  ,0.010114  
12.620000 ,19.967908 ,-13.307962,7.426574  ,7.341035  ,0.024161  ,-0.012136 
12.640000 ,20.114678 ,-13.328914,7.400611  ,7.191122  ,0.034351  ,0.075469  
12.640000 ,20.114678 ,-13.328914,7.400611  ,7.191122  ,0.034351  ,-0.003993 
12.660000 ,20.260970 ,-13.347951,7.354478  ,7.038515  ,0.043881  ,0.043187  
12.660000 ,20.260970 ,-13.347951,7.354478  ,7.038515  ,0.043881  ,-0.031889 
12.680000 ,20.406104 ,-13.364724,7.260582  ,7.038515  ,0.053914  ,-0.002229 
12.680000 ,20.406104 ,-13.364724,7.260582  ,7.038515  ,0.053914  ,-0.032154 
12.700000 ,20.549802 ,-13.378908,7.183374  ,6.883459  ,0.061470  ,-0.047338 
12.700000 ,20.549802 ,-13.378908,7.183374  ,6.883459  ,0.061470  ,0.009739  
12.720000 ,20.691748 ,-13.390365,7.063841  ,6.724885  ,0.067342  ,0.009470  
12.720000 ,20.691748 ,-13.390365,7.063841  ,6.724885  ,0.067342  ,-0.061196 
12.740000 ,20.831567 ,-13.398915,6.950424  ,6.724885  ,0.072192  ,0.033175  
12.740000 ,20.831567 ,-13.398915,6.950424  ,6.724885  ,0.072192  ,0.082424  
12.760000 ,20.969773 ,-13.404240,6.884208  ,6.563121  ,0.074039  ,-0.038711 
12.760000 ,20.969773 ,-13.404240,6.884208  ,6.563121  ,0.074039  ,-0.000992 
12.780000 ,21.106131 ,-13.406588,6.760357  ,6.399313  ,0.073594  ,0.046856  
12.780000 ,21.106131 ,-13.406588,6.760357  ,6.399313  ,0.073594  ,-0.005859 
12.800000 ,21.240196 ,-13.406016,6.652206  ,6.399313  ,0.071326  ,-0.061347 
12.800000 ,21.240196 ,-13.406016,6.652206  ,6.399313  ,0.071326  ,0.025860  
12.820000 ,21.372063 ,-13.402899,6.544037  ,6.233481  ,0.066642  ,0.034483  
12.820000 ,21.372063 ,-13.402899,6.544037  ,6.233481  ,0.066642  ,-0.029611 
12.840000 ,21.501828 ,-13.397453,6.449006  ,6.067196  ,0.059999  ,-0.078113 
12.840000 ,21.501828 ,-13.397453,6.449006  ,6.067196  ,0.059999  ,-0.035423 
12.860000 ,21.628938 ,-13.390266,6.290690  ,6.067196  ,0.051978  ,0.017628  
12.860000 ,21.628938 ,-13.390266,6.290690  ,6.067196  ,0.051978  ,-0.007618 
12.880000 ,21.753716 ,-13.381759,6.219826  ,5.901745  ,0.042651  ,-0.009973 
12.880000 ,21.753716 ,-13.381759,6.219826  ,5.901745  ,0.042651  ,-0.070800 
12.900000 ,21.876573 ,-13.372471,6.106902  ,5.738145  ,0.032696  ,0.023338  
12.900000 ,21.876573 ,-13.372471,6.106902  ,5.738145  ,0.032696  ,-0.011130 
12.920000 ,21.997110 ,-13.363288,5.988001  ,5.738145  ,0.022389  ,0.002881  
12.920000 ,21.997110 ,-13.363288,5.988001  ,5.738145  ,0.022389  ,-0.055890 
12.940000 ,22.115652 ,-13.354524,5.902986  ,5.577997  ,0.012653  ,-0.060782 
12.940000 ,22.115652 ,-13.354524,5.902986  ,5.577997  ,0.012653  ,-0.028578 
12.960000 ,22.232077 ,-13.347111,5.770194  ,5.577997  ,0.003672  ,0.083521  
12.960000 ,22.232077 ,-13.347111,5.770194  ,5.577997  ,0.003672  ,0.040580  
12.980000 ,22.346938 ,-13.341261,5.732785  ,5.422353  ,0.000000  ,-0.058016 
12.980000 ,22.346938 ,-13.341261,5.732785  ,5.422353  ,0.000000  ,-0.074516 
13.000000 ,22.460191 ,-13.337387,5.605957  ,5.272029  ,0.009363  ,-0.009934 
13.000000 ,22.460191 ,-13.337387,5.605957  ,5.272029  ,0.009363  ,0.048967  
13.020000 ,22.571047 ,-13.335510,5.487591  ,5.272029  ,0.013610  ,0.012945  
13.020000 ,22.571047 ,-13.335510,5.487591  ,5.272029  ,0.013610  ,-0.030440 
13.040000 ,22.680063 ,-13.335498,5.417845  ,5.128665  ,0.016121  ,0.069393  
13.040000 ,22.680063 ,-13.335498,5.417845  ,5.128665  ,0.016121  ,-0.040530 
13.060000 ,22.787604 ,-13.337485,5.342189  ,5.128665  ,0.016170  ,0.030929  
13.060000 ,22.787604 ,-13.337485,5.342189  ,5.128665  ,0.016170  ,-0.009504 
13.080000 ,22.893724 ,-13.341084,5.279335  ,4.992536  ,0.015117  ,-0.017847 
13.080000 ,22.893724 ,-13.341084,5.279335  ,4.992536  ,0.015117  ,-0.048786 
13.100000 ,22.998095 ,-13.345923,5.174469  ,4.992536  ,0.011216  ,0.006826  
13.100000 ,22.998095 ,-13.345923,5.174469  ,4.992536  ,0.011216  ,0.036134  
13.120000 ,23.100808 ,-13.351309,5.114193  ,4.864636  ,0.007608  ,-0.048148 
13.120000 ,23.100808 ,-13.351309,5.114193  ,4.864636  ,0.007608  ,-0.050297 
13.140000 ,23.201870 ,-13.356690,5.011715  ,4.864636  ,0.001282  ,-0.043578 
13.140000 ,23.201870 ,-13.356690,5.011715  ,4.864636  ,0.001282  ,-0.009698 
13.160000 ,23.301305 ,-13.361337,4.946087  ,4.745789  ,0.003062  ,0.027998  
13.160000 ,23.301305 ,-13.361337,4.946087  ,4.745789  ,0.003062  ,0.024638  
13.180000 ,23.399547 ,-13.364607,4.886777  ,4.745789  ,0.009883  ,-0.037533 
13.180000 ,23.399547 ,-13.364607,4.886777  ,4.745789  ,0.009883  ,0.056875  
13.200000 ,23.496624 ,-13.365987,4.825326  ,4.636414  ,0.012959  ,-0.060578 
13.200000 ,23.496624 ,-13.365987,4.825326  ,4.636414  ,0.012959  ,0.080538  
13.220000 ,23.592217 ,-13.364921,4.739445  ,4.636414  ,0.018707  ,0.004218  
13.220000 ,23.592217 ,-13.364921,4.739445  ,4.636414  ,0.018707  ,0.032383  
13.240000 ,23.686560 ,-13.360938,4.705431  ,4.537533  ,0.018758  ,-0.019464 
13.240000 ,23.686560 ,-13.360938,4.705431  ,4.537533  ,0.018758  ,-0.004306 
13.260000 ,23.779731 ,-13.354044,4.640937  ,4.537533  ,0.022566  ,-0.044761 
13.260000 ,23.779731 ,-13.354044,4.640937  ,4.537533  ,0.022566  ,0.021146  
13.280000 ,23.871475 ,-13.344136,4.589934  ,4.448924  ,0.019226  ,0.046054  
13.280000 ,23.871475 ,-13.344136,4.589934  ,4.448924  ,0.019226  ,-0.017875 
13.300000 ,23.962029 ,-13.331364,4.557248  ,4.448924  ,0.021595  ,0.013251  
13.300000 ,23.962029 ,-13.331364,4.557248  ,4.448924  ,0.021595  ,0.011093  
13.320000 ,24.051487 ,-13.315828,4.524522  ,4.370715  ,0.015332  ,-0.035428 
13.320000 ,24.051487 ,-13.315828,4.524522  ,4.370715  ,0.015332  ,-0.063728 
13.340000 ,24.139515 ,-13.298065,4.459382  ,4.370715  ,0.017682  ,0.022396  
13.340000 ,24.139515 ,-13.298065,4.459382  ,4.370715  ,0.017682  ,-0.051164 
13.360000 ,24.226156 ,-13.277953,4.436570  ,4.370715  ,0.017433  ,0.132496  
13.360000 ,24.226156 ,-13.277953,4.436570  ,4.370715  ,0.017433  ,-0.045113 
13.380000 ,24.312129 ,-13.255756,4.442757  ,4.302410  ,0.012985  ,0.031089  
13.380000 ,24.312129 ,-13.255756,4.442757  ,4.302410  ,0.012985  ,0.001159  
13.400000 ,24.397274 ,-13.231776,4.405148  ,4.302410  ,0.014528  ,-0.027827 
13.400000 ,24.397274 ,-13.231776,4.405148  ,4.302410  ,0.014528  ,-0.004301 
13.420000 ,24.481076 ,-13.206164,4.360204  ,4.243581  ,0.010066  ,-0.019022 
13.420000 ,24.481076 ,-13.206164,4.360204  ,4.243581  ,0.010066  ,-0.055450 
13.440000 ,24.563414 ,-13.178977,4.313512  ,4.243581  ,0.014142  ,-0.035962 
13.440000 ,24.563414 ,-13.178977,4.313512  ,4.243581  ,0.014142  ,0.016176  
13.460000 ,24.644253 ,-13.149974,4.277061  ,4.193478  ,0.009256  ,0.031863  
13.460000 ,24.644253 ,-13.149974,4.277061  ,4.193478  ,0.009256  ,-0.029224 
13.480000 ,24.723782 ,-13.118992,4.259258  ,4.193478  ,0.015647  ,0.000853  
13.480000 ,24.723782 ,-13.118992,4.259258  ,4.193478  ,0.015647  ,0.003960  
13.500000 ,24.801856 ,-13.085525,4.236908  ,4.193478  ,0.019169  ,0.008857  
13.500000 ,24.801856 ,-13.085525,4.236908  ,4.193478  ,0.019169  ,-0.061461 
13.520000 ,24.878443 ,-13.049564,4.225007  ,4.151940  ,0.017188  ,-0.030857 
13.520000 ,24.878443 ,-13.049564,4.225007  ,4.151940  ,0.017188  ,-0.007477 
13.540000 ,24.953251 ,-13.011098,4.189234  ,4.151940  ,0.022028  ,0.041451  
13.540000 ,24.953251 ,-13.011098,4.189234  ,4.151940  ,0.022028  ,-0.000583 
13.560000 ,25.026075 ,-12.969671,4.189620  ,4.118451  ,0.017486  ,0.080534  
13.560000 ,25.026075 ,-12.969671,4.189620  ,4.118451  ,0.017486  ,-0.044332 
13.580000 ,25.097137 ,-12.925268,4.190490  ,4.118451  ,0.022935  ,-0.026088 
13.580000 ,25.097137 ,-12.925268,4.190490  ,4.118451  ,0.022935  ,-0.035414 
13.600000 ,25.165828 ,-12.877886,4.156712  ,4.091917  ,0.015195  ,0.000025  
13.600000 ,25.165828 ,-12.877886,4.156712  ,4.091917  ,0.015195  ,-0.038250 
13.620000 ,25.232025 ,-12.827991,4.134417  ,4.091917  ,0.021159  ,-0.110897 
13.620000 ,25.232025 ,-12.827991,4.134417  ,4.091917  ,0.021159  ,-0.040318 
13.640000 ,25.295631 ,-12.776040,4.081614  ,4.091917  ,0.023871  ,0.040418  
13.640000 ,25.295631 ,-12.776040,4.081614  ,4.091917  ,0.023871  ,-0.031564 
13.660000 ,25.356582 ,-12.721674,4.086323  ,4.072009  ,0.017751  ,0.062977  
13.660000 ,25.356582 ,-12.721674,4.086323  ,4.072009  ,0.017751  ,0.022319  
13.680000 ,25.415317 ,-12.664789,4.090841  ,4.072009  ,0.021430  ,-0.056411 
13.680000 ,25.415317 ,-12.664789,4.090841  ,4.072009  ,0.021430  ,-0.016563 
13.700000 ,25.471421 ,-12.605621,4.064940  ,4.057627  ,0.012510  ,-0.075393 
13.700000 ,25.471421 ,-12.605621,4.064940  ,4.057627  ,0.012510  ,0.006737  
13.720000 ,25.524947 ,-12.544833,4.036471  ,4.057627  ,0.017633  ,0.011764  
13.720000 ,25.524947 ,-12.544833,4.036471  ,4.057627  ,0.017633  ,-0.009576 
13.740000 ,25.576041 ,-12.482297,4.039527  ,4.057627  ,0.019763  ,-0.110854 
13.740000 ,25.576041 ,-12.482297,4.039527  ,4.057627  ,0.019763  ,0.016330  
13.760000 ,25.624376 ,-12.417986,4.007599  ,4.047737  ,0.013355  ,-0.024611 
13.760000 ,25.624376 ,-12.417986,4.007599  ,4.047737  ,0.013355  ,-0.013122 
13.780000 ,25.670131 ,-12.352165,4.009041  ,4.047737  ,0.017058  ,-0.037420 
13.780000 ,25.670131 ,-12.352165,4.009041  ,4.047737  ,0.017058  ,-0.006314 
13.800000 ,25.713297 ,-12.284600,4.009159  ,4.041721  ,0.008533  ,0.025473  
13.800000 ,25.713297 ,-12.284600,4.009159  ,4.041721  ,0.008533  ,0.140479  
13.820000 ,25.754214 ,-12.215582,4.014547  ,4.041721  ,0.014155  ,0.058698  
13.820000 ,25.754214 ,-12.215582,4.014547  ,4.041721  ,0.014155  ,-0.044917 
13.840000 ,25.792897 ,-12.145137,4.022519  ,4.041721  ,0.017139  ,0.004964  
13.840000 ,25.792897 ,-12.145137,4.022519  ,4.041721  ,0.017139  ,-0.013752 
13.860000 ,25.829028 ,-12.073235,4.024763  ,4.038770  ,0.012072  ,-0.154799 
13.860000 ,25.829028 ,-12.073235,4.024763  ,4.038770  ,0.012072  ,-0.022916 
13.880000 ,25.862548 ,-12.000617,3.976299  ,4.038770  ,0.017076  ,-0.025235 
13.880000 ,25.862548 ,-12.000617,3.976299  ,4.038770  ,0.017076  ,0.108909  
13.900000 ,25.893229 ,-11.927215,3.979756  ,4.037962  ,0.010208  ,0.004301  
13.900000 ,25.893229 ,-11.927215,3.979756  ,4.037962  ,0.010208  ,0.002203  
13.920000 ,25.921253 ,-11.852658,3.985559  ,4.037962  ,0.016684  ,-0.041422 
13.920000 ,25.921253 ,-11.852658,3.985559  ,4.037962  ,0.016684  ,0.026415  
13.940000 ,25.946783 ,-11.777139,3.986578  ,4.037962  ,0.020497  ,0.002867  
13.940000 ,25.946783 ,-11.777139,3.986578  ,4.037962  ,0.020497  ,0.031401  
13.960000 ,25.969564 ,-11.700683,3.991615  ,4.037962  ,0.016367  ,0.048591  
13.960000 ,25.969564 ,-11.700683,3.991615  ,4.037962  ,0.016367  ,0.001228  
13.980000 ,25.989440 ,-11.623278,4.000429  ,4.037962  ,0.020916  ,-0.080852 
13.980000 ,25.989440 ,-11.623278,4.000429  ,4.037962  ,0.020916  ,-0.083526 
14.000000 ,26.006354 ,-11.545242,3.985518  ,4.037962  ,0.022437  ,-0.060660 
14.000000 ,26.006354 ,-11.545242,3.985518  ,4.037962  ,0.022437  ,0.035554  
14.020000 ,26.020393 ,-11.466812,3.982690  ,4.037962  ,0.019492  ,0.005842  
14.020000 ,26.020393 ,-11.466812,3.982690  ,4.037962  ,0.019492  ,0.060324  
14.040000 ,26.031778 ,-11.387922,3.988363  ,4.037962  ,0.021299  ,0.003240  
14.040000 ,26.031778 ,-11.387922,3.988363  ,4.037962  ,0.021299  ,0.038920  
14.060000 ,26.040661 ,-11.308604,3.993269  ,4.038923  ,0.016707  ,-0.054070 
14.060000 ,26.040661 ,-11.308604,3.993269  ,4.038923  ,0.016707  ,-0.012060 
14.080000 ,26.047030 ,-11.229028,3.990372  ,4.038923  ,0.018473  ,0.072164  
14.080000 ,26.047030 ,-11.229028,3.990372  ,4.038923  ,0.018473  ,-0.000010 
14.100000 ,26.050938 ,-11.149205,4.001579  ,4.038923  ,0.017770  ,0.000543  
14.100000 ,26.050938 ,-11.149205,4.001579  ,4.038923  ,0.017770  ,0.013584  
14.120000 ,26.052611 ,-11.069158,4.005096  ,4.042387  ,0.013471  ,0.028351  
14.120000 ,26.052611 ,-11.069158,4.005096  ,4.042387  ,0.013471  ,0.049982  
14.140000 ,26.052319 ,-10.988997,4.011190  ,4.042387  ,0.013629  ,0.040180  
14.140000 ,26.052319 ,-10.988997,4.011190  ,4.042387  ,0.013629  ,0.028292  
14.160000 ,26.049923 ,-10.908743,4.017817  ,4.050031  ,0.007252  ,0.007297  
14.160000 ,26.049923 ,-10.908743,4.017817  ,4.050031  ,0.007252  ,-0.006652 
14.180000 ,26.045703 ,-10.828463,4.021485  ,4.050031  ,0.009374  ,-0.064137 
14.180000 ,26.045703 ,-10.828463,4.021485  ,4.050031  ,0.009374  ,-0.010369 
14.200000 ,26.039504 ,-10.748404,4.009234  ,4.063326  ,0.001547  ,-0.033580 
14.200000 ,26.039504 ,-10.748404,4.009234  ,4.063326  ,0.001547  ,0.090510  
14.220000 ,26.031364 ,-10.668616,4.011138  ,4.063326  ,0.006161  ,0.042240  
14.220000 ,26.031364 ,-10.668616,4.011138  ,4.063326  ,0.006161  ,0.054608  
14.240000 ,26.021122 ,-10.588963,4.019905  ,4.063326  ,0.008680  ,-0.004580 
14.240000 ,26.021122 ,-10.588963,4.019905  ,4.063326  ,0.008680  ,-0.008987 
14.260000 ,26.008445 ,-10.509536,4.023511  ,4.083403  ,0.003841  ,0.055561  
14.260000 ,26.008445 ,-10.509536,4.023511  ,4.083403  ,0.003841  ,0.036466  
14.280000 ,25.993527 ,-10.430354,4.034230  ,4.083403  ,0.008377  ,-0.038622 
14.280000 ,25.993527 ,-10.430354,4.034230  ,4.083403  ,0.008377  ,0.052539  
14.300000 ,25.976111 ,-10.351564,4.035209  ,4.111123  ,0.001964  ,0.014257  
14.300000 ,25.976111 ,-10.351564,4.035209  ,4.111123  ,0.001964  ,-0.007126 
14.320000 ,25.956170 ,-10.273278,4.043581  ,4.111123  ,0.008168  ,-0.066664 
14.320000 ,25.956170 ,-10.273278,4.043581  ,4.111123  ,0.008168  ,-0.014041 
14.340000 ,25.933877 ,-10.195543,4.043662  ,4.111123  ,0.011968  ,0.012497  
14.340000 ,25.933877 ,-10.195543,4.043662  ,4.111123  ,0.011968  ,-0.011892 
14.360000 ,25.908971 ,-10.118525,4.051085  ,4.145963  ,0.008205  ,-0.009912 
14.360000 ,25.908971 ,-10.118525,4.051085  ,4.145963  ,0.008205  ,-0.052169 
14.380000 ,25.881233 ,-10.042320,4.058973  ,4.145963  ,0.013118  ,0.007104  
14.380000 ,25.881233 ,-10.042320,4.058973  ,4.145963  ,0.013118  ,-0.018599 
14.400000 ,25.850320 ,-9.967167 ,4.067709  ,4.188635  ,0.006578  ,0.029669  
14.400000 ,25.850320 ,-9.967167 ,4.067709  ,4.188635  ,0.006578  ,-0.081703 
14.420000 ,25.816567 ,-9.892994 ,4.081690  ,4.188635  ,0.011989  ,0.104943  
14.420000 ,25.816567 ,-9.892994 ,4.081690  ,4.188635  ,0.011989  ,0.009554  
14.440000 ,25.780224 ,-9.819679 ,4.101362  ,4.188635  ,0.014711  ,0.015789  
14.440000 ,25.780224 ,-9.819679 ,4.101362  ,4.188635  ,0.014711  ,-0.095823 
14.460000 ,25.741124 ,-9.747465 ,4.110930  ,4.239111  ,0.009987  ,-0.043549 
14.460000 ,25.741124 ,-9.747465 ,4.110930  ,4.239111  ,0.009987  ,-0.024664 
14.480000 ,25.699536 ,-9.676452 ,4.118787  ,4.239111  ,0.013847  ,0.057494  
14.480000 ,25.699536 ,-9.676452 ,4.118787  ,4.239111  ,0.013847  ,0.006507  
14.500000 ,25.655296 ,-9.606771 ,4.135295  ,4.296371  ,0.007554  ,-0.019282 
14.500000 ,25.655296 ,-9.606771 ,4.135295  ,4.296371  ,0.007554  ,0.016723  
14.520000 ,25.608608 ,-9.538347 ,4.148459  ,4.296371  ,0.012394  ,0.087572  
14.520000 ,25.608608 ,-9.538347 ,4.148459  ,4.296371  ,0.012394  ,-0.002735 
14.540000 ,25.559331 ,-9.471326 ,4.170321  ,4.296371  ,0.014328  ,-0.071472 
14.540000 ,25.559331 ,-9.471326 ,4.170321  ,4.296371  ,0.014328  ,0.005456  
14.560000 ,25.507880 ,-9.405618 ,4.175388  ,4.361467  ,0.010588  ,-0.022191 
14.560000 ,25.507880 ,-9.405618 ,4.175388  ,4.361467  ,0.010588  ,0.042111  
14.580000 ,25.454345 ,-9.341332 ,4.190604  ,4.361467  ,0.013866  ,-0.005754 
14.580000 ,25.454345 ,-9.341332 ,4.190604  ,4.361467  ,0.013866  ,-0.054627 
14.600000 ,25.398728 ,-9.278429 ,4.205932  ,4.433880  ,0.009486  ,0.063125  
14.600000 ,25.398728 ,-9.278429 ,4.205932  ,4.433880  ,0.009486  ,-0.017441 
14.620000 ,25.341014 ,-9.216861 ,4.232955  ,4.433880  ,0.013689  ,-0.069900 
14.620000 ,25.341014 ,-9.216861 ,4.232955  ,4.433880  ,0.013689  ,0.041825  
14.640000 ,25.281308 ,-9.156672 ,4.245119  ,4.433880  ,0.015517  ,-0.013338 
14.640000 ,25.281308 ,-9.156672 ,4.245119  ,4.433880  ,0.015517  ,-0.030525 
14.660000 ,25.219738 ,-9.097977 ,4.261405  ,4.513049  ,0.013708  ,-0.084722 
14.660000 ,25.219738 ,-9.097977 ,4.261405  ,4.513049  ,0.013708  ,0.011965  
14.680000 ,25.156346 ,-9.040778 ,4.276902  ,4.513049  ,0.015934  ,0.022780  
14.680000 ,25.156346 ,-9.040778 ,4.276902  ,4.513049  ,0.015934  ,0.004770  
14.700000 ,25.091232 ,-8.984938 ,4.300941  ,4.599386  ,0.013511  ,-0.077268 
14.700000 ,25.091232 ,-8.984938 ,4.300941  ,4.599386  ,0.013511  ,-0.026599 
14.720000 ,25.024554 ,-8.930267 ,4.321474  ,4.599386  ,0.015877  ,-0.064960 
14.720000 ,25.024554 ,-8.930267 ,4.321474  ,4.599386  ,0.015877  ,-0.027994 
14.740000 ,24.956499 ,-8.876667 ,4.341245  ,4.691950  ,0.013759  ,-0.032388 
14.740000 ,24.956499 ,-8.876667 ,4.341245  ,4.691950  ,0.013759  ,0.054588  
14.760000 ,24.887132 ,-8.823954 ,4.370797  ,4.691950  ,0.016021  ,-0.076645 
14.760000 ,24.887132 ,-8.823954 ,4.370797  ,4.691950  ,0.016021  ,-0.024823 
14.780000 ,24.816514 ,-8.772043 ,4.393497  ,4.691950  ,0.016900  ,0.045465  
14.780000 ,24.816514 ,-8.772043 ,4.393497  ,4.691950  ,0.016900  ,-0.045611 
14.800000 ,24.744835 ,-8.720662 ,4.425426  ,4.791292  ,0.016358  ,-0.013447 
14.800000 ,24.744835 ,-8.720662 ,4.425426  ,4.791292  ,0.016358  ,0.028295  
14.820000 ,24.672092 ,-8.669663 ,4.458144  ,4.791292  ,0.017259  ,0.010523  
14.820000 ,24.672092 ,-8.669663 ,4.458144  ,4.791292  ,0.017259  ,-0.052334 
14.840000 ,24.598358 ,-8.618959 ,4.490050  ,4.897352  ,0.016951  ,0.009900  
14.840000 ,24.598358 ,-8.618959 ,4.490050  ,4.897352  ,0.016951  ,-0.032258 
14.860000 ,24.523647 ,-8.568431 ,4.528783  ,4.897352  ,0.017301  ,-0.049190 
14.860000 ,24.523647 ,-8.568431 ,4.528783  ,4.897352  ,0.017301  ,-0.087477 
14.880000 ,24.448037 ,-8.518018 ,4.558434  ,5.010905  ,0.016789  ,0.057513  
14.880000 ,24.448037 ,-8.518018 ,4.558434  ,5.010905  ,0.016789  ,-0.063952 
14.900000 ,24.371497 ,-8.467610 ,4.605780  ,5.010905  ,0.016442  ,-0.015199 
14.900000 ,24.371497 ,-8.467610 ,4.605780  ,5.010905  ,0.016442  ,0.069684  
14.920000 ,24.294010 ,-8.417126 ,4.641980  ,5.132204  ,0.015397  ,0.005727  
14.920000 ,24.294010 ,-8.417126 ,4.641980  ,5.132204  ,0.015397  ,-0.019712 
14.940000 ,24.215610 ,-8.366535 ,4.688024  ,5.132204  ,0.014478  ,-0.068082 
14.940000 ,24.215610 ,-8.366535 ,4.688024  ,5.132204  ,0.014478  ,-0.007011 
14.960000 ,24.136329 ,-8.315821 ,4.722940  ,5.261713  ,0.012857  ,0.069427  
14.960000 ,24.136329 ,-8.315821 ,4.722940  ,5.261713  ,0.012857  ,0.065274  
14.980000 ,24.056089 ,-8.264906 ,4.779405  ,5.261713  ,0.011547  ,0.013448  
14.980000 ,24.056089 ,-8.264906 ,4.779405  ,5.261713  ,0.011547  ,-0.050079 
15.000000 ,23.974808 ,-8.213724 ,4.825431  ,5.398766  ,0.009447  ,0.002174  
15.000000 ,23.974808 ,-8.213724 ,4.825431  ,5.398766  ,0.009447  ,-0.004031 
15.020000 ,23.892588 ,-8.162163 ,4.878860  ,5.398766  ,0.000000  ,0.031912  
15.020000 ,23.892588 ,-8.162163 ,4.878860  ,5.398766  ,0.000000  ,-0.037293 
15.040000 ,23.809466 ,-8.110072 ,4.930090  ,5.398766  ,0.006608  ,0.064065  
15.040000 ,23.809466 ,-8.110072 ,4.930090  ,5.398766  ,0.006608  ,0.015620  
15.060000 ,23.725494 ,-8.057441 ,4.979550  ,5.543422  ,0.000000  ,-0.090639 
15.060000 ,23.725494 ,-8.057441 ,4.979550  ,5.543422  ,0.000000  ,-0.002652 
15.080000 ,23.640760 ,-8.004269 ,5.023484  ,5.543422  ,0.004290  ,0.029169  
15.080000 ,23.640760 ,-8.004269 ,5.023484  ,5.543422  ,0.004290  ,0.035292  
15.100000 ,23.555204 ,-7.950620 ,5.074463  ,5.694231  ,0.000000  ,-0.013589 
15.100000 ,23.555204 ,-7.950620 ,5.074463  ,5.694231  ,0.000000  ,-0.051691 
15.120000 ,23.468670 ,-7.896509 ,5.130740  ,5.849988  ,0.002319  ,-0.009976 
15.120000 ,23.468670 ,-7.896509 ,5.130740  ,5.849988  ,0.002319  ,0.106825  
15.140000 ,23.381039 ,-7.841848 ,5.196588  ,5.849988  ,0.000000  ,0.132816  
15.140000 ,23.381039 ,-7.841848 ,5.196588  ,5.849988  ,0.000000  ,0.050199  
15.160000 ,23.292159 ,-7.786564 ,5.269579  ,6.009920  ,0.001869  ,-0.070235 
15.160000 ,23.292159 ,-7.786564 ,5.269579  ,6.009920  ,0.001869  ,-0.014220 
15.180000 ,23.202049 ,-7.730702 ,5.331791  ,6.009920  ,0.002504  ,-0.028676 
15.180000 ,23.202049 ,-7.730702 ,5.331791  ,6.009920  ,0.002504  ,-0.044160 
15.200000 ,23.110797 ,-7.674356 ,5.392086  ,6.171381  ,0.002379  ,0.039278  
15.200000 ,23.110797 ,-7.674356 ,5.392086  ,6.171381  ,0.002379  ,-0.034037 
15.220000 ,23.018268 ,-7.617482 ,5.468081  ,6.171381  ,0.003431  ,-0.035185 
15.220000 ,23.018268 ,-7.617482 ,5.468081  ,6.171381  ,0.003431  ,-0.029336 
15.240000 ,22.924435 ,-7.560097 ,5.530108  ,6.334220  ,0.003799  ,0.031759  
15.240000 ,22.924435 ,-7.560097 ,5.530108  ,6.334220  ,0.003799  ,0.050413  
15.260000 ,22.829268 ,-7.502213 ,5.607710  ,6.334220  ,0.005218  ,-0.030613 
15.260000 ,22.829268 ,-7.502213 ,5.607710  ,6.334220  ,0.005218  ,0.030690  
15.280000 ,22.732739 ,-7.443837 ,5.672316  ,6.495928  ,0.006103  ,0.045728  
15.280000 ,22.732739 ,-7.443837 ,5.672316  ,6.495928  ,0.006103  ,0.079472  
15.300000 ,22.634808 ,-7.384968 ,5.753025  ,6.495928  ,0.007852  ,0.066857  
15.300000 ,22.634808 ,-7.384968 ,5.753025  ,6.495928  ,0.007852  ,-0.081902 
15.320000 ,22.535380 ,-7.325565 ,5.828202  ,6.655308  ,0.000000  ,-0.026517 
15.320000 ,22.535380 ,-7.325565 ,5.828202  ,6.655308  ,0.000000  ,-0.027613 
15.340000 ,22.434505 ,-7.265671 ,5.902528  ,6.811939  ,0.010689  ,-0.025786 
15.340000 ,22.434505 ,-7.265671 ,5.902528  ,6.811939  ,0.010689  ,-0.002099 
15.360000 ,22.332106 ,-7.205279 ,5.984563  ,6.811939  ,0.013323  ,0.031031  
15.360000 ,22.332106 ,-7.205279 ,5.984563  ,6.811939  ,0.013323  ,-0.000001 
15.380000 ,22.228023 ,-7.144563 ,6.064256  ,6.963921  ,0.015070  ,0.018262  
15.380000 ,22.228023 ,-7.144563 ,6.064256  ,6.963921  ,0.015070  ,-0.036535 
15.400000 ,22.122201 ,-7.083558 ,6.149476  ,6.963921  ,0.017461  ,0.010900  
15.400000 ,22.122201 ,-7.083558 ,6.149476  ,6.963921  ,0.017461  ,0.008348  
15.420000 ,22.014637 ,-7.022339 ,6.226100  ,7.111468  ,0.019190  ,0.017047  
15.420000 ,22.014637 ,-7.022339 ,6.226100  ,7.111468  ,0.019190  ,-0.013029 
15.440000 ,21.905308 ,-6.960982 ,6.309879  ,7.254273  ,0.020565  ,-0.042765 
15.440000 ,21.905308 ,-6.960982 ,6.309879  ,7.254273  ,0.020565  ,-0.012912 
15.460000 ,21.794119 ,-6.899521 ,6.393586  ,7.254273  ,0.022566  ,0.055069  
15.460000 ,21.794119 ,-6.899521 ,6.393586  ,7.254273  ,0.022566  ,0.022236  
15.480000 ,21.681040 ,-6.837998 ,6.478604  ,7.392182  ,0.023595  ,-0.014246 
15.480000 ,21.681040 ,-6.837998 ,6.478604  ,7.392182  ,0.023595  ,-0.054394 
15.500000 ,21.566150 ,-6.776281 ,6.562097  ,7.526298  ,0.024372  ,0.043230  
15.500000 ,21.566150 ,-6.776281 ,6.562097  ,7.526298  ,0.024372  ,-0.006773 
15.520000 ,21.449377 ,-6.714332 ,6.655626  ,7.526298  ,0.025957  ,-0.011771 
15.520000 ,21.449377 ,-6.714332 ,6.655626  ,7.526298  ,0.025957  ,-0.048506 
15.540000 ,21.330764 ,-6.652159 ,6.735365  ,7.656602  ,0.026742  ,-0.026225 
15.540000 ,21.330764 ,-6.652159 ,6.735365  ,7.656602  ,0.026742  ,0.010471  
15.560000 ,21.210422 ,-6.589781 ,6.818457  ,7.783356  ,0.027391  ,0.034612  
15.560000 ,21.210422 ,-6.589781 ,6.818457  ,7.783356  ,0.027391  ,-0.027910 
15.580000 ,21.088254 ,-6.527102 ,6.911251  ,7.783356  ,0.028906  ,-0.102208 
15.580000 ,21.088254 ,-6.527102 ,6.911251  ,7.783356  ,0.028906  ,-0.031859 
15.600000 ,20.964389 ,-6.464140 ,6.982727  ,7.907430  ,0.029837  ,0.044919  
15.600000 ,20.964389 ,-6.464140 ,6.982727  ,7.907430  ,0.029837  ,0.015077  
15.620000 ,20.838865 ,-6.400875 ,7.072746  ,8.000000  ,0.030808  ,-0.058673 
15.620000 ,20.838865 ,-6.400875 ,7.072746  ,8.000000  ,0.030808  ,0.031951  
15.640000 ,20.711619 ,-6.337241 ,7.153384  ,8.000000  ,0.032637  ,0.022062  
15.640000 ,20.711619 ,-6.337241 ,7.153384  ,8.000000  ,0.032637  ,0.030393  
15.660000 ,20.582734 ,-6.273278 ,7.234031  ,8.000000  ,0.034128  ,0.067865  
15.660000 ,20.582734 ,-6.273278 ,7.234031  ,8.000000  ,0.034128  ,0.041946  
15.680000 ,20.452147 ,-6.209194 ,7.311444  ,8.000000  ,0.035523  ,-0.028563 
15.680000 ,20.452147 ,-6.209194 ,7.311444  ,8.000000  ,0.035523  ,-0.017419 
15.700000 ,20.320011 ,-6.145125 ,7.372717  ,8.000000  ,0.036785  ,-0.118244 
15.700000 ,20.320011 ,-6.145125 ,7.372717  ,8.000000  ,0.036785  ,-0.005230 
15.720000 ,20.186567 ,-6.081276 ,7.419976  ,8.000000  ,0.038654  ,-0.016259 
15.720000 ,20.186567 ,-6.081276 ,7.419976  ,8.000000  ,0.038654  ,-0.031462 
15.740000 ,20.051856 ,-6.017772 ,7.472315  ,8.000000  ,0.039692  ,0.035353  
15.740000 ,20.051856 ,-6.017772 ,7.472315  ,8.000000  ,0.039692  ,0.054135  
15.760000 ,19.915792 ,-5.954691 ,7.524587  ,8.000000  ,0.040333  ,0.017654  
15.760000 ,19.915792 ,-5.954691 ,7.524587  ,8.000000  ,0.040333  ,0.009107  
15.780000 ,19.778406 ,-5.892142 ,7.570363  ,8.000000  ,0.040502  ,0.056199  
15.780000 ,19.778406 ,-5.892142 ,7.570363  ,8.000000  ,0.040502  ,0.016465  
15.800000 ,19.639824 ,-5.830032 ,7.615467  ,8.000000  ,0.041126  ,-0.116434 
15.800000 ,19.639824 ,-5.830032 ,7.615467  ,8.000000  ,0.041126  ,-0.000498 
15.820000 ,19.500230 ,-5.768482 ,7.640357  ,8.000000  ,0.040867  ,0.040622  
15.820000 ,19.500230 ,-5.768482 ,7.640357  ,8.000000  ,0.040867  ,0.038881  
15.840000 ,19.359691 ,-5.707542 ,7.677517  ,8.000000  ,0.040239  ,-0.093436 
15.840000 ,19.359691 ,-5.707542 ,7.677517  ,8.000000  ,0.040239  ,0.015072  
15.860000 ,19.218252 ,-5.647220 ,7.698782  ,8.000000  ,0.039259  ,0.068620  
15.860000 ,19.218252 ,-5.647220 ,7.698782  ,8.000000  ,0.039259  ,-0.076155 
15.880000 ,19.075950 ,-5.587505 ,7.733117  ,8.000000  ,0.038672  ,0.068621  
15.880000 ,19.075950 ,-5.587505 ,7.733117  ,8.000000  ,0.038672  ,0.092927  
15.900000 ,18.932716 ,-5.528328 ,7.764265  ,8.000000  ,0.037349  ,-0.029902 
15.900000 ,18.932716 ,-5.528328 ,7.764265  ,8.000000  ,0.037349  ,0.016305  
15.920000 ,18.788708 ,-5.469716 ,7.783374  ,8.000000  ,0.035805  ,0.009253  
15.920000 ,18.788708 ,-5.469716 ,7.783374  ,8.000000  ,0.035805  ,0.075346  
15.940000 ,18.644038 ,-5.411673 ,7.804345  ,8.000000  ,0.034084  ,-0.006634 
15.940000 ,18.644038 ,-5.411673 ,7.804345  ,8.000000  ,0.034084  ,0.065045  
15.960000 ,18.498735 ,-5.354179 ,7.821893  ,8.000000  ,0.032850  ,0.003786  
15.960000 ,18.498735 ,-5.354179 ,7.821893  ,8.000000  ,0.032850  ,-0.021134 
15.980000 ,18.352850 ,-5.297225 ,7.838780  ,8.000000  ,0.031163  ,0.032881  
15.980000 ,18.352850 ,-5.297225 ,7.838780  ,8.000000  ,0.031163  ,0.011827  
16.000000 ,18.206387 ,-5.240795 ,7.856800  ,8.000000  ,0.029421  ,0.019674  
16.000000 ,18.206387 ,-5.240795 ,7.856800  ,8.000000  ,0.029421  ,0.047154  
16.020000 ,18.059371 ,-5.184882 ,7.871921  ,8.000000  ,0.027654  ,0.010450  
16.020000 ,18.059371 ,-5.184882 ,7.871921  ,8.000000  ,0.027654  ,0.130647  
16.040000 ,17.911857 ,-5.129499 ,7.884782  ,8.000000  ,0.025885  ,-0.037195 
16.040000 ,17.911857 ,-5.129499 ,7.884782  ,8.000000  ,0.025885  ,0.055061  
16.060000 ,17.763922 ,-5.074668 ,7.892026  ,8.000000  ,0.024929  ,-0.031236 
16.060000 ,17.763922 ,-5.074668 ,7.892026  ,8.000000  ,0.024929  ,-0.038346 
16.080000 ,17.615623 ,-5.020412 ,7.899150  ,8.000000  ,0.023525  ,0.042609  
16.080000 ,17.615623 ,-5.020412 ,7.899150  ,8.000000  ,0.023525  ,-0.064875 
16.100000 ,17.466904 ,-4.966712 ,7.912469  ,8.000000  ,0.022195  ,0.017440  
16.100000 ,17.466904 ,-4.966712 ,7.912469  ,8.000000  ,0.022195  ,0.017283  
16.120000 ,17.317741 ,-4.913566 ,7.922214  ,8.000000  ,0.020954  ,0.008621  
16.120000 ,17.317741 ,-4.913566 ,7.922214  ,8.000000  ,0.020954  ,0.025325  
16.140000 ,17.168185 ,-4.860998 ,7.930236  ,8.000000  ,0.019818  ,-0.027207 
16.140000 ,17.168185 ,-4.860998 ,7.930236  ,8.000000  ,0.019818  ,0.039220  
16.160000 ,17.018292 ,-4.809034 ,7.934187  ,8.000000  ,0.019805  ,0.013560  
16.160000 ,17.018292 ,-4.809034 ,7.934187  ,8.000000  ,0.019805  ,-0.067526 
16.180000 ,16.868068 ,-4.757686 ,7.941556  ,8.000000  ,0.019300  ,0.017575  
16.180000 ,16.868068 ,-4.757686 ,7.941556  ,8.000000  ,0.019300  ,-0.022001 
16.200000 ,16.717482 ,-4.706950 ,7.948613  ,8.000000  ,0.018980  ,0.033479  
16.200000 ,16.717482 ,-4.706950 ,7.948613  ,8.000000  ,0.018980  ,0.007772  
16.220000 ,16.566532 ,-4.656835 ,7.956492  ,8.000000  ,0.018865  ,0.106883  
16.220000 ,16.566532 ,-4.656835 ,7.956492  ,8.000000  ,0.018865  ,0.003256  
16.240000 ,16.415151 ,-4.607327 ,7.970454  ,8.000000  ,0.018979  ,0.063957  
16.240000 ,16.415151 ,-4.607327 ,7.970454  ,8.000000  ,0.018979  ,-0.042078 
16.260000 ,16.263335 ,-4.558428 ,7.979135  ,8.000000  ,0.020592  ,-0.054211 
16.260000 ,16.263335 ,-4.558428 ,7.979135  ,8.000000  ,0.020592  ,0.014602  
16.280000 ,16.111333 ,-4.510225 ,7.967656  ,8.000000  ,0.021684  ,-0.009088 
16.280000 ,16.111333 ,-4.510225 ,7.967656  ,8.000000  ,0.021684  ,0.009943  
16.300000 ,15.959197 ,-4.462741 ,7.969815  ,8.000000  ,0.023111  ,0.022159  
16.300000 ,15.959197 ,-4.462741 ,7.969815  ,8.000000  ,0.023111  ,0.017394  
16.320000 ,15.806775 ,-4.415938 ,7.974675  ,7.978309  ,0.024900  ,0.009640  
16.320000 ,15.806775 ,-4.415938 ,7.974675  ,7.978309  ,0.024900  ,0.003741  
16.340000 ,15.654080 ,-4.369828 ,7.975907  ,7.978309  ,0.028110  ,-0.036673 
16.340000 ,15.654080 ,-4.369828 ,7.975907  ,7.978309  ,0.028110  ,0.063292  
16.360000 ,15.501276 ,-4.324468 ,7.964110  ,7.886610  ,0.031177  ,0.013918  
16.360000 ,15.501276 ,-4.324468 ,7.964110  ,7.886610  ,0.031177  ,-0.078915 
16.380000 ,15.348579 ,-4.279961 ,7.942224  ,7.794217  ,0.034671  ,-0.072589 
16.380000 ,15.348579 ,-4.279961 ,7.942224  ,7.794217  ,0.034671  ,0.000636  
16.400000 ,15.196546 ,-4.236782 ,7.866289  ,7.701215  ,0.038285  ,-0.002444 
16.400000 ,15.196546 ,-4.236782 ,7.866289  ,7.701215  ,0.038285  ,-0.011764 
16.420000 ,15.045471 ,-4.195106 ,7.808625  ,7.607211  ,0.041911  ,-0.013721 
16.420000 ,15.045471 ,-4.195106 ,7.808625  ,7.607211  ,0.041911  ,-0.034766 
16.440000 ,14.895331 ,-4.155045 ,7.734571  ,7.607211  ,0.046761  ,0.033317  
16.440000 ,14.895331 ,-4.155045 ,7.734571  ,7.607211  ,0.046761  ,0.057554  
16.460000 ,14.745822 ,-4.116691 ,7.702199  ,7.511854  ,0.050573  ,-0.103453 
16.460000 ,14.745822 ,-4.116691 ,7.702199  ,7.511854  ,0.050573  ,0.038054  
16.480000 ,14.597236 ,-4.080296 ,7.601067  ,7.415414  ,0.053935  ,-0.034555 
16.480000 ,14.597236 ,-4.080296 ,7.601067  ,7.415414  ,0.053935  ,0.022425  
16.500000 ,14.449921 ,-4.046142 ,7.525266  ,7.317273  ,0.056604  ,0.007848  
16.500000 ,14.449921 ,-4.046142 ,7.525266  ,7.317273  ,0.056604  ,0.055445  
16.520000 ,14.303550 ,-4.014375 ,7.456371  ,7.317273  ,0.059699  ,0.049984  
16.520000 ,14.303550 ,-4.014375 ,7.456371  ,7.317273  ,0.059699  ,0.066705  
16.540000 ,14.157655 ,-3.985099 ,7.425696  ,7.217203  ,0.060966  ,0.004336  
16.540000 ,14.157655 ,-3.985099 ,7.425696  ,7.217203  ,0.060966  ,0.030467  
16.560000 ,14.012347 ,-3.958221 ,7.355420  ,7.115439  ,0.061200  ,-0.043668 
16.560000 ,14.012347 ,-3.958221 ,7.355420  ,7.115439  ,0.061200  ,0.012468  
16.580000 ,13.868302 ,-3.933930 ,7.257781  ,7.011588  ,0.060285  ,-0.001023 
16.580000 ,13.868302 ,-3.933930 ,7.257781  ,7.011588  ,0.060285  ,-0.034419 
16.600000 ,13.725697 ,-3.912150 ,7.172684  ,7.011588  ,0.059903  ,-0.002639 
16.600000 ,13.725697 ,-3.912150 ,7.172684  ,7.011588  ,0.059903  ,0.030813  
16.620000 ,13.584162 ,-3.892743 ,7.116322  ,6.906198  ,0.057609  ,-0.013250 
16.620000 ,13.584162 ,-3.892743 ,7.116322  ,6.906198  ,0.057609  ,-0.010191 
16.640000 ,13.443678 ,-3.875685 ,7.039431  ,6.799865  ,0.054243  ,0.024882  
16.640000 ,13.443678 ,-3.875685 ,7.039431  ,6.799865  ,0.054243  ,-0.033384 
16.660000 ,13.304455 ,-3.860863 ,6.965532  ,6.692926  ,0.049897  ,-0.008217 
16.660000 ,13.304455 ,-3.860863 ,6.965532  ,6.692926  ,0.049897  ,-0.033291 
16.680000 ,13.166776 ,-3.847850 ,6.868866  ,6.692926  ,0.047152  ,-0.039317 
16.680000 ,13.166776 ,-3.847850 ,6.868866  ,6.692926  ,0.047152  ,-0.016993 
16.700000 ,13.030656 ,-3.836452 ,6.794769  ,6.586230  ,0.042637  ,0.035167  
16.700000 ,13.030656 ,-3.836452 ,6.794769  ,6.586230  ,0.042637  ,-0.083942 
16.720000 ,12.895761 ,-3.826433 ,6.735090  ,6.480269  ,0.037836  ,0.006737  
16.720000 ,12.895761 ,-3.826433 ,6.735090  ,6.480269  ,0.037836  ,-0.006739 
16.740000 ,12.762255 ,-3.817517 ,6.649693  ,6.480269  ,0.035074  ,0.007349  
16.740000 ,12.762255 ,-3.817517 ,6.649693  ,6.480269  ,0.035074  ,-0.028649 
16.760000 ,12.630096 ,-3.809434 ,6.593903  ,6.375825  ,0.031266  ,0.013222  
16.760000 ,12.630096 ,-3.809434 ,6.593903  ,6.375825  ,0.031266  ,-0.044703 
16.780000 ,12.499162 ,-3.802166 ,6.523386  ,6.273601  ,0.027592  ,-0.037137 
16.780000 ,12.499162 ,-3.802166 ,6.523386  ,6.273601  ,0.027592  ,-0.026536 
16.800000 ,12.369906 ,-3.795481 ,6.424621  ,6.273601  ,0.026365  ,0.066135  
16.800000 ,12.369906 ,-3.795481 ,6.424621  ,6.273601  ,0.026365  ,-0.039181 
16.820000 ,12.241871 ,-3.789301 ,6.395402  ,6.174271  ,0.024232  ,0.041683  
16.820000 ,12.241871 ,-3.789301 ,6.395402  ,6.174271  ,0.024232  ,-0.031444 
16.840000 ,12.114740 ,-3.783610 ,6.333632  ,6.174271  ,0.023767  ,0.004283  
16.840000 ,12.114740 ,-3.783610 ,6.333632  ,6.174271  ,0.023767  ,-0.028512 
16.860000 ,11.988739 ,-3.778350 ,6.280250  ,6.078400  ,0.023129  ,0.101850  
16.860000 ,11.988739 ,-3.778350 ,6.280250  ,6.078400  ,0.023129  ,-0.000846 
16.880000 ,11.863581 ,-3.773746 ,6.245828  ,5.986427  ,0.022460  ,0.016424  
16.880000 ,11.863581 ,-3.773746 ,6.245828  ,5.986427  ,0.022460  ,0.004522  
16.900000 ,11.739606 ,-3.769858 ,6.162189  ,5.986427  ,0.023622  ,0.064802  
16.900000 ,11.739606 ,-3.769858 ,6.162189  ,5.986427  ,0.023622  ,0.026569  
16.920000 ,11.616803 ,-3.766771 ,6.123994  ,5.898908  ,0.023812  ,0.006658  
16.920000 ,11.616803 ,-3.766771 ,6.123994  ,5.898908  ,0.023812  ,0.029933  
16.940000 ,11.495132 ,-3.764779 ,6.048806  ,5.815991  ,0.023269  ,0.040456  
16.940000 ,11.495132 ,-3.764779 ,6.048806  ,5.815991  ,0.023269  ,0.082998  
16.960000 ,11.374856 ,-3.764014 ,5.982591  ,5.815991  ,0.025610  ,0.030898  
16.960000 ,11.374856 ,-3.764014 ,5.982591  ,5.815991  ,0.025610  ,-0.051796 
16.980000 ,11.255698 ,-3.764659 ,5.935879  ,5.738160  ,0.025288  ,0.047439  
16.980000 ,11.255698 ,-3.764659 ,5.935879  ,5.738160  ,0.025288  ,0.013959  
17.000000 ,11.137547 ,-3.766882 ,5.884149  ,5.738160  ,0.027401  ,0.013179  
17.000000 ,11.137547 ,-3.766882 ,5.884149  ,5.738160  ,0.027401  ,-0.050163 
17.020000 ,11.020408 ,-3.770692 ,5.838433  ,5.665529  ,0.027394  ,0.009340  
17.020000 ,11.020408 ,-3.770692 ,5.838433  ,5.665529  ,0.027394  ,0.093251  
17.040000 ,10.904365 ,-3.776224 ,5.782130  ,5.665529  ,0.029366  ,0.036126  
17.040000 ,10.904365 ,-3.776224 ,5.782130  ,5.665529  ,0.029366  ,-0.004365 
17.060000 ,10.789251 ,-3.783591 ,5.754429  ,5.598360  ,0.029851  ,-0.020294 
17.060000 ,10.789251 ,-3.783591 ,5.754429  ,5.598360  ,0.029851  ,-0.000947 
17.080000 ,10.675192 ,-3.793016 ,5.693721  ,5.537235  ,0.028838  ,0.018178  
17.080000 ,10.675192 ,-3.793016 ,5.693721  ,5.537235  ,0.028838  ,0.001797  
17.100000 ,10.562403 ,-3.804503 ,5.646112  ,5.537235  ,0.032317  ,-0.025371 
17.100000 ,10.562403 ,-3.804503 ,5.646112  ,5.537235  ,0.032317  ,-0.024030 
17.120000 ,10.450798 ,-3.818128 ,5.599901  ,5.482246  ,0.031599  ,-0.018285 
17.120000 ,10.450798 ,-3.818128 ,5.599901  ,5.482246  ,0.031599  ,0.015099  
17.140000 ,10.340418 ,-3.833918 ,5.553107  ,5.482246  ,0.034852  ,0.068237  
17.140000 ,10.340418 ,-3.833918 ,5.553107  ,5.482246  ,0.034852  ,-0.099931 
17.160000 ,10.230849 ,-3.851993 ,5.552203  ,5.434025  ,0.034533  ,-0.067257 
17.160000 ,10.230849 ,-3.851993 ,5.552203  ,5.434025  ,0.034533  ,0.071511  
17.180000 ,10.122361 ,-3.872288 ,5.488372  ,5.434025  ,0.037655  ,0.045861  
17.180000 ,10.122361 ,-3.872288 ,5.488372  ,5.434025  ,0.037655  ,-0.056021 
17.200000 ,10.014965 ,-3.894822 ,5.485451  ,5.392811  ,0.037951  ,-0.011272 
17.200000 ,10.014965 ,-3.894822 ,5.485451  ,5.392811  ,0.037951  ,-0.037556 
17.220000 ,9.908519  ,-3.919768 ,5.449682  ,5.392811  ,0.040977  ,0.022909  
17.220000 ,9.908519  ,-3.919768 ,5.449682  ,5.392811  ,0.040977  ,0.045775  
17.240000 ,9.803133  ,-3.947081 ,5.437991  ,5.358170  ,0.041754  ,0.031519  
17.240000 ,9.803133  ,-3.947081 ,5.437991  ,5.358170  ,0.041754  ,-0.042138 
17.260000 ,9.698691  ,-3.976780 ,5.421365  ,5.330242  ,0.040550  ,-0.064948 
17.260000 ,9.698691  ,-3.976780 ,5.421365  ,5.330242  ,0.040550  ,-0.037863 
17.280000 ,9.595675  ,-4.008737 ,5.367641  ,5.330242  ,0.046206  ,-0.051541 
17.280000 ,9.595675  ,-4.008737 ,5.367641  ,5.330242  ,0.046206  ,-0.047260 
17.300000 ,9.494327  ,-4.043138 ,5.337026  ,5.308724  ,0.045308  ,-0.044668 
17.300000 ,9.494327  ,-4.043138 ,5.337026  ,5.308724  ,0.045308  ,0.046787  
17.320000 ,9.394389  ,-4.079867 ,5.311908  ,5.308724  ,0.050745  ,0.052783  
17.320000 ,9.394389  ,-4.079867 ,5.311908  ,5.308724  ,0.050745  ,-0.045593 
17.340000 ,9.295752  ,-4.119441 ,5.316513  ,5.293003  ,0.049770  ,-0.013556 
17.340000 ,9.295752  ,-4.119441 ,5.316513  ,5.293003  ,0.049770  ,0.024591  
17.360000 ,9.198415  ,-4.161896 ,5.303754  ,5.293003  ,0.054343  ,-0.013623 
17.360000 ,9.198415  ,-4.161896 ,5.303754  ,5.293003  ,0.054343  ,-0.013403 
17.380000 ,9.102603  ,-4.207197 ,5.295364  ,5.282668  ,0.052856  ,0.075918  
17.380000 ,9.102603  ,-4.207197 ,5.295364  ,5.282668  ,0.052856  ,0.018769  
17.400000 ,9.008254  ,-4.255431 ,5.301233  ,5.282668  ,0.056378  ,0.045259  
17.400000 ,9.008254  ,-4.255431 ,5.301233  ,5.282668  ,0.056378  ,0.030013  
17.420000 ,8.915322  ,-4.306512 ,5.303712  ,5.276894  ,0.054391  ,-0.035593 
17.420000 ,8.915322  ,-4.306512 ,5.303712  ,5.276894  ,0.054391  ,-0.062449 
17.440000 ,8.824137  ,-4.360256 ,5.282228  ,5.276894  ,0.057038  ,-0.039682 
17.440000 ,8.824137  ,-4.360256 ,5.282228  ,5.276894  ,0.057038  ,-0.021753 
17.460000 ,8.734808  ,-4.416344 ,5.266733  ,5.274569  ,0.054794  ,0.011463  
17.460000 ,8.734808  ,-4.416344 ,5.266733  ,5.274569  ,0.054794  ,0.037145  
17.480000 ,8.647325  ,-4.475039 ,5.268524  ,5.274569  ,0.056728  ,0.022156  
17.480000 ,8.647325  ,-4.475039 ,5.268524  ,5.274569  ,0.056728  ,0.074396  
17.500000 ,8.561470  ,-4.536168 ,5.271142  ,5.274237  ,0.054223  ,0.001368  
17.500000 ,8.561470  ,-4.536168 ,5.271142  ,5.274237  ,0.054223  ,0.028288  
17.520000 ,8.477277  ,-4.599617 ,5.271557  ,5.274237  ,0.055749  ,-0.014041 
17.520000 ,8.477277  ,-4.599617 ,5.271557  ,5.274237  ,0.055749  ,0.073686  
17.540000 ,8.394814  ,-4.665238 ,5.267646  ,5.274237  ,0.053427  ,-0.094181 
17.540000 ,8.394814  ,-4.665238 ,5.267646  ,5.274237  ,0.053427  ,0.011176  
17.560000 ,8.314325  ,-4.732718 ,5.237496  ,5.274237  ,0.054797  ,-0.058034 
17.560000 ,8.314325  ,-4.732718 ,5.237496  ,5.274237  ,0.054797  ,0.032839  
17.580000 ,8.235845  ,-4.801976 ,5.230166  ,5.274237  ,0.052810  ,0.024830  
17.580000 ,8.235845  ,-4.801976 ,5.230166  ,5.274237  ,0.052810  ,0.002931  
17.600000 ,8.159276  ,-4.873333 ,5.236563  ,5.274237  ,0.054084  ,-0.081761 
17.600000 ,8.159276  ,-4.873333 ,5.236563  ,5.274237  ,0.054084  ,-0.002291 
17.620000 ,8.084559  ,-4.946490 ,5.221387  ,5.275434  ,0.052390  ,0.075689  
17.620000 ,8.084559  ,-4.946490 ,5.221387  ,5.275434  ,0.052390  ,0.044851  
17.640000 ,8.011841  ,-5.021605 ,5.233432  ,5.275434  ,0.054091  ,-0.009978 
17.640000 ,8.011841  ,-5.021605 ,5.233432  ,5.275434  ,0.054091  ,-0.035756 
17.660000 ,7.941053  ,-5.098742 ,5.236405  ,5.279189  ,0.052963  ,0.005883  
17.660000 ,7.941053  ,-5.098742 ,5.236405  ,5.279189  ,0.052963  ,-0.042789 
17.680000 ,7.872295  ,-5.177794 ,5.240923  ,5.286814  ,0.049656  ,-0.043621 
17.680000 ,7.872295  ,-5.177794 ,5.240923  ,5.286814  ,0.049656  ,0.004866  
17.700000 ,7.805763  ,-5.258789 ,5.241134  ,5.286814  ,0.055224  ,-0.015424 
17.700000 ,7.805763  ,-5.258789 ,5.241134  ,5.286814  ,0.055224  ,0.058855  
17.720000 ,7.741537  ,-5.341663 ,5.243943  ,5.299480  ,0.053010  ,-0.010847 
17.720000 ,7.741537  ,-5.341663 ,5.243943  ,5.299480  ,0.053010  ,0.016622  
17.740000 ,7.679631  ,-5.426370 ,5.248092  ,5.299480  ,0.058173  ,-0.075504 
17.740000 ,7.679631  ,-5.426370 ,5.248092  ,5.299480  ,0.058173  ,-0.009176 
17.760000 ,7.620200  ,-5.512775 ,5.239790  ,5.318299  ,0.056233  ,-0.026287 
17.760000 ,7.620200  ,-5.512775 ,5.239790  ,5.318299  ,0.056233  ,-0.048135 
17.780000 ,7.563267  ,-5.600811 ,5.244639  ,5.318299  ,0.060495  ,0.034893  
17.780000 ,7.563267  ,-5.600811 ,5.244639  ,5.318299  ,0.060495  ,-0.029875 
17.800000 ,7.508789  ,-5.690563 ,5.254717  ,5.344405  ,0.058166  ,-0.038724 
17.800000 ,7.508789  ,-5.690563 ,5.254717  ,5.344405  ,0.058166  ,-0.043002 
17.820000 ,7.456627  ,-5.781850 ,5.259448  ,5.344405  ,0.061506  ,0.027760  
17.820000 ,7.456627  ,-5.781850 ,5.259448  ,5.344405  ,0.061506  ,-0.092056 
17.840000 ,7.407005  ,-5.874715 ,5.269913  ,5.378590  ,0.058784  ,-0.029592 
17.840000 ,7.407005  ,-5.874715 ,5.269913  ,5.378590  ,0.058784  ,0.088411  
17.860000 ,7.359912  ,-5.969087 ,5.277255  ,5.378590  ,0.060881  ,-0.001782 
17.860000 ,7.359912  ,-5.969087 ,5.277255  ,5.378590  ,0.060881  ,0.007649  
17.880000 ,7.315139  ,-6.064765 ,5.286497  ,5.422452  ,0.057723  ,0.008618  
17.880000 ,7.315139  ,-6.064765 ,5.286497  ,5.422452  ,0.057723  ,-0.004643 
17.900000 ,7.272643  ,-6.161724 ,5.299919  ,5.422452  ,0.059104  ,0.006481  
17.900000 ,7.272643  ,-6.161724 ,5.299919  ,5.422452  ,0.059104  ,-0.040931 
17.920000 ,7.232386  ,-6.259909 ,5.311897  ,5.477372  ,0.055826  ,0.014591  
17.920000 ,7.232386  ,-6.259909 ,5.311897  ,5.477372  ,0.055826  ,0.045931  
17.940000 ,7.194318  ,-6.359270 ,5.328614  ,5.477372  ,0.056536  ,-0.026960 
17.940000 ,7.194318  ,-6.359270 ,5.328614  ,5.477372  ,0.056536  ,-0.026643 
17.960000 ,7.158396  ,-6.459725 ,5.339921  ,5.543851  ,0.053309  ,0.019814  
17.960000 ,7.158396  ,-6.459725 ,5.339921  ,5.543851  ,0.053309  ,0.081980  
17.980000 ,7.124425  ,-6.561197 ,5.360693  ,5.543851  ,0.053500  ,-0.005256 
17.980000 ,7.124425  ,-6.561197 ,5.360693  ,5.543851  ,0.053500  ,-0.004180 
18.000000 ,7.092206  ,-6.663629 ,5.377210  ,5.623013  ,0.050763  ,0.046573  
18.000000 ,7.092206  ,-6.663629 ,5.377210  ,5.623013  ,0.050763  ,-0.021451 
18.020000 ,7.061653  ,-6.767027 ,5.404354  ,5.623013  ,0.050825  ,-0.000730 
18.020000 ,7.061653  ,-6.767027 ,5.404354  ,5.623013  ,0.050825  ,-0.053652 
18.040000 ,7.032669  ,-6.871367 ,5.424586  ,5.715917  ,0.048682  ,-0.033789 
18.040000 ,7.032669  ,-6.871367 ,5.424586  ,5.715917  ,0.048682  ,-0.037555 
18.060000 ,7.005178  ,-6.976568 ,5.448496  ,5.715917  ,0.048612  ,-0.024155 
18.060000 ,7.005178  ,-6.976568 ,5.448496  ,5.715917  ,0.048612  ,-0.025973 
18.080000 ,6.979094  ,-7.082604 ,5.471081  ,5.821727  ,0.047039  ,-0.052442 
18.080000 ,6.979094  ,-7.082604 ,5.471081  ,5.821727  ,0.047039  ,0.007648  
18.100000 ,6.954340  ,-7.189476 ,5.498766  ,5.941438  ,0.044888  ,0.040961  
18.100000 ,6.954340  ,-7.189476 ,5.498766  ,5.941438  ,0.044888  ,0.021141  
18.120000 ,6.930808  ,-7.297368 ,5.543666  ,5.941438  ,0.045415  ,-0.043378 
18.120000 ,6.930808  ,-7.297368 ,5.543666  ,5.941438  ,0.045415  ,0.030375  
18.140000 ,6.908438  ,-7.406301 ,5.576567  ,6.074917  ,0.043559  ,0.015275  
18.140000 ,6.908438  ,-7.406301 ,5.576567  ,6.074917  ,0.043559  ,-0.016485 
18.160000 ,6.887185  ,-7.516280 ,5.624252  ,6.074917  ,0.043109  ,0.044508  
18.160000 ,6.887185  ,-7.516280 ,5.624252  ,6.074917  ,0.043109  ,0.100015  
18.180000 ,6.866969  ,-7.627406 ,5.670223  ,6.221292  ,0.041029  ,-0.018198 
18.180000 ,6.866969  ,-7.627406 ,5.670223  ,6.221292  ,0.041029  ,-0.003291 
18.200000 ,6.847530  ,-7.739639 ,5.719694  ,6.221292  ,0.039377  ,-0.103187 
18.200000 ,6.847530  ,-7.739639 ,5.719694  ,6.221292  ,0.039377  ,0.014826  
18.220000 ,6.828674  ,-7.852848 ,5.756682  ,6.380770  ,0.036936  ,-0.040970 
18.220000 ,6.828674  ,-7.852848 ,5.756682  ,6.380770  ,0.036936  ,-0.107264 
18.240000 ,6.810185  ,-7.967043 ,5.810818  ,6.380770  ,0.034249  ,-0.023776 
18.240000 ,6.810185  ,-7.967043 ,5.810818  ,6.380770  ,0.034249  ,0.027694  
18.260000 ,6.791931  ,-8.082336 ,5.861525  ,6.552279  ,0.031048  ,0.015837  
18.260000 ,6.791931  ,-8.082336 ,5.861525  ,6.552279  ,0.031048  ,0.072053  
18.280000 ,6.773738  ,-8.198818 ,5.927124  ,6.735290  ,0.027859  ,0.031575  
18.280000 ,6.773738  ,-8.198818 ,5.927124  ,6.735290  ,0.027859  ,-0.033310 
18.300000 ,6.755208  ,-8.316702 ,6.005085  ,6.735290  ,0.022508  ,0.003845  
18.300000 ,6.755208  ,-8.316702 ,6.005085  ,6.735290  ,0.022508  ,-0.010149 
18.320000 ,6.736165  ,-8.435983 ,6.073233  ,6.927924  ,0.017847  ,-0.072277 
18.320000 ,6.736165  ,-8.435983 ,6.073233  ,6.927924  ,0.017847  ,-0.006605 
18.340000 ,6.716320  ,-8.556561 ,6.145872  ,6.927924  ,0.010963  ,0.044036  
18.340000 ,6.716320  ,-8.556561 ,6.145872  ,6.927924  ,0.010963  ,-0.016879 
18.360000 ,6.695363  ,-8.678466 ,6.222565  ,7.113051  ,0.004385  ,0.000625  
18.360000 ,6.695363  ,-8.678466 ,6.222565  ,7.113051  ,0.004385  ,0.002563  
18.380000 ,6.673096  ,-8.801760 ,6.305295  ,7.279026  ,0.002209  ,0.025630  
18.380000 ,6.673096  ,-8.801760 ,6.305295  ,7.279026  ,0.002209  ,-0.026600 
18.400000 ,6.649294  ,-8.926554 ,6.398075  ,7.279026  ,0.012680  ,-0.040791 
18.400000 ,6.649294  ,-8.926554 ,6.398075  ,7.279026  ,0.012680  ,-0.038813 
18.420000 ,6.623588  ,-9.052712 ,6.476074  ,7.426940  ,0.021709  ,0.017098  
18.420000 ,6.623588  ,-9.052712 ,6.476074  ,7.426940  ,0.021709  ,0.029165  
18.440000 ,6.595790  ,-9.180145 ,6.565939  ,7.560226  ,0.031003  ,0.026522  
18.440000 ,6.595790  ,-9.180145 ,6.565939  ,7.560226  ,0.031003  ,-0.067107 
18.460000 ,6.565700  ,-9.308954 ,6.660710  ,7.560226  ,0.043791  ,0.020559  
18.460000 ,6.565700  ,-9.308954 ,6.660710  ,7.560226  ,0.043791  ,0.025894  
18.480000 ,6.533168  ,-9.439025 ,6.746129  ,7.678917  ,0.054542  ,-0.063399 
18.480000 ,6.533168  ,-9.439025 ,6.746129  ,7.678917  ,0.054542  ,-0.027998 
18.500000 ,6.498081  ,-9.570150 ,6.826842  ,7.785070  ,0.065085  ,0.018277  
18.500000 ,6.498081  ,-9.570150 ,6.826842  ,7.785070  ,0.065085  ,0.090968  
18.520000 ,6.460300  ,-9.702308 ,6.917500  ,7.785070  ,0.076606  ,-0.018706 
18.520000 ,6.460300  ,-9.702308 ,6.917500  ,7.785070  ,0.076606  ,-0.081911 
18.540000 ,6.419748  ,-9.835414 ,6.996307  ,7.881758  ,0.085904  ,-0.019798 
18.540000 ,6.419748  ,-9.835414 ,6.996307  ,7.881758  ,0.085904  ,0.034555  
18.560000 ,6.376573  ,-9.969366 ,7.076674  ,7.969977  ,0.094100  ,0.006789  
18.560000 ,6.376573  ,-9.969366 ,7.076674  ,7.969977  ,0.094100  ,0.001279  
18.580000 ,6.330736  ,-10.104164,7.160237  ,7.969977  ,0.101297  ,-0.020927 
18.580000 ,6.330736  ,-10.104164,7.160237  ,7.969977  ,0.101297  ,0.033369  
18.600000 ,6.282252  ,-10.239697,7.233470  ,8.000000  ,0.106393  ,-0.026393 
18.600000 ,6.282252  ,-10.239697,7.233470  ,8.000000  ,0.106393  ,0.010400  
18.620000 ,6.231307  ,-10.375842,7.302183  ,8.000000  ,0.109732  ,-0.033154 
18.620000 ,6.231307  ,-10.375842,7.302183  ,8.000000  ,0.109732  ,0.007336  
18.640000 ,6.178098  ,-10.512517,7.363890  ,8.000000  ,0.111312  ,-0.059987 
18.640000 ,6.178098  ,-10.512517,7.363890  ,8.000000  ,0.111312  ,-0.030884 
18.660000 ,6.122736  ,-10.649576,7.417377  ,8.000000  ,0.111396  ,-0.073323 
18.660000 ,6.122736  ,-10.649576,7.417377  ,8.000000  ,0.111396  ,-0.007938 
18.680000 ,6.065341  ,-10.786889,7.464660  ,8.000000  ,0.109739  ,-0.027308 
18.680000 ,6.065341  ,-10.786889,7.464660  ,8.000000  ,0.109739  ,-0.000954 
18.700000 ,6.006002  ,-10.924402,7.511825  ,8.000000  ,0.106561  ,0.051601  
18.700000 ,6.006002  ,-10.924402,7.511825  ,8.000000  ,0.106561  ,-0.011306 
18.720000 ,5.944760  ,-11.062144,7.561937  ,8.000000  ,0.102023  ,-0.033447 
18.720000 ,5.944760  ,-11.062144,7.561937  ,8.000000  ,0.102023  ,0.009548  
18.740000 ,5.881699  ,-11.200026,7.599501  ,8.000000  ,0.097375  ,0.004905  
18.740000 ,5.881699  ,-11.200026,7.599501  ,8.000000  ,0.097375  ,-0.094684 
18.760000 ,5.816919  ,-11.337940,7.637139  ,8.000000  ,0.091320  ,0.023737  
18.760000 ,5.816919  ,-11.337940,7.637139  ,8.000000  ,0.091320  ,-0.028411 
18.780000 ,5.750667  ,-11.475969,7.673030  ,8.000000  ,0.084761  ,-0.038017 
18.780000 ,5.750667  ,-11.475969,7.673030  ,8.000000  ,0.084761  ,0.028285  
18.800000 ,5.683044  ,-11.614029,7.699856  ,8.000000  ,0.077872  ,0.023117  
18.800000 ,5.683044  ,-11.614029,7.699856  ,8.000000  ,0.077872  ,-0.027136 
18.820000 ,5.614135  ,-11.752088,7.729867  ,8.000000  ,0.072100  ,-0.033682 
18.820000 ,5.614135  ,-11.752088,7.729867  ,8.000000  ,0.072100  ,0.011412  
18.840000 ,5.544030  ,-11.890125,7.751819  ,8.000000  ,0.065589  ,0.009499  
18.840000 ,5.544030  ,-11.890125,7.751819  ,8.000000  ,0.065589  ,-0.046560 
18.860000 ,5.472824  ,-12.028114,7.775742  ,8.000000  ,0.059224  ,-0.076857 
18.860000 ,5.472824  ,-12.028114,7.775742  ,8.000000  ,0.059224  ,0.042624  
18.880000 ,5.400622  ,-12.166008,7.789426  ,8.000000  ,0.053134  ,-0.064188 
18.880000 ,5.400622  ,-12.166008,7.789426  ,8.000000  ,0.053134  ,-0.122439 
18.900000 ,5.327525  ,-12.303739,7.803017  ,8.000000  ,0.048618  ,0.008338  
18.900000 ,5.327525  ,-12.303739,7.803017  ,8.000000  ,0.048618  ,-0.012196 
18.920000 ,5.253555  ,-12.441374,7.822078  ,8.000000  ,0.043913  ,-0.009869 
18.920000 ,5.253555  ,-12.441374,7.822078  ,8.000000  ,0.043913  ,0.050191  
18.940000 ,5.178740  ,-12.578946,7.837680  ,8.000000  ,0.039739  ,0.000325  
18.940000 ,5.178740  ,-12.578946,7.837680  ,8.000000  ,0.039739  ,0.032539  
18.960000 ,5.103128  ,-12.716432,7.852780  ,8.000000  ,0.036151  ,-0.002604 
18.960000 ,5.103128  ,-12.716432,7.852780  ,8.000000  ,0.036151  ,-0.042155 
18.980000 ,5.026753  ,-12.853822,7.866206  ,8.000000  ,0.033188  ,-0.092647 
18.980000 ,5.026753  ,-12.853822,7.866206  ,8.000000  ,0.033188  ,-0.005714 
19.000000 ,4.949684  ,-12.991021,7.870026  ,8.000000  ,0.032172  ,0.027431  
19.000000 ,4.949684  ,-12.991021,7.870026  ,8.000000  ,0.032172  ,0.032247  
19.020000 ,4.871927  ,-13.128043,7.884639  ,8.000000  ,0.030883  ,-0.035060 
19.020000 ,4.871927  ,-13.128043,7.884639  ,8.000000  ,0.030883  ,0.002457  
19.040000 ,4.793469  ,-13.264919,7.892094  ,8.000000  ,0.030162  ,0.043386  
19.040000 ,4.793469  ,-13.264919,7.892094  ,8.000000  ,0.030162  ,0.045138  
19.060000 ,4.714314  ,-13.401643,7.906140  ,8.000000  ,0.029976  ,0.032134  
19.060000 ,4.714314  ,-13.401643,7.906140  ,8.000000  ,0.029976  ,-0.023361 
19.080000 ,4.634443  ,-13.538248,7.917837  ,8.000000  ,0.030279  ,0.064322  
19.080000 ,4.634443  ,-13.538248,7.917837  ,8.000000  ,0.030279  ,-0.021698 
19.100000 ,4.553857  ,-13.674726,7.931437  ,8.000000  ,0.031882  ,-0.080567 
19.100000 ,4.553857  ,-13.674726,7.931437  ,8.000000  ,0.031882  ,-0.017030 
19.120000 ,4.472637  ,-13.810934,7.927305  ,8.000000  ,0.033002  ,-0.051145 
19.120000 ,4.472637  ,-13.810934,7.927305  ,8.000000  ,0.033002  ,0.058769  
19.140000 ,4.390836  ,-13.946772,7.929306  ,8.000000  ,0.034253  ,-0.022955 
19.140000 ,4.390836  ,-13.946772,7.929306  ,8.000000  ,0.034253  ,-0.043914 
19.160000 ,4.308406  ,-14.082304,7.933738  ,8.000000  ,0.035537  ,-0.039280 
19.160000 ,4.308406  ,-14.082304,7.933738  ,8.000000  ,0.035537  ,0.005484  
19.180000 ,4.225337  ,-14.217527,7.936243  ,8.000000  ,0.036891  ,-0.071448 
19.180000 ,4.225337  ,-14.217527,7.936243  ,8.000000  ,0.036891  ,0.050747  
19.200000 ,4.141638  ,-14.352357,7.933595  ,8.000000  ,0.039819  ,0.034458  
19.200000 ,4.141638  ,-14.352357,7.933595  ,8.000000  ,0.039819  ,0.039102  
19.220000 ,4.057041  ,-14.486708,7.942959  ,8.000000  ,0.041949  ,0.019299  
19.220000 ,4.057041  ,-14.486708,7.942959  ,8.000000  ,0.041949  ,-0.057015 
19.240000 ,3.971443  ,-14.620618,7.950047  ,8.000000  ,0.044200  ,-0.046807 
19.240000 ,3.971443  ,-14.620618,7.950047  ,8.000000  ,0.044200  ,-0.017320 
19.260000 ,3.884823  ,-14.753956,7.950339  ,8.000000  ,0.046587  ,0.051323  
19.260000 ,3.884823  ,-14.753956,7.950339  ,8.000000  ,0.046587  ,0.004294  
19.280000 ,3.797079  ,-14.886675,7.959714  ,8.000000  ,0.050459  ,0.057814  
19.280000 ,3.797079  ,-14.886675,7.959714  ,8.000000  ,0.050459  ,-0.031587 
19.300000 ,3.708069  ,-15.018770,7.968822  ,8.000000  ,0.053668  ,0.062219  
19.300000 ,3.708069  ,-15.018770,7.968822  ,8.000000  ,0.053668  ,0.100501  
19.320000 ,3.617702  ,-15.150157,7.977492  ,7.990882  ,0.056931  ,-0.014678 
19.320000 ,3.617702  ,-15.150157,7.977492  ,7.990882  ,0.056931  ,-0.008928 
19.340000 ,3.525947  ,-15.280677,7.977049  ,7.925365  ,0.060174  ,0.042979  
19.340000 ,3.525947  ,-15.280677,7.977049  ,7.925365  ,0.060174  ,-0.063121 
19.360000 ,3.432792  ,-15.410157,7.974052  ,7.860707  ,0.063317  ,-0.015110 
19.360000 ,3.432792  ,-15.410157,7.974052  ,7.860707  ,0.063317  ,0.074461  
19.380000 ,3.338435  ,-15.538151,7.929835  ,7.860707  ,0.067845  ,-0.036991 
19.380000 ,3.338435  ,-15.538151,7.929835  ,7.860707  ,0.067845  ,0.063754  
19.400000 ,3.242981  ,-15.664323,7.893306  ,7.797083  ,0.071081  ,-0.068771 
19.400000 ,3.242981  ,-15.664323,7.893306  ,7.797083  ,0.071081  ,-0.030786 
19.420000 ,3.146435  ,-15.788468,7.836511  ,7.733995  ,0.073847  ,0.046632  
19.420000 ,3.146435  ,-15.788468,7.836511  ,7.733995  ,0.073847  ,0.047418  
19.440000 ,3.048579  ,-15.910634,7.817275  ,7.671222  ,0.075984  ,0.074259  
19.440000 ,3.048579  ,-15.910634,7.817275  ,7.671222  ,0.075984  ,-0.023003 
19.460000 ,2.949139  ,-16.030941,7.792562  ,7.608483  ,0.077387  ,0.019837  
19.460000 ,2.949139  ,-16.030941,7.792562  ,7.608483  ,0.077387  ,0.036564  
19.480000 ,2.848310  ,-16.148998,7.736026  ,7.608483  ,0.080184  ,-0.000381 
19.480000 ,2.848310  ,-16.148998,7.736026  ,7.608483  ,0.080184  ,0.070731  
19.500000 ,2.746169  ,-16.264592,7.691991  ,7.545151  ,0.080747  ,-0.019613 
19.500000 ,2.746169  ,-16.264592,7.691991  ,7.545151  ,0.080747  ,-0.062008 
19.520000 ,2.642895  ,-16.377797,7.634694  ,7.481344  ,0.080638  ,0.018436  
19.520000 ,2.642895  ,-16.377797,7.634694  ,7.481344  ,0.080638  ,-0.107565 
19.540000 ,2.538479  ,-16.488536,7.588253  ,7.416553  ,0.079781  ,-0.019512 
19.540000 ,2.538479  ,-16.488536,7.588253  ,7.416553  ,0.079781  ,0.022500  
19.560000 ,2.433004  ,-16.596690,7.522434  ,7.416553  ,0.080371  ,-0.023503 
19.560000 ,2.433004  ,-16.596690,7.522434  ,7.416553  ,0.080371  ,-0.079322 
19.580000 ,2.326471  ,-16.702256,7.477897  ,7.350481  ,0.078838  ,0.134332  
19.580000 ,2.326471  ,-16.702256,7.477897  ,7.350481  ,0.078838  ,-0.012631 
19.600000 ,2.218432  ,-16.805680,7.478539  ,7.282715  ,0.076473  ,-0.035418 
19.600000 ,2.218432  ,-16.805680,7.478539  ,7.282715  ,0.076473  ,0.009473  
19.620000 ,2.109414  ,-16.906855,7.398940  ,7.213339  ,0.073554  ,-0.068018 
19.620000 ,2.109414  ,-16.906855,7.398940  ,7.213339  ,0.073554  ,-0.013731 
19.640000 ,2.000269  ,-17.005412,7.311638  ,7.213339  ,0.072710  ,0.053698  
19.640000 ,2.000269  ,-17.005412,7.311638  ,7.213339  ,0.072710  ,0.050536  
19.660000 ,1.890558  ,-17.101849,7.296285  ,7.142565  ,0.070134  ,0.019949  
19.660000 ,1.890558  ,-17.101849,7.296285  ,7.142565  ,0.070134  ,0.021704  
19.680000 ,1.780131  ,-17.196499,7.250238  ,7.070354  ,0.067349  ,0.008077  
19.680000 ,1.780131  ,-17.196499,7.250238  ,7.070354  ,0.067349  ,-0.005213 
19.700000 ,1.669360  ,-17.289105,7.191098  ,7.070354  ,0.066039  ,-0.005774 
19.700000 ,1.669360  ,-17.289105,7.191098  ,7.070354  ,0.066039  ,0.037666  
19.720000 ,1.558256  ,-17.379707,7.147547  ,6.998481  ,0.063694  ,0.032706  
19.720000 ,1.558256  ,-17.379707,7.147547  ,6.998481  ,0.063694  ,0.083790  
19.740000 ,1.446791  ,-17.468532,7.107493  ,6.927394  ,0.061165  ,-0.047667 
19.740000 ,1.446791  ,-17.468532,7.107493  ,6.927394  ,0.061165  ,-0.060449 
19.760000 ,1.335345  ,-17.555436,7.029090  ,6.857794  ,0.058512  ,0.084232  
19.760000 ,1.335345  ,-17.555436,7.029090  ,6.857794  ,0.058512  ,-0.007016 
19.780000 ,1.223862  ,-17.640559,6.999121  ,6.857794  ,0.057762  ,0.024493  
19.780000 ,1.223862  ,-17.640559,6.999121  ,6.857794  ,0.057762  ,0.069525  
19.800000 ,1.112106  ,-17.724148,6.958904  ,6.791073  ,0.055683  ,-0.074871 
19.800000 ,1.112106  ,-17.724148,6.958904  ,6.791073  ,0.055683  ,0.032574  
19.820000 ,1.000567  ,-17.805913,6.875360  ,6.727524  ,0.053441  ,-0.057527 
19.820000 ,1.000567  ,-17.805913,6.875360  ,6.727524  ,0.053441  ,-0.019351 
19.840000 ,0.889500  ,-17.885713,6.804669  ,6.727524  ,0.052688  ,0.040195  
19.840000 ,0.889500  ,-17.885713,6.804669  ,6.727524  ,0.052688  ,0.058431  
19.860000 ,0.778321  ,-17.963971,6.791950  ,6.667653  ,0.050803  ,-0.007257 
19.860000 ,0.778321  ,-17.963971,6.791950  ,6.667653  ,0.050803  ,0.002475  
19.880000 ,0.666885  ,-18.040813,6.746666  ,6.612408  ,0.048592  ,0.010473  
19.880000 ,0.666885  ,-18.040813,6.746666  ,6.612408  ,0.048592  ,0.003540  
19.900000 ,0.555452  ,-18.116104,6.704056  ,6.612408  ,0.047782  ,0.076387  
19.900000 ,0.555452  ,-18.116104,6.704056  ,6.612408  ,0.047782  ,0.011549  
19.920000 ,0.443700  ,-18.190092,6.698803  ,6.561988  ,0.045968  ,0.031501  
19.920000 ,0.443700  ,-18.190092,6.698803  ,6.561988  ,0.045968  ,-0.025278 
19.940000 ,0.331640  ,-18.262824,6.662551  ,6.516490  ,0.043855  ,0.031738  
19.940000 ,0.331640  ,-18.262824,6.662551  ,6.516490  ,0.043855  ,-0.032425 
19.960000 ,0.219568  ,-18.334136,6.623199  ,6.516490  ,0.043769  ,0.049342  
19.960000 ,0.219568  ,-18.334136,6.623199  ,6.516490  ,0.043769  ,0.032490  
19.980000 ,0.107220  ,-18.403917,6.603452  ,6.476304  ,0.042522  ,0.086190  
19.980000 ,0.107220  ,-18.403917,6.603452  ,6.476304  ,0.042522  ,-0.087107 
20.000000 ,-0.005601 ,-18.472285,6.589353  ,6.441387  ,0.040910  ,-0.043544 
20.000000 ,-0.005601 ,-18.472285,6.589353  ,6.441387  ,0.040910  ,0.002087  
20.020000 ,-0.118563 ,-18.538805,6.523431  ,6.441387  ,0.042255  ,-0.022020 
20.020000 ,-0.118563 ,-18.538805,6.523431  ,6.441387  ,0.042255  ,0.047540  
20.040000 ,-0.231524 ,-18.603330,6.487610  ,6.411602  ,0.042005  ,-0.067323 
20.040000 ,-0.231524 ,-18.603330,6.487610  ,6.411602  ,0.042005  ,0.104784  
20.060000 ,-0.344645 ,-18.665814,6.438272  ,6.386969  ,0.041310  ,0.010907  
20.060000 ,-0.344645 ,-18.665814,6.438272  ,6.386969  ,0.041310  ,0.037801  
20.080000 ,-0.458181 ,-18.726247,6.424367  ,6.386969  ,0.045100  ,-0.023316 
20.080000 ,-0.458181 ,-18.726247,6.424367  ,6.386969  ,0.045100  ,0.027346  
20.100000 ,-0.572398 ,-18.784613,6.403468  ,6.367237  ,0.046305  ,-0.073121 
20.100000 ,-0.572398 ,-18.784613,6.403468  ,6.367237  ,0.046305  ,-0.023919 
20.120000 ,-0.687161 ,-18.840554,6.365826  ,6.352137  ,0.046740  ,-0.085179 
20.120000 ,-0.687161 ,-18.840554,6.365826  ,6.352137  ,0.046740  ,-0.097516 
20.140000 ,-0.802366 ,-18.893897,6.331794  ,6.352137  ,0.053391  ,0.010761  
20.140000 ,-0.802366 ,-18.893897,6.331794  ,6.352137  ,0.053391  ,0.024079  
20.160000 ,-0.918403 ,-18.944680,6.334681  ,6.341390  ,0.055812  ,0.000079  
20.160000 ,-0.918403 ,-18.944680,6.334681  ,6.341390  ,0.055812  ,-0.041242 
20.180000 ,-1.035570 ,-18.992888,6.335312  ,6.341390  ,0.062560  ,-0.003179 
20.180000 ,-1.035570 ,-18.992888,6.335312  ,6.341390  ,0.062560  ,-0.027996 
20.200000 ,-1.153905 ,-19.038179,6.335581  ,6.334508  ,0.066876  ,-0.040901 
20.200000 ,-1.153905 ,-19.038179,6.335581  ,6.334508  ,0.066876  ,0.010542  
20.220000 ,-1.273218 ,-19.080379,6.321133  ,6.330790  ,0.070227  ,-0.020720 
20.220000 ,-1.273218 ,-19.080379,6.321133  ,6.330790  ,0.070227  ,0.014625  
20.240000 ,-1.393435 ,-19.119357,6.317325  ,6.330790  ,0.078423  ,0.026316  
20.240000 ,-1.393435 ,-19.119357,6.317325  ,6.330790  ,0.078423  ,0.011515  
20.260000 ,-1.514675 ,-19.155034,6.321018  ,6.329419  ,0.082661  ,0.004668  
20.260000 ,-1.514675 ,-19.155034,6.321018  ,6.329419  ,0.082661  ,0.021649  
20.280000 ,-1.636918 ,-19.187296,6.322231  ,6.329355  ,0.085572  ,-0.035177 
20.280000 ,-1.636918 ,-19.187296,6.322231  ,6.329355  ,0.085572  ,-0.029009 
20.300000 ,-1.759953 ,-19.215997,6.312574  ,6.329355  ,0.093573  ,-0.011880 
20.300000 ,-1.759953 ,-19.215997,6.312574  ,6.329355  ,0.093573  ,-0.045785 
20.320000 ,-1.883698 ,-19.241030,6.313029  ,6.329355  ,0.096263  ,0.020283  
20.320000 ,-1.883698 ,-19.241030,6.313029  ,6.329355  ,0.096263  ,0.048471  
20.340000 ,-2.008180 ,-19.262325,6.316428  ,6.329355  ,0.101646  ,0.011273  
20.340000 ,-2.008180 ,-19.262325,6.316428  ,6.329355  ,0.101646  ,0.009176  
20.360000 ,-2.133307 ,-19.279836,6.318675  ,6.329355  ,0.103499  ,-0.004240 
20.360000 ,-2.133307 ,-19.279836,6.318675  ,6.329355  ,0.103499  ,-0.080541 
20.380000 ,-2.258913 ,-19.293761,6.319273  ,6.330569  ,0.103682  ,0.044764  
20.380000 ,-2.258913 ,-19.293761,6.319273  ,6.330569  ,0.103682  ,-0.034250 
20.400000 ,-2.384923 ,-19.304110,6.324477  ,6.330569  ,0.107245  ,0.035731  
20.400000 ,-2.384923 ,-19.304110,6.324477  ,6.330569  ,0.107245  ,-0.070767 
20.420000 ,-2.511264 ,-19.310920,6.328360  ,6.334205  ,0.106578  ,-0.000427 
20.420000 ,-2.511264 ,-19.310920,6.328360  ,6.334205  ,0.106578  ,0.001931  
20.440000 ,-2.637788 ,-19.314253,6.328863  ,6.341308  ,0.104274  ,0.007074  
20.440000 ,-2.637788 ,-19.314253,6.328863  ,6.341308  ,0.104274  ,-0.054534 
20.460000 ,-2.764380 ,-19.314188,6.330675  ,6.341308  ,0.105815  ,-0.050571 
20.460000 ,-2.764380 ,-19.314188,6.330675  ,6.341308  ,0.105815  ,0.003344  
20.480000 ,-2.890805 ,-19.310968,6.316928  ,6.352672  ,0.102749  ,0.009576  
20.480000 ,-2.890805 ,-19.310968,6.316928  ,6.352672  ,0.102749  ,-0.104116 
20.500000 ,-3.017034 ,-19.304816,6.321135  ,6.352672  ,0.102093  ,0.053993  
20.500000 ,-3.017034 ,-19.304816,6.321135  ,6.352672  ,0.102093  ,-0.004040 
20.520000 ,-3.143214 ,-19.295824,6.329076  ,6.368920  ,0.098678  ,0.065365  
20.520000 ,-3.143214 ,-19.295824,6.329076  ,6.368920  ,0.098678  ,-0.002417 
20.540000 ,-3.269351 ,-19.284124,6.338843  ,6.390452  ,0.094143  ,-0.009391 
20.540000 ,-3.269351 ,-19.284124,6.338843  ,6.390452  ,0.094143  ,0.070077  
20.560000 ,-3.395362 ,-19.269873,6.342763  ,6.390452  ,0.092621  ,-0.006967 
20.560000 ,-3.395362 ,-19.269873,6.342763  ,6.390452  ,0.092621  ,-0.045683 
20.580000 ,-3.521157 ,-19.253225,6.346543  ,6.417406  ,0.088107  ,0.037929  
20.580000 ,-3.521157 ,-19.253225,6.346543  ,6.417406  ,0.088107  ,0.058677  
20.600000 ,-3.646772 ,-19.234304,6.356643  ,6.449786  ,0.082808  ,-0.051990 
20.600000 ,-3.646772 ,-19.234304,6.356643  ,6.449786  ,0.082808  ,-0.023686 
20.620000 ,-3.772184 ,-19.213231,6.360464  ,6.449786  ,0.080990  ,0.000147  
20.620000 ,-3.772184 ,-19.213231,6.360464  ,6.449786  ,0.080990  ,0.004381  
20.640000 ,-3.897359 ,-19.190111,6.368770  ,6.487443  ,0.076039  ,0.012347  
20.640000 ,-3.897359 ,-19.190111,6.368770  ,6.487443  ,0.076039  ,-0.011105 
20.660000 ,-4.022362 ,-19.165016,6.380934  ,6.487443  ,0.073234  ,0.024692  
20.660000 ,-4.022362 ,-19.165016,6.380934  ,6.487443  ,0.073234  ,-0.006643 
20.680000 ,-4.147216 ,-19.138012,6.393115  ,6.530040  ,0.068723  ,0.052692  
20.680000 ,-4.147216 ,-19.138012,6.393115  ,6.530040  ,0.068723  ,0.023378  
20.700000 ,-4.271966 ,-19.109176,6.410718  ,6.577146  ,0.063697  ,0.123112  
20.700000 ,-4.271966 ,-19.109176,6.410718  ,6.577146  ,0.063697  ,0.012694  
20.720000 ,-4.396803 ,-19.078773,6.437599  ,6.577146  ,0.061388  ,0.013476  
20.720000 ,-4.396803 ,-19.078773,6.437599  ,6.577146  ,0.061388  ,0.071301  
20.740000 ,-4.521698 ,-19.046913,6.451806  ,6.628356  ,0.057484  ,0.031459  
20.740000 ,-4.521698 ,-19.046913,6.451806  ,6.628356  ,0.057484  ,0.022562  
20.760000 ,-4.646592 ,-19.013714,6.471117  ,6.683223  ,0.053541  ,0.027395  
20.760000 ,-4.646592 ,-19.013714,6.471117  ,6.683223  ,0.053541  ,0.028092  
20.780000 ,-4.771580 ,-18.979269,6.493352  ,6.683223  ,0.052697  ,0.022876  
20.780000 ,-4.771580 ,-18.979269,6.493352  ,6.683223  ,0.052697  ,-0.034051 
20.800000 ,-4.896677 ,-18.943660,6.513103  ,6.741368  ,0.050327  ,0.034537  
20.800000 ,-4.896677 ,-18.943660,6.513103  ,6.741368  ,0.050327  ,-0.072009 
20.820000 ,-5.021855 ,-18.906742,6.537502  ,6.802518  ,0.047954  ,0.037685  
20.820000 ,-5.021855 ,-18.906742,6.537502  ,6.802518  ,0.047954  ,0.060879  
20.840000 ,-5.147195 ,-18.868534,6.565604  ,6.802518  ,0.048674  ,0.036453  
20.840000 ,-5.147195 ,-18.868534,6.565604  ,6.802518  ,0.048674  ,-0.007244 
20.860000 ,-5.272699 ,-18.829049,6.590983  ,6.866329  ,0.047654  ,-0.006350 
20.860000 ,-5.272699 ,-18.829049,6.590983  ,6.866329  ,0.047654  ,0.054960  
20.880000 ,-5.398322 ,-18.788284,6.615956  ,6.932587  ,0.046681  ,0.044565  
20.880000 ,-5.398322 ,-18.788284,6.615956  ,6.932587  ,0.046681  ,0.005020  
20.900000 ,-5.524121 ,-18.746180,6.649489  ,6.932587  ,0.048683  ,-0.076093 
20.900000 ,-5.524121 ,-18.746180,6.649489  ,6.932587  ,0.048683  ,0.055206  
20.920000 ,-5.650015 ,-18.702720,6.668708  ,7.001165  ,0.048834  ,-0.015973 
20.920000 ,-5.650015 ,-18.702720,6.668708  ,7.001165  ,0.048834  ,0.039640  
20.940000 ,-5.775937 ,-18.657871,6.698090  ,7.001165  ,0.050626  ,0.037563  
20.940000 ,-5.775937 ,-18.657871,6.698090  ,7.001165  ,0.050626  ,-0.018327 
20.960000 ,-5.901977 ,-18.611552,6.729714  ,7.071841  ,0.051635  ,0.026040  
20.960000 ,-5.901977 ,-18.611552,6.729714  ,7.071841  ,0.051635  ,0.001629  
20.980000 ,-6.028151 ,-18.563709,6.763894  ,7.144577  ,0.052450  ,0.044148  
20.980000 ,-6.028151 ,-18.563709,6.763894  ,7.144577  ,0.052450  ,0.050657  
21.000000 ,-6.154505 ,-18.514286,6.803335  ,7.219375  ,0.053069  ,0.052905  
21.000000 ,-6.154505 ,-18.514286,6.803335  ,7.219375  ,0.053069  ,-0.031489 
21.020000 ,-6.281103 ,-18.463225,6.846872  ,7.219375  ,0.055959  ,-0.008527 
21.020000 ,-6.281103 ,-18.463225,6.846872  ,7.219375  ,0.055959  ,0.039174  
21.040000 ,-6.407867 ,-18.410535,6.880663  ,7.296119  ,0.057035  ,0.126635  
21.040000 ,-6.407867 ,-18.410535,6.880663  ,7.296119  ,0.057035  ,-0.031186 
21.060000 ,-6.534843 ,-18.356177,6.930990  ,7.374900  ,0.057857  ,0.025977  
21.060000 ,-6.534843 ,-18.356177,6.930990  ,7.374900  ,0.057857  ,0.018298  
21.080000 ,-6.662101 ,-18.300111,6.974614  ,7.374900  ,0.060511  ,-0.013367 
21.080000 ,-6.662101 ,-18.300111,6.974614  ,7.374900  ,0.060511  ,0.001867  
21.100000 ,-6.789489 ,-18.242390,7.010535  ,7.455788  ,0.061582  ,0.013212  
21.100000 ,-6.789489 ,-18.242390,7.010535  ,7.455788  ,0.061582  ,-0.037335 
21.120000 ,-6.916982 ,-18.183015,7.053098  ,7.538738  ,0.062354  ,-0.009665 
21.120000 ,-6.916982 ,-18.183015,7.053098  ,7.538738  ,0.062354  ,-0.085716 
21.140000 ,-7.044636 ,-18.121948,7.097287  ,7.538738  ,0.064425  ,0.064422  
21.140000 ,-7.044636 ,-18.121948,7.097287  ,7.538738  ,0.064425  ,-0.006098 
21.160000 ,-7.172473 ,-18.059169,7.144252  ,7.623926  ,0.065204  ,0.002762  
21.160000 ,-7.172473 ,-18.059169,7.144252  ,7.623926  ,0.065204  ,0.010973  
21.180000 ,-7.300481 ,-17.994673,7.189041  ,7.711441  ,0.065610  ,0.015924  
21.180000 ,-7.300481 ,-17.994673,7.189041  ,7.711441  ,0.065610  ,-0.020765 
21.200000 ,-7.428670 ,-17.928444,7.239019  ,7.711441  ,0.066720  ,-0.053890 
21.200000 ,-7.428670 ,-17.928444,7.239019  ,7.711441  ,0.066720  ,0.011229  
21.220000 ,-7.556967 ,-17.860511,7.277875  ,7.801293  ,0.066846  ,0.006974  
21.220000 ,-7.556967 ,-17.860511,7.277875  ,7.801293  ,0.066846  ,0.014783  
21.240000 ,-7.685351 ,-17.790871,7.327116  ,7.893672  ,0.066483  ,-0.005454 
21.240000 ,-7.685351 ,-17.790871,7.327116  ,7.893672  ,0.066483  ,0.056468  
21.260000 ,-7.813920 ,-17.719461,7.379208  ,7.988641  ,0.065623  ,0.037438  
21.260000 ,-7.813920 ,-17.719461,7.379208  ,7.988641  ,0.065623  ,0.035218  
21.280000 ,-7.942762 ,-17.646247,7.439263  ,7.988641  ,0.065200  ,-0.056436 
21.280000 ,-7.942762 ,-17.646247,7.439263  ,7.988641  ,0.065200  ,0.027504  
21.300000 ,-8.071927 ,-17.571470,7.485027  ,8.000000  ,0.063839  ,0.084444  
21.300000 ,-8.071927 ,-17.571470,7.485027  ,8.000000  ,0.063839  ,-0.087022 
21.320000 ,-8.201395 ,-17.495201,7.540676  ,8.000000  ,0.062139  ,-0.064718 
21.320000 ,-8.201395 ,-17.495201,7.540676  ,8.000000  ,0.062139  ,-0.032605 
21.340000 ,-8.331112 ,-17.417546,7.577311  ,8.000000  ,0.060137  ,-0.034762 
21.340000 ,-8.331112 ,-17.417546,7.577311  ,8.000000  ,0.060137  ,-0.002742 
21.360000 ,-8.460943 ,-17.338675,7.613326  ,8.000000  ,0.058485  ,-0.035452 
21.360000 ,-8.460943 ,-17.338675,7.613326  ,8.000000  ,0.058485  ,0.044731  
21.380000 ,-8.590890 ,-17.258678,7.645933  ,8.000000  ,0.056133  ,0.036848  
21.380000 ,-8.590890 ,-17.258678,7.645933  ,8.000000  ,0.056133  ,-0.015775 
21.400000 ,-8.720988 ,-17.177617,7.682225  ,8.000000  ,0.053531  ,-0.003655 
21.400000 ,-8.720988 ,-17.177617,7.682225  ,8.000000  ,0.053531  ,-0.028990 
21.420000 ,-8.851236 ,-17.095564,7.711388  ,8.000000  ,0.050717  ,-0.069522 
21.420000 ,-8.851236 ,-17.095564,7.711388  ,8.000000  ,0.050717  ,-0.027885 
21.440000 ,-8.981524 ,-17.012649,7.731728  ,8.000000  ,0.048114  ,0.078994  
21.440000 ,-8.981524 ,-17.012649,7.731728  ,8.000000  ,0.048114  ,-0.003996 
21.460000 ,-9.111897 ,-16.928890,7.763968  ,8.000000  ,0.045044  ,-0.082518 
21.460000 ,-9.111897 ,-16.928890,7.763968  ,8.000000  ,0.045044  ,0.017299  
21.480000 ,-9.242314 ,-16.844344,7.778220  ,8.000000  ,0.041751  ,0.055296  
21.480000 ,-9.242314 ,-16.844344,7.778220  ,8.000000  ,0.041751  ,-0.056539 
21.500000 ,-9.372731 ,-16.759064,7.803943  ,8.000000  ,0.038223  ,0.032848  
21.500000 ,-9.372731 ,-16.759064,7.803943  ,8.000000  ,0.038223  ,0.020389  
21.520000 ,-9.503208 ,-16.673020,7.825194  ,8.000000  ,0.034434  ,0.062018  
21.520000 ,-9.503208 ,-16.673020,7.825194  ,8.000000  ,0.034434  ,0.058347  
21.540000 ,-9.633799 ,-16.586365,7.847181  ,8.000000  ,0.030686  ,-0.000868 
21.540000 ,-9.633799 ,-16.586365,7.847181  ,8.000000  ,0.030686  ,0.061611  
21.560000 ,-9.764535 ,-16.499278,7.861288  ,8.000000  ,0.026702  ,0.090801  
21.560000 ,-9.764535 ,-16.499278,7.861288  ,8.000000  ,0.026702  ,0.002684  
21.580000 ,-9.895443 ,-16.411808,7.882596  ,8.000000  ,0.022661  ,0.010252  
21.580000 ,-9.895443 ,-16.411808,7.882596  ,8.000000  ,0.022661  ,-0.006967 
21.600000 ,-10.026549,-16.324041,7.894447  ,8.000000  ,0.018601  ,0.011946  
21.600000 ,-10.026549,-16.324041,7.894447  ,8.000000  ,0.018601  ,-0.062762 
21.620000 ,-10.157825,-16.236117,7.905356  ,8.000000  ,0.014566  ,-0.061064 
21.620000 ,-10.157825,-16.236117,7.905356  ,8.000000  ,0.014566  ,-0.023353 
21.640000 ,-10.289254,-16.148173,7.908473  ,8.000000  ,0.010561  ,0.035218  
21.640000 ,-10.289254,-16.148173,7.908473  ,8.000000  ,0.010561  ,-0.052514 
21.660000 ,-10.420904,-16.060289,7.920240  ,8.000000  ,0.006721  ,0.011949  
21.660000 ,-10.420904,-16.060289,7.920240  ,8.000000  ,0.006721  ,0.019345  
21.680000 ,-10.552871,-15.972516,7.928754  ,8.000000  ,0.003130  ,0.052174  
21.680000 ,-10.552871,-15.972516,7.928754  ,8.000000  ,0.003130  ,-0.063644 
21.700000 ,-10.685200,-15.884927,7.940212  ,8.000000  ,0.000114  ,0.073498  
21.700000 ,-10.685200,-15.884927,7.940212  ,8.000000  ,0.000114  ,0.006970  
21.720000 ,-10.817964,-15.797565,7.952587  ,8.000000  ,0.002909  ,0.025079  
21.720000 ,-10.817964,-15.797565,7.952587  ,8.000000  ,0.002909  ,0.013806  
21.740000 ,-10.951159,-15.710511,7.959317  ,8.000000  ,0.005013  ,-0.031032 
21.740000 ,-10.951159,-15.710511,7.959317  ,8.000000  ,0.005013  ,0.029244  
21.760000 ,-11.084630,-15.623743,7.960213  ,8.000000  ,0.006709  ,0.058108  
21.760000 ,-11.084630,-15.623743,7.960213  ,8.000000  ,0.006709  ,-0.048576 
21.780000 ,-11.218331,-15.537145,7.969301  ,8.000000  ,0.008017  ,-0.041864 
21.780000 ,-11.218331,-15.537145,7.969301  ,8.000000  ,0.008017  ,0.021058  
21.800000 ,-11.352209,-15.450728,7.965458  ,8.000000  ,0.008936  ,0.072710  
21.800000 ,-11.352209,-15.450728,7.965458  ,8.000000  ,0.008936  ,0.040110  
21.820000 ,-11.486240,-15.364432,7.975415  ,8.000000  ,0.009315  ,-0.066679 
21.820000 ,-11.486240,-15.364432,7.975415  ,8.000000  ,0.009315  ,0.035941  
21.840000 ,-11.620278,-15.278246,7.960925  ,8.000000  ,0.009494  ,0.042017  
21.840000 ,-11.620278,-15.278246,7.960925  ,8.000000  ,0.009494  ,-0.004067 
21.860000 ,-11.754264,-15.192091,7.968454  ,8.000000  ,0.009454  ,0.009631  
21.860000 ,-11.754264,-15.192091,7.968454  ,8.000000  ,0.009454  ,0.030223  
21.880000 ,-11.888288,-15.105787,7.972276  ,8.000000  ,0.009276  ,-0.023970 
21.880000 ,-11.888288,-15.105787,7.972276  ,8.000000  ,0.009276  ,-0.000085 
21.900000 ,-12.022237,-15.019290,7.972625  ,8.000000  ,0.009043  ,0.006330  
21.900000 ,-12.022237,-15.019290,7.972625  ,8.000000  ,0.009043  ,0.016235  
21.920000 ,-12.156140,-14.932657,7.975754  ,8.000000  ,0.008395  ,0.069969  
21.920000 ,-12.156140,-14.932657,7.975754  ,8.000000  ,0.008395  ,-0.022320 
21.940000 ,-12.290112,-14.845913,7.984501  ,8.000000  ,0.007659  ,-0.103674 
21.940000 ,-12.290112,-14.845913,7.984501  ,8.000000  ,0.007659  ,0.019325  
21.960000 ,-12.423854,-14.759241,7.954149  ,8.000000  ,0.006673  ,0.018062  
21.960000 ,-12.423854,-14.759241,7.954149  ,8.000000  ,0.006673  ,-0.014806 
21.980000 ,-12.557386,-14.672662,7.960083  ,8.000000  ,0.005397  ,-0.052095 
21.980000 ,-12.557386,-14.672662,7.960083  ,8.000000  ,0.005397  ,-0.039463 
22.000000 ,-12.690940,-14.586091,7.955891  ,8.000000  ,0.003765  ,-0.042629 
22.000000 ,-12.690940,-14.586091,7.955891  ,8.000000  ,0.003765  ,0.005720  
22.020000 ,-12.824426,-14.499487,7.956028  ,8.000000  ,0.001508  ,0.039796  
22.020000 ,-12.824426,-14.499487,7.956028  ,8.000000  ,0.001508  ,0.122739  
22.040000 ,-12.957896,-14.412711,7.963805  ,8.000000  ,0.000755  ,0.067801  
22.040000 ,-12.957896,-14.412711,7.963805  ,8.000000  ,0.000755  ,-0.041260 
22.060000 ,-13.091444,-14.325733,7.973460  ,8.000000  ,0.003264  ,0.038929  
22.060000 ,-13.091444,-14.325733,7.973460  ,8.000000  ,0.003264  ,0.040628  
22.080000 ,-13.225045,-14.238551,7.979538  ,8.000000  ,0.006011  ,-0.029200 
22.080000 ,-13.225045,-14.238551,7.979538  ,8.000000  ,0.006011  ,0.053940  
22.100000 ,-13.358569,-14.151198,7.976530  ,8.000000  ,0.008957  ,-0.003140 
22.100000 ,-13.358569,-14.151198,7.976530  ,8.000000  ,0.008957  ,-0.035739 
22.120000 ,-13.491953,-14.063650,7.978418  ,8.000000  ,0.012415  ,0.064094  
22.120000 ,-13.491953,-14.063650,7.978418  ,8.000000  ,0.012415  ,-0.031211 
22.140000 ,-13.625255,-13.975795,7.986372  ,8.000000  ,0.015728  ,-0.037681 
22.140000 ,-13.625255,-13.975795,7.986372  ,8.000000  ,0.015728  ,-0.028441 
22.160000 ,-13.758348,-13.887641,7.978092  ,8.000000  ,0.019063  ,0.004117  
22.160000 ,-13.758348,-13.887641,7.978092  ,8.000000  ,0.019063  ,-0.025404 
22.180000 ,-13.891160,-13.799160,7.980508  ,8.000000  ,0.022355  ,0.040439  
22.180000 ,-13.891160,-13.799160,7.980508  ,8.000000  ,0.022355  ,0.022236  
22.200000 ,-14.023767,-13.710230,7.986072  ,8.000000  ,0.025545  ,0.019755  
22.200000 ,-14.023767,-13.710230,7.986072  ,8.000000  ,0.025545  ,-0.031218 
22.220000 ,-14.156145,-13.620804,7.989199  ,8.000000  ,0.028921  ,0.027918  
22.220000 ,-14.156145,-13.620804,7.989199  ,8.000000  ,0.028921  ,-0.004057 
22.240000 ,-14.288251,-13.530856,7.992794  ,8.000000  ,0.031851  ,-0.039300 
22.240000 ,-14.288251,-13.530856,7.992794  ,8.000000  ,0.031851  ,-0.087839 
22.260000 ,-14.419937,-13.440438,7.981746  ,8.000000  ,0.034514  ,-0.052148 
22.260000 ,-14.419937,-13.440438,7.981746  ,8.000000  ,0.034514  ,0.044597  
22.280000 ,-14.551061,-13.349605,7.970079  ,8.000000  ,0.036861  ,-0.053284 
22.280000 ,-14.551061,-13.349605,7.970079  ,8.000000  ,0.036861  ,0.032386  
22.300000 ,-14.681627,-13.258313,7.962037  ,8.000000  ,0.038849  ,-0.065416 
22.300000 ,-14.681627,-13.258313,7.962037  ,8.000000  ,0.038849  ,0.043524  
22.320000 ,-14.811633,-13.166528,7.952587  ,8.000000  ,0.040718  ,0.005930  
22.320000 ,-14.811633,-13.166528,7.952587  ,8.000000  ,0.040718  ,0.012522  
22.340000 ,-14.941171,-13.074152,7.957539  ,8.000000  ,0.041937  ,-0.000609 
22.340000 ,-14.941171,-13.074152,7.957539  ,8.000000  ,0.041937  ,0.017054  
22.360000 ,-15.070330,-12.981097,7.961425  ,8.000000  ,0.042669  ,0.036100  
22.360000 ,-15.070330,-12.981097,7.961425  ,8.000000  ,0.042669  ,0.005489  
22.380000 ,-15.199117,-12.887342,7.968358  ,8.000000  ,0.042888  ,-0.023683 
22.380000 ,-15.199117,-12.887342,7.968358  ,8.000000  ,0.042888  ,-0.001815 
22.400000 ,-15.327497,-12.792902,7.969097  ,8.000000  ,0.042570  ,0.035325  
22.400000 ,-15.327497,-12.792902,7.969097  ,8.000000  ,0.042570  ,0.104436  
22.420000 ,-15.455459,-12.697781,7.975245  ,8.000000  ,0.041879  ,0.012459  
22.420000 ,-15.455459,-12.697781,7.975245  ,8.000000  ,0.041879  ,-0.026723 
22.440000 ,-15.583021,-12.601964,7.978700  ,8.000000  ,0.040449  ,-0.001087 
22.440000 ,-15.583021,-12.601964,7.978700  ,8.000000  ,0.040449  ,0.057977  
22.460000 ,-15.710145,-12.505479,7.980577  ,8.000000  ,0.038404  ,-0.016180 
22.460000 ,-15.710145,-12.505479,7.980577  ,8.000000  ,0.038404  ,-0.051993 
22.480000 ,-15.836803,-12.408348,7.980878  ,8.000000  ,0.035724  ,-0.003419 
22.480000 ,-15.836803,-12.408348,7.980878  ,8.000000  ,0.035724  ,-0.057307 
22.500000 ,-15.963088,-12.310703,7.982336  ,8.000000  ,0.032546  ,0.052585  
22.500000 ,-15.963088,-12.310703,7.982336  ,8.000000  ,0.032546  ,0.073770  
22.520000 ,-16.089150,-12.212639,7.988857  ,8.000000  ,0.029061  ,0.051253  
22.520000 ,-16.089150,-12.212639,7.988857  ,8.000000  ,0.029061  ,0.012146  
22.540000 ,-16.215059,-12.114179,7.994650  ,8.000000  ,0.025179  ,-0.093908 
22.540000 ,-16.215059,-12.114179,7.994650  ,8.000000  ,0.025179  ,0.018922  
22.560000 ,-16.340573,-12.015642,7.964166  ,8.000000  ,0.021042  ,0.003041  
22.560000 ,-16.340573,-12.015642,7.964166  ,8.000000  ,0.021042  ,0.021708  
22.580000 ,-16.465770,-11.917110,7.967775  ,8.000000  ,0.016736  ,0.033335  
22.580000 ,-16.465770,-11.917110,7.967775  ,8.000000  ,0.016736  ,0.027562  
22.600000 ,-16.590998,-11.818460,7.973862  ,8.000000  ,0.012343  ,-0.058230 
22.600000 ,-16.590998,-11.818460,7.973862  ,8.000000  ,0.012343  ,0.013417  
22.620000 ,-16.716209,-11.719880,7.962815  ,8.000000  ,0.007820  ,0.013428  
22.620000 ,-16.716209,-11.719880,7.962815  ,8.000000  ,0.007820  ,-0.036175 
22.640000 ,-16.841475,-11.621462,7.967514  ,8.000000  ,0.003420  ,-0.007274 
22.640000 ,-16.841475,-11.621462,7.967514  ,8.000000  ,0.003420  ,0.029562  
22.660000 ,-16.966960,-11.523209,7.969855  ,8.000000  ,0.000000  ,0.002469  
22.660000 ,-16.966960,-11.523209,7.969855  ,8.000000  ,0.000000  ,-0.026316 
22.680000 ,-17.092708,-11.425205,7.972883  ,8.000000  ,0.004918  ,-0.021418 
22.680000 ,-17.092708,-11.425205,7.972883  ,8.000000  ,0.004918  ,0.057752  
22.700000 ,-17.218754,-11.327529,7.973412  ,8.000000  ,0.008745  ,0.071005  
22.700000 ,-17.218754,-11.327529,7.973412  ,8.000000  ,0.008745  ,-0.000578 
22.720000 ,-17.345190,-11.230198,7.982472  ,8.000000  ,0.012666  ,-0.049657 
22.720000 ,-17.345190,-11.230198,7.982472  ,8.000000  ,0.012666  ,0.092247  
22.740000 ,-17.471951,-11.133335,7.971413  ,8.000000  ,0.016108  ,-0.050094 
22.740000 ,-17.471951,-11.133335,7.971413  ,8.000000  ,0.016108  ,0.051717  
22.760000 ,-17.598943,-11.037077,7.964010  ,8.000000  ,0.019268  ,0.013303  
22.760000 ,-17.598943,-11.037077,7.964010  ,8.000000  ,0.019268  ,0.006487  
22.780000 ,-17.726316,-10.941365,7.968586  ,8.000000  ,0.022137  ,0.053930  
22.780000 ,-17.726316,-10.941365,7.968586  ,8.000000  ,0.022137  ,0.040523  
22.800000 ,-17.854210,-10.846138,7.976509  ,8.000000  ,0.024719  ,-0.029924 
22.800000 ,-17.854210,-10.846138,7.976509  ,8.000000  ,0.024719  ,-0.010889 
22.820000 ,-17.982580,-10.751462,7.974295  ,8.000000  ,0.027588  ,-0.019455 
22.820000 ,-17.982580,-10.751462,7.974295  ,8.000000  ,0.027588  ,-0.061461 
22.840000 ,-18.111379,-10.657397,7.974875  ,8.000000  ,0.029834  ,0.019355  
22.840000 ,-18.111379,-10.657397,7.974875  ,8.000000  ,0.029834  ,0.044082  
22.860000 ,-18.240665,-10.563920,7.979005  ,8.000000  ,0.031831  ,-0.037826 
22.860000 ,-18.240665,-10.563920,7.979005  ,8.000000  ,0.031831  ,0.023005  
22.880000 ,-18.370386,-10.471083,7.973211  ,8.000000  ,0.033589  ,-0.020661 
22.880000 ,-18.370386,-10.471083,7.973211  ,8.000000  ,0.033589  ,-0.065298 
22.900000 ,-18.500522,-10.378913,7.973780  ,8.000000  ,0.035117  ,-0.057834 
22.900000 ,-18.500522,-10.378913,7.973780  ,8.000000  ,0.035117  ,-0.030914 
22.920000 ,-18.631024,-10.287452,7.962898  ,8.000000  ,0.037092  ,0.010322  
22.920000 ,-18.631024,-10.287452,7.962898  ,8.000000  ,0.037092  ,-0.020651 
22.940000 ,-18.761935,-10.196681,7.967301  ,8.000000  ,0.038393  ,-0.056428 
22.940000 ,-18.761935,-10.196681,7.967301  ,8.000000  ,0.038393  ,0.022570  
22.960000 ,-18.893269,-10.106596,7.959133  ,8.000000  ,0.039477  ,0.010029  
22.960000 ,-18.893269,-10.106596,7.959133  ,8.000000  ,0.039477  ,0.029801  
22.980000 ,-19.025035,-10.017199,7.963858  ,8.000000  ,0.040346  ,0.062995  
22.980000 ,-19.025035,-10.017199,7.963858  ,8.000000  ,0.040346  ,0.019286  
23.000000 ,-19.157372,-9.928397 ,7.973062  ,8.000000  ,0.041002  ,-0.099214 
23.000000 ,-19.157372,-9.928397 ,7.973062  ,8.000000  ,0.041002  ,-0.039742 
23.020000 ,-19.290018,-9.840365 ,7.948183  ,8.000000  ,0.042104  ,-0.018867 
23.020000 ,-19.290018,-9.840365 ,7.948183  ,8.000000  ,0.042104  ,0.027290  
23.040000 ,-19.422942,-9.753127 ,7.951242  ,8.000000  ,0.042487  ,0.007317  
23.040000 ,-19.422942,-9.753127 ,7.951242  ,8.000000  ,0.042487  ,0.003367  
23.060000 ,-19.556383,-9.666530 ,7.956448  ,8.000000  ,0.042619  ,0.051393  
23.060000 ,-19.556383,-9.666530 ,7.956448  ,8.000000  ,0.042619  ,-0.142892 
23.080000 ,-19.690387,-9.580546 ,7.965262  ,8.000000  ,0.042488  ,0.005681  
23.080000 ,-19.690387,-9.580546 ,7.965262  ,8.000000  ,0.042488  ,0.030987  
23.100000 ,-19.824935,-9.495182 ,7.969015  ,8.000000  ,0.042504  ,0.012536  
23.100000 ,-19.824935,-9.495182 ,7.969015  ,8.000000  ,0.042504  ,0.052756  
23.120000 ,-19.959981,-9.410461 ,7.973055  ,8.000000  ,0.041943  ,0.003743  
23.120000 ,-19.959981,-9.410461 ,7.973055  ,8.000000  ,0.041943  ,-0.037337 
23.140000 ,-20.095512,-9.326387 ,7.975904  ,8.000000  ,0.041058  ,0.084669  
23.140000 ,-20.095512,-9.326387 ,7.975904  ,8.000000  ,0.041058  ,-0.012982 
23.160000 ,-20.231573,-9.242925 ,7.986002  ,8.000000  ,0.039829  ,-0.019979 
23.160000 ,-20.231573,-9.242925 ,7.986002  ,8.000000  ,0.039829  ,0.004291  
23.180000 ,-20.368114,-9.160100 ,7.983943  ,8.000000  ,0.038239  ,-0.021670 
23.180000 ,-20.368114,-9.160100 ,7.983943  ,8.000000  ,0.038239  ,0.088355  
23.200000 ,-20.505028,-9.077970 ,7.982011  ,8.000000  ,0.036535  ,-0.075809 
23.200000 ,-20.505028,-9.077970 ,7.982011  ,8.000000  ,0.036535  ,0.049206  
23.220000 ,-20.642151,-8.996634 ,7.962108  ,8.000000  ,0.034188  ,-0.021002 
23.220000 ,-20.642151,-8.996634 ,7.962108  ,8.000000  ,0.034188  ,0.015825  
23.240000 ,-20.779447,-8.915932 ,7.963676  ,8.000000  ,0.031510  ,-0.020903 
23.240000 ,-20.779447,-8.915932 ,7.963676  ,8.000000  ,0.031510  ,-0.028857 
23.260000 ,-20.917006,-8.835619 ,7.965108  ,8.000000  ,0.028626  ,-0.023916 
23.260000 ,-20.917006,-8.835619 ,7.965108  ,8.000000  ,0.028626  ,0.005368  
23.280000 ,-21.054795,-8.755652 ,7.966127  ,8.000000  ,0.025556  ,0.109432  
23.280000 ,-21.054795,-8.755652 ,7.966127  ,8.000000  ,0.025556  ,-0.045383 
23.300000 ,-21.192870,-8.675891 ,7.979431  ,8.000000  ,0.022413  ,0.029909  
23.300000 ,-21.192870,-8.675891 ,7.979431  ,8.000000  ,0.022413  ,-0.049315 
23.320000 ,-21.331203,-8.596219 ,7.984117  ,7.999973  ,0.019087  ,-0.075509 
23.320000 ,-21.331203,-8.596219 ,7.984117  ,7.999973  ,0.019087  ,0.014336  
23.340000 ,-21.469429,-8.516703 ,7.963583  ,7.841291  ,0.015743  ,0.012332  
23.340000 ,-21.469429,-8.516703 ,7.963583  ,7.841291  ,0.015743  ,0.023673  
23.360000 ,-21.607120,-8.437444 ,7.925732  ,7.677668  ,0.012466  ,-0.066223 
23.360000 ,-21.607120,-8.437444 ,7.925732  ,7.677668  ,0.012466  ,-0.029169 
23.380000 ,-21.743434,-8.358795 ,7.817547  ,7.508843  ,0.009338  ,-0.034794 
23.380000 ,-21.743434,-8.358795 ,7.817547  ,7.508843  ,0.009338  ,0.032425  
23.400000 ,-21.877649,-8.281048 ,7.699307  ,7.508843  ,0.006356  ,-0.014488 
23.400000 ,-21.877649,-8.281048 ,7.699307  ,7.508843  ,0.006356  ,0.045300  
23.420000 ,-22.010061,-8.203908 ,7.628758  ,7.334886  ,0.003770  ,0.098679  
23.420000 ,-22.010061,-8.203908 ,7.628758  ,7.334886  ,0.003770  ,-0.016632 
23.440000 ,-22.141038,-8.127039 ,7.561568  ,7.155531  ,0.001637  ,-0.045940 
23.440000 ,-22.141038,-8.127039 ,7.561568  ,7.155531  ,0.001637  ,0.057282  
23.460000 ,-22.269866,-8.051003 ,7.405986  ,6.970497  ,0.000134  ,-0.074845 
23.460000 ,-22.269866,-8.051003 ,7.405986  ,6.970497  ,0.000134  ,0.039764  
23.480000 ,-22.395724,-7.976416 ,7.231909  ,6.970497  ,0.001554  ,0.009889  
23.480000 ,-22.395724,-7.976416 ,7.231909  ,6.970497  ,0.001554  ,0.021664  
23.500000 ,-22.519189,-7.902838 ,7.145328  ,6.779719  ,0.002581  ,0.076485  
23.500000 ,-22.519189,-7.902838 ,7.145328  ,6.779719  ,0.002581  ,-0.019344 
23.520000 ,-22.640852,-7.829886 ,7.045805  ,6.583239  ,0.003168  ,-0.016669 
23.520000 ,-22.640852,-7.829886 ,7.045805  ,6.583239  ,0.003168  ,0.026384  
23.540000 ,-22.760044,-7.758023 ,6.880841  ,6.382534  ,0.003363  ,-0.071920 
23.540000 ,-22.760044,-7.758023 ,6.880841  ,6.382534  ,0.003363  ,-0.024311 
23.560000 ,-22.876146,-7.687700 ,6.695372  ,6.382534  ,0.003012  ,0.029001  
23.560000 ,-22.876146,-7.687700 ,6.695372  ,6.382534  ,0.003012  ,0.024162  
23.580000 ,-22.989677,-7.618653 ,6.597668  ,6.179285  ,0.002459  ,-0.030742 
23.580000 ,-22.989677,-7.618653 ,6.597668  ,6.179285  ,0.002459  ,-0.044211 
23.600000 ,-23.100928,-7.550770 ,6.443068  ,5.975607  ,0.001659  ,0.022735  
23.600000 ,-23.100928,-7.550770 ,6.443068  ,5.975607  ,0.001659  ,0.033797  
23.620000 ,-23.209493,-7.484390 ,6.289983  ,5.975607  ,0.000422  ,-0.018101 
23.620000 ,-23.209493,-7.484390 ,6.289983  ,5.975607  ,0.000422  ,-0.013384 
23.640000 ,-23.315764,-7.419349 ,6.175536  ,5.773931  ,0.000775  ,0.056407  
23.640000 ,-23.315764,-7.419349 ,6.175536  ,5.773931  ,0.000775  ,-0.108598 
23.660000 ,-23.420052,-7.355541 ,6.056711  ,5.773931  ,0.002204  ,0.054801  
23.660000 ,-23.420052,-7.355541 ,6.056711  ,5.773931  ,0.002204  ,-0.032514 
23.680000 ,-23.522723,-7.292829 ,5.978235  ,5.576497  ,0.000000  ,-0.061661 
23.680000 ,-23.522723,-7.292829 ,5.978235  ,5.576497  ,0.000000  ,-0.034358 
23.700000 ,-23.623413,-7.231522 ,5.818722  ,5.385312  ,0.004709  ,-0.024604 
23.700000 ,-23.623413,-7.231522 ,5.818722  ,5.385312  ,0.004709  ,-0.040442 
23.720000 ,-23.721518,-7.172066 ,5.661063  ,5.385312  ,0.005966  ,-0.052239 
23.720000 ,-23.721518,-7.172066 ,5.661063  ,5.385312  ,0.005966  ,0.013210  
23.740000 ,-23.817491,-7.114270 ,5.548161  ,5.202210  ,0.006786  ,-0.069644 
23.740000 ,-23.817491,-7.114270 ,5.548161  ,5.202210  ,0.006786  ,-0.025902 
23.760000 ,-23.911457,-7.058133 ,5.405103  ,5.202210  ,0.007480  ,0.020128  
23.760000 ,-23.911457,-7.058133 ,5.405103  ,5.202210  ,0.007480  ,0.035882  
23.780000 ,-24.003928,-7.003430 ,5.342191  ,5.028709  ,0.007639  ,-0.046301 
23.780000 ,-24.003928,-7.003430 ,5.342191  ,5.028709  ,0.007639  ,0.043889  
23.800000 ,-24.095028,-6.950143 ,5.218345  ,5.028709  ,0.007503  ,-0.012380 
23.800000 ,-24.095028,-6.950143 ,5.218345  ,5.028709  ,0.007503  ,0.067189  
23.820000 ,-24.184681,-6.898157 ,5.148806  ,4.866180  ,0.006938  ,-0.004336 
23.820000 ,-24.184681,-6.898157 ,5.148806  ,4.866180  ,0.006938  ,0.053067  
23.840000 ,-24.273000,-6.847257 ,5.050027  ,4.866180  ,0.006299  ,0.013391  
23.840000 ,-24.273000,-6.847257 ,5.050027  ,4.866180  ,0.006299  ,0.032496  
23.860000 ,-24.360111,-6.797373 ,4.991352  ,4.715676  ,0.005364  ,0.031405  
23.860000 ,-24.360111,-6.797373 ,4.991352  ,4.715676  ,0.005364  ,0.091660  
23.880000 ,-24.446088,-6.748409 ,4.907268  ,4.715676  ,0.004349  ,-0.018572 
23.880000 ,-24.446088,-6.748409 ,4.907268  ,4.715676  ,0.004349  ,0.137898  
23.900000 ,-24.530794,-6.700362 ,4.834925  ,4.577347  ,0.003155  ,0.030492  
23.900000 ,-24.530794,-6.700362 ,4.834925  ,4.577347  ,0.003155  ,-0.024451 
23.920000 ,-24.614234,-6.653140 ,4.756756  ,4.577347  ,0.002004  ,-0.035782 
23.920000 ,-24.614234,-6.653140 ,4.756756  ,4.577347  ,0.002004  ,0.011548  
23.940000 ,-24.696362,-6.606686 ,4.682682  ,4.450322  ,0.000790  ,-0.045341 
23.940000 ,-24.696362,-6.606686 ,4.682682  ,4.450322  ,0.000790  ,0.044622  
23.960000 ,-24.776978,-6.561028 ,4.587091  ,4.450322  ,0.000144  ,0.023003  
23.960000 ,-24.776978,-6.561028 ,4.587091  ,4.450322  ,0.000144  ,-0.042460 
23.980000 ,-24.856392,-6.515923 ,4.547930  ,4.333336  ,0.001342  ,0.002389  
23.980000 ,-24.856392,-6.515923 ,4.547930  ,4.333336  ,0.001342  ,-0.042631 
24.000000 ,-24.934819,-6.471387 ,4.474884  ,4.333336  ,0.001505  ,0.045383  
24.000000 ,-24.934819,-6.471387 ,4.474884  ,4.333336  ,0.001505  ,0.008303  
24.020000 ,-25.012393,-6.427457 ,4.441782  ,4.225618  ,0.003302  ,-0.004685 
24.020000 ,-25.012393,-6.427457 ,4.441782  ,4.225618  ,0.003302  ,-0.064947 
24.040000 ,-25.089053,-6.384174 ,4.365761  ,4.225618  ,0.001886  ,0.014591  
24.040000 ,-25.089053,-6.384174 ,4.365761  ,4.225618  ,0.001886  ,0.019887  
24.060000 ,-25.164968,-6.341965 ,4.322543  ,4.225618  ,0.001057  ,-0.020814 
24.060000 ,-25.164968,-6.341965 ,4.322543  ,4.225618  ,0.001057  ,-0.003414 
24.080000 ,-25.240517,-6.300826 ,4.282014  ,4.126400  ,0.001664  ,0.024051  
24.080000 ,-25.240517,-6.300826 ,4.282014  ,4.126400  ,0.001664  ,0.011258  
24.100000 ,-25.315722,-6.260863 ,4.236727  ,4.126400  ,0.001492  ,-0.056821 
24.100000 ,-25.315722,-6.260863 ,4.236727  ,4.126400  ,0.001492  ,0.006417  
24.120000 ,-25.390683,-6.222677 ,4.179191  ,4.035640  ,0.000219  ,0.003530  
24.120000 ,-25.390683,-6.222677 ,4.179191  ,4.035640  ,0.000219  ,0.006645  
24.140000 ,-25.465683,-6.186954 ,4.130992  ,4.035640  ,0.005355  ,0.029635  
24.140000 ,-25.465683,-6.186954 ,4.130992  ,4.035640  ,0.005355  ,-0.001737 
24.160000 ,-25.541211,-6.154066 ,4.108371  ,3.953900  ,0.000102  ,-0.114503 
24.160000 ,-25.541211,-6.154066 ,4.108371  ,3.953900  ,0.000102  ,-0.023408 
24.180000 ,-25.616785,-6.124398 ,4.015783  ,3.953900  ,0.000000  ,0.014767  
24.180000 ,-25.616785,-6.124398 ,4.015783  ,3.953900  ,0.000000  ,0.022680  
24.200000 ,-25.692440,-6.097970 ,3.999565  ,3.953900  ,0.012662  ,0.062142  
24.200000 ,-25.692440,-6.097970 ,3.999565  ,3.953900  ,0.012662  ,0.041252  
24.220000 ,-25.769073,-6.075004 ,4.001094  ,3.880633  ,0.008961  ,0.018522  
24.220000 ,-25.769073,-6.075004 ,4.001094  ,3.880633  ,0.008961  ,0.085281  
24.240000 ,-25.846403,-6.055949 ,3.966004  ,3.880633  ,0.015614  ,0.037512  
24.240000 ,-25.846403,-6.055949 ,3.966004  ,3.880633  ,0.015614  ,-0.005192 
24.260000 ,-25.924183,-6.041362 ,3.949530  ,3.817275  ,0.007342  ,-0.010250 
24.260000 ,-25.924183,-6.041362 ,3.949530  ,3.817275  ,0.007342  ,0.034287  
24.280000 ,-26.001956,-6.030957 ,3.900476  ,3.817275  ,0.015200  ,-0.026937 
24.280000 ,-26.001956,-6.030957 ,3.900476  ,3.817275  ,0.015200  ,-0.043159 
24.300000 ,-26.079290,-6.024517 ,3.862564  ,3.817275  ,0.019110  ,-0.013381 
24.300000 ,-26.079290,-6.024517 ,3.862564  ,3.817275  ,0.019110  ,-0.027349 
24.320000 ,-26.156289,-6.022365 ,3.842368  ,3.764831  ,0.012417  ,0.016551  
24.320000 ,-26.156289,-6.022365 ,3.842368  ,3.764831  ,0.012417  ,0.009382  
24.340000 ,-26.232882,-6.024287 ,3.821375  ,3.764831  ,0.017352  ,-0.050303 
24.340000 ,-26.232882,-6.024287 ,3.821375  ,3.764831  ,0.017352  ,0.024915  
24.360000 ,-26.308665,-6.030427 ,3.784596  ,3.764831  ,0.018013  ,-0.076426 
24.360000 ,-26.308665,-6.030427 ,3.784596  ,3.764831  ,0.018013  ,0.037483  
24.380000 ,-26.383359,-6.040244 ,3.751485  ,3.723664  ,0.011791  ,0.026692  
24.380000 ,-26.383359,-6.040244 ,3.751485  ,3.723664  ,0.011791  ,-0.008683 
24.400000 ,-26.457224,-6.053355 ,3.751096  ,3.723664  ,0.014259  ,-0.024391 
24.400000 ,-26.457224,-6.053355 ,3.751096  ,3.723664  ,0.014259  ,-0.028303 
24.420000 ,-26.530202,-6.069886 ,3.733258  ,3.694320  ,0.003882  ,-0.039489 
24.420000 ,-26.530202,-6.069886 ,3.733258  ,3.694320  ,0.003882  ,-0.013168 
24.440000 ,-26.601926,-6.089567 ,3.706261  ,3.694320  ,0.000000  ,-0.075076 
24.440000 ,-26.601926,-6.089567 ,3.706261  ,3.694320  ,0.000000  ,-0.049798 
24.460000 ,-26.672250,-6.111966 ,3.676308  ,3.694320  ,0.009618  ,0.040145  
24.460000 ,-26.672250,-6.111966 ,3.676308  ,3.694320  ,0.009618  ,0.013758  
24.480000 ,-26.741345,-6.137249 ,3.681707  ,3.676170  ,0.001047  ,0.024541  
24.480000 ,-26.741345,-6.137249 ,3.681707  ,3.676170  ,0.001047  ,0.006213  
24.500000 ,-26.809566,-6.165001 ,3.683471  ,3.676170  ,0.005297  ,0.024984  
24.500000 ,-26.809566,-6.165001 ,3.683471  ,3.676170  ,0.005297  ,0.059749  
24.520000 ,-26.876823,-6.195092 ,3.685113  ,3.676170  ,0.007020  ,-0.067923 
24.520000 ,-26.876823,-6.195092 ,3.685113  ,3.676170  ,0.007020  ,-0.047923 
24.540000 ,-26.942664,-6.227579 ,3.658654  ,3.667190  ,0.001948  ,0.033552  
24.540000 ,-26.942664,-6.227579 ,3.658654  ,3.667190  ,0.001948  ,-0.015306 
24.560000 ,-27.007190,-6.262163 ,3.662561  ,3.667190  ,0.006590  ,-0.068583 
24.560000 ,-27.007190,-6.262163 ,3.662561  ,3.667190  ,0.006590  ,0.004737  
24.580000 ,-27.070176,-6.299092 ,3.640546  ,3.664463  ,0.000025  ,0.003591  
24.580000 ,-27.070176,-6.299092 ,3.640546  ,3.664463  ,0.000025  ,-0.029711 
24.600000 ,-27.131570,-6.338277 ,3.643100  ,3.664463  ,0.005894  ,-0.011428 
24.600000 ,-27.131570,-6.338277 ,3.643100  ,3.664463  ,0.005894  ,-0.048655 
24.620000 ,-27.191456,-6.379788 ,3.644023  ,3.664463  ,0.008999  ,0.087499  
24.620000 ,-27.191456,-6.379788 ,3.644023  ,3.664463  ,0.008999  ,-0.007810 
24.640000 ,-27.249598,-6.423891 ,3.654044  ,3.664463  ,0.003360  ,0.006750  
24.640000 ,-27.249598,-6.423891 ,3.654044  ,3.664463  ,0.003360  ,-0.047040 
24.660000 ,-27.306155,-6.470194 ,3.655638  ,3.664463  ,0.000000  ,-0.014769 
24.660000 ,-27.306155,-6.470194 ,3.655638  ,3.664463  ,0.000000  ,-0.033236 
24.680000 ,-27.361176,-6.518303 ,3.653592  ,3.664463  ,0.006999  ,0.013820  
24.680000 ,-27.361176,-6.518303 ,3.653592  ,3.664463  ,0.006999  ,-0.014047 
24.700000 ,-27.414451,-6.568345 ,3.655884  ,3.664463  ,0.000786  ,-0.029369 
24.700000 ,-27.414451,-6.568345 ,3.655884  ,3.664463  ,0.000786  ,-0.017016 
24.720000 ,-27.466177,-6.619914 ,3.648728  ,3.664463  ,0.002564  ,0.003806  
24.720000 ,-27.466177,-6.619914 ,3.648728  ,3.664463  ,0.002564  ,0.013328  
24.740000 ,-27.516588,-6.672699 ,3.650542  ,3.664463  ,0.002551  ,-0.070024 
24.740000 ,-27.516588,-6.672699 ,3.650542  ,3.664463  ,0.002551  ,-0.022383 
24.760000 ,-27.565300,-6.726807 ,3.631230  ,3.665999  ,0.002891  ,0.023653  
24.760000 ,-27.565300,-6.726807 ,3.631230  ,3.665999  ,0.002891  ,0.048942  
24.780000 ,-27.612235,-6.782296 ,3.636654  ,3.665999  ,0.000175  ,-0.014266 
24.780000 ,-27.612235,-6.782296 ,3.636654  ,3.665999  ,0.000175  ,0.066355  
24.800000 ,-27.657222,-6.839460 ,3.638054  ,3.672853  ,0.009175  ,-0.051574 
24.800000 ,-27.657222,-6.839460 ,3.638054  ,3.672853  ,0.009175  ,0.031090  
24.820000 ,-27.700169,-6.898115 ,3.632280  ,3.672853  ,0.002737  ,0.015653  
24.820000 ,-27.700169,-6.898115 ,3.632280  ,3.672853  ,0.002737  ,0.014134  
24.840000 ,-27.741008,-6.958253 ,3.637500  ,3.672853  ,0.001130  ,-0.056258 
24.840000 ,-27.741008,-6.958253 ,3.637500  ,3.672853  ,0.001130  ,-0.035491 
24.860000 ,-27.779326,-7.019998 ,3.630304  ,3.688159  ,0.006070  ,0.017070  
24.860000 ,-27.779326,-7.019998 ,3.630304  ,3.688159  ,0.006070  ,0.015211  
24.880000 ,-27.815052,-7.083282 ,3.637260  ,3.688159  ,0.000000  ,-0.031184 
24.880000 ,-27.815052,-7.083282 ,3.637260  ,3.688159  ,0.000000  ,0.060973  
24.900000 ,-27.848308,-7.147996 ,3.639090  ,3.688159  ,0.004334  ,-0.047003 
24.900000 ,-27.848308,-7.147996 ,3.639090  ,3.688159  ,0.004334  ,-0.036790 
24.920000 ,-27.878671,-7.214137 ,3.639282  ,3.714158  ,0.001340  ,-0.044317 
24.920000 ,-27.878671,-7.214137 ,3.639282  ,3.714158  ,0.001340  ,-0.048358 
24.940000 ,-27.906062,-7.281597 ,3.642119  ,3.714158  ,0.004845  ,-0.077339 
24.940000 ,-27.906062,-7.281597 ,3.642119  ,3.714158  ,0.004845  ,0.022014  
24.960000 ,-27.930643,-7.350140 ,3.640295  ,3.714158  ,0.008025  ,-0.031379 
24.960000 ,-27.930643,-7.350140 ,3.640295  ,3.714158  ,0.008025  ,0.044446  
24.980000 ,-27.952102,-7.419747 ,3.644239  ,3.750735  ,0.003710  ,0.029311  
24.980000 ,-27.952102,-7.419747 ,3.644239  ,3.750735  ,0.003710  ,-0.014283 
25.000000 ,-27.970232,-7.490464 ,3.656847  ,3.750735  ,0.009359  ,0.084761  
25.000000 ,-27.970232,-7.490464 ,3.656847  ,3.750735  ,0.009359  ,0.013013  
25.020000 ,-27.984640,-7.562330 ,3.673433  ,3.797427  ,0.000353  ,-0.021355 
25.020000 ,-27.984640,-7.562330 ,3.673433  ,3.797427  ,0.000353  ,0.023085  
25.040000 ,-27.995262,-7.635116 ,3.682962  ,3.797427  ,0.007186  ,-0.001122 
25.040000 ,-27.995262,-7.635116 ,3.682962  ,3.797427  ,0.007186  ,-0.052893 
25.060000 ,-28.002207,-7.708546 ,3.693484  ,3.797427  ,0.011025  ,-0.060404 
25.060000 ,-28.002207,-7.708546 ,3.693484  ,3.797427  ,0.011025  ,-0.033033 
25.080000 ,-28.005171,-7.782388 ,3.697526  ,3.852936  ,0.002397  ,-0.050567 
25.080000 ,-28.005171,-7.782388 ,3.697526  ,3.852936  ,0.002397  ,0.011711  
25.100000 ,-28.004479,-7.856427 ,3.707260  ,3.852936  ,0.000000  ,0.049184  
25.100000 ,-28.004479,-7.856427 ,3.707260  ,3.852936  ,0.000000  ,-0.006741 
25.120000 ,-28.000451,-7.930640 ,3.725350  ,3.852936  ,0.009897  ,0.024020  
25.120000 ,-28.000451,-7.930640 ,3.725350  ,3.852936  ,0.009897  ,0.004410  
25.140000 ,-27.993248,-8.004937 ,3.739425  ,3.915530  ,0.004437  ,0.057247  
25.140000 ,-27.993248,-8.004937 ,3.739425  ,3.915530  ,0.004437  ,-0.056873 
25.160000 ,-27.983239,-8.079269 ,3.761089  ,3.915530  ,0.007875  ,0.061809  
25.160000 ,-27.983239,-8.079269 ,3.761089  ,3.915530  ,0.007875  ,0.050666  
25.180000 ,-27.970288,-8.153569 ,3.781166  ,3.985038  ,0.002133  ,0.021132  
25.180000 ,-27.970288,-8.153569 ,3.781166  ,3.985038  ,0.002133  ,0.005294  
25.200000 ,-27.954879,-8.227820 ,3.802055  ,3.985038  ,0.005232  ,-0.036692 
25.200000 ,-27.954879,-8.227820 ,3.802055  ,3.985038  ,0.005232  ,0.034580  
25.220000 ,-27.937642,-8.302021 ,3.815636  ,3.985038  ,0.006545  ,0.013246  
25.220000 ,-27.937642,-8.302021 ,3.815636  ,3.985038  ,0.006545  ,0.033987  
25.240000 ,-27.918843,-8.376158 ,3.832593  ,4.061065  ,0.003843  ,-0.001093 
25.240000 ,-27.918843,-8.376158 ,3.832593  ,4.061065  ,0.003843  ,0.002639  
25.260000 ,-27.898813,-8.450368 ,3.853703  ,4.061065  ,0.005265  ,0.012923  
25.260000 ,-27.898813,-8.450368 ,3.853703  ,4.061065  ,0.005265  ,0.040329  
25.280000 ,-27.877700,-8.524708 ,3.874154  ,4.061065  ,0.005683  ,0.034798  
25.280000 ,-27.877700,-8.524708 ,3.874154  ,4.061065  ,0.005683  ,-0.007275 
25.300000 ,-27.855651,-8.599205 ,3.894737  ,4.142807  ,0.004416  ,0.016123  
25.300000 ,-27.855651,-8.599205 ,3.894737  ,4.142807  ,0.004416  ,0.052931  
25.320000 ,-27.832789,-8.673928 ,3.919265  ,4.142807  ,0.005066  ,-0.064608 
25.320000 ,-27.832789,-8.673928 ,3.919265  ,4.142807  ,0.005066  ,-0.019876 
25.340000 ,-27.809243,-8.748850 ,3.934020  ,4.230726  ,0.003747  ,0.019721  
25.340000 ,-27.809243,-8.748850 ,3.934020  ,4.230726  ,0.003747  ,0.013366  
25.360000 ,-27.785085,-8.824042 ,3.963397  ,4.230726  ,0.000000  ,-0.028422 
25.360000 ,-27.785085,-8.824042 ,3.963397  ,4.230726  ,0.000000  ,0.047600  
25.380000 ,-27.760358,-8.899591 ,3.985577  ,4.230726  ,0.005163  ,0.016369  
25.380000 ,-27.760358,-8.899591 ,3.985577  ,4.230726  ,0.005163  ,-0.026213 
25.400000 ,-27.735128,-8.975463 ,4.009856  ,4.324741  ,0.004590  ,0.036295  
25.400000 ,-27.735128,-8.975463 ,4.009856  ,4.324741  ,0.004590  ,0.000265  
25.420000 ,-27.709373,-9.051760 ,4.042459  ,4.324741  ,0.005700  ,0.095439  
25.420000 ,-27.709373,-9.051760 ,4.042459  ,4.324741  ,0.005700  ,-0.014296 
25.440000 ,-27.682860,-9.128514 ,4.077526  ,4.425321  ,0.004900  ,-0.011681 
25.440000 ,-27.682860,-9.128514 ,4.077526  ,4.425321  ,0.004900  ,0.001378  
25.460000 ,-27.655585,-9.205703 ,4.108731  ,4.425321  ,0.000000  ,-0.054381 
25.460000 ,-27.655585,-9.205703 ,4.108731  ,4.425321  ,0.000000  ,0.067800  
25.480000 ,-27.627567,-9.283216 ,4.133074  ,4.425321  ,0.007034  ,0.008248  
25.480000 ,-27.627567,-9.283216 ,4.133074  ,4.425321  ,0.007034  ,-0.002877 
25.500000 ,-27.598787,-9.361006 ,4.160971  ,4.532327  ,0.006638  ,-0.025494 
25.500000 ,-27.598787,-9.361006 ,4.160971  ,4.532327  ,0.006638  ,-0.003285 
25.520000 ,-27.569185,-9.439130 ,4.193081  ,4.532327  ,0.007573  ,-0.018432 
25.520000 ,-27.569185,-9.439130 ,4.193081  ,4.532327  ,0.007573  ,-0.042779 
25.540000 ,-27.538724,-9.517587 ,4.222865  ,4.646088  ,0.006697  ,0.007898  
25.540000 ,-27.538724,-9.517587 ,4.222865  ,4.646088  ,0.006697  ,0.068629  
25.560000 ,-27.507347,-9.596436 ,4.262890  ,4.646088  ,0.007720  ,0.069411  
25.560000 ,-27.507347,-9.596436 ,4.262890  ,4.646088  ,0.007720  ,-0.030555 
25.580000 ,-27.474984,-9.675772 ,4.304910  ,4.764828  ,0.006341  ,0.024775  
25.580000 ,-27.474984,-9.675772 ,4.304910  ,4.764828  ,0.006341  ,-0.023265 
25.600000 ,-27.441598,-9.755627 ,4.349908  ,4.764828  ,0.007424  ,0.121230  
25.600000 ,-27.441598,-9.755627 ,4.349908  ,4.764828  ,0.007424  ,-0.070163 
25.620000 ,-27.407142,-9.836059 ,4.399684  ,4.764828  ,0.007754  ,0.034066  
25.620000 ,-27.407142,-9.836059 ,4.399684  ,4.764828  ,0.007754  ,0.003455  
25.640000 ,-27.371633,-9.916979 ,4.436746  ,4.886671  ,0.006731  ,0.006449  
25.640000 ,-27.371633,-9.916979 ,4.436746  ,4.886671  ,0.006731  ,0.006593  
25.660000 ,-27.335085,-9.998308 ,4.479115  ,4.886671  ,0.007112  ,-0.013356 
25.660000 ,-27.335085,-9.998308 ,4.479115  ,4.886671  ,0.007112  ,-0.021144 
25.680000 ,-27.297486,-10.080026,4.515712  ,5.009840  ,0.005704  ,0.024865  
25.680000 ,-27.297486,-10.080026,4.515712  ,5.009840  ,0.005704  ,-0.058222 
25.700000 ,-27.258795,-10.162172,4.563895  ,5.009840  ,0.006162  ,0.032082  
25.700000 ,-27.258795,-10.162172,4.563895  ,5.009840  ,0.006162  ,-0.058150 
25.720000 ,-27.218990,-10.244812,4.608275  ,5.131358  ,0.004468  ,0.000018  
25.720000 ,-27.218990,-10.244812,4.608275  ,5.131358  ,0.004468  ,0.018263  
25.740000 ,-27.178265,-10.328039,4.656839  ,5.131358  ,0.005339  ,0.007076  
25.740000 ,-27.178265,-10.328039,4.656839  ,5.131358  ,0.005339  ,0.012792  
25.760000 ,-27.136638,-10.411861,4.701550  ,5.249457  ,0.003969  ,0.026555  
25.760000 ,-27.136638,-10.411861,4.701550  ,5.249457  ,0.003969  ,-0.054491 
25.780000 ,-27.094088,-10.496319,4.754882  ,5.249457  ,0.005664  ,0.012112  
25.780000 ,-27.094088,-10.496319,4.754882  ,5.249457  ,0.005664  ,0.026241  
25.800000 ,-27.050449,-10.581348,4.801923  ,5.361950  ,0.004649  ,0.019572  
25.800000 ,-27.050449,-10.581348,4.801923  ,5.361950  ,0.004649  ,-0.004473 
25.820000 ,-27.005903,-10.667044,4.855732  ,5.361950  ,0.000000  ,0.016772  
25.820000 ,-27.005903,-10.667044,4.855732  ,5.361950  ,0.000000  ,-0.009263 
25.840000 ,-26.960261,-10.753322,4.904286  ,5.361950  ,0.009098  ,-0.011194 
25.840000 ,-26.960261,-10.753322,4.904286  ,5.361950  ,0.009098  ,-0.020393 
25.860000 ,-26.913433,-10.839984,4.945736  ,5.466692  ,0.010094  ,-0.025189 
25.860000 ,-26.913433,-10.839984,4.945736  ,5.466692  ,0.010094  ,0.006630  
25.880000 ,-26.865407,-10.926989,4.991762  ,5.466692  ,0.012514  ,0.037314  
25.880000 ,-26.865407,-10.926989,4.991762  ,5.466692  ,0.012514  ,-0.050572 
25.900000 ,-26.816098,-11.014350,5.039318  ,5.562510  ,0.013948  ,0.005379  
25.900000 ,-26.816098,-11.014350,5.039318  ,5.562510  ,0.013948  ,-0.024918 
25.920000 ,-26.765317,-11.101982,5.088390  ,5.562510  ,0.016815  ,0.041525  
25.920000 ,-26.765317,-11.101982,5.088390  ,5.562510  ,0.016815  ,0.052202  
25.940000 ,-26.712997,-11.189835,5.136262  ,5.648666  ,0.018512  ,-0.008590 
25.940000 ,-26.712997,-11.189835,5.136262  ,5.648666  ,0.018512  ,-0.043155 
25.960000 ,-26.659061,-11.277816,5.183036  ,5.725865  ,0.018785  ,0.061638  
25.960000 ,-26.659061,-11.277816,5.183036  ,5.725865  ,0.018785  ,-0.030853 
25.980000 ,-26.603219,-11.365822,5.239154  ,5.725865  ,0.023507  ,0.025203  
25.980000 ,-26.603219,-11.365822,5.239154  ,5.725865  ,0.023507  ,0.004340  
26.000000 ,-26.545554,-11.453885,5.286680  ,5.795933  ,0.023833  ,0.024149  
26.000000 ,-26.545554,-11.453885,5.286680  ,5.795933  ,0.023833  ,0.035561  
26.020000 ,-26.485850,-11.541754,5.336200  ,5.795933  ,0.028865  ,-0.044975 
26.020000 ,-26.485850,-11.541754,5.336200  ,5.795933  ,0.028865  ,0.000256  
26.040000 ,-26.424075,-11.629258,5.374706  ,5.861245  ,0.029204  ,-0.048223 
26.040000 ,-26.424075,-11.629258,5.374706  ,5.861245  ,0.029204  ,-0.067849 
26.060000 ,-26.360203,-11.716227,5.415399  ,5.861245  ,0.034389  ,0.055957  
26.060000 ,-26.360203,-11.716227,5.415399  ,5.861245  ,0.034389  ,-0.025511 
26.080000 ,-26.294115,-11.802628,5.461986  ,5.924640  ,0.034985  ,0.045281  
26.080000 ,-26.294115,-11.802628,5.461986  ,5.924640  ,0.034985  ,-0.006482 
26.100000 ,-26.225713,-11.888410,5.509142  ,5.924640  ,0.040475  ,0.028276  
26.100000 ,-26.225713,-11.888410,5.509142  ,5.924640  ,0.040475  ,-0.001563 
26.120000 ,-26.154872,-11.973341,5.550341  ,5.988767  ,0.041636  ,0.009955  
26.120000 ,-26.154872,-11.973341,5.550341  ,5.988767  ,0.041636  ,-0.051595 
26.140000 ,-26.081584,-12.057273,5.591969  ,5.988767  ,0.047412  ,-0.097868 
26.140000 ,-26.081584,-12.057273,5.591969  ,5.988767  ,0.047412  ,-0.025607 
26.160000 ,-26.005888,-12.139980,5.619721  ,6.056344  ,0.049572  ,-0.037574 
26.160000 ,-26.005888,-12.139980,5.619721  ,6.056344  ,0.049572  ,0.043581  
26.180000 ,-25.927668,-12.221207,5.656768  ,6.056344  ,0.055604  ,0.002563  
26.180000 ,-25.927668,-12.221207,5.656768  ,6.056344  ,0.055604  ,-0.059788 
26.200000 ,-25.846824,-12.300886,5.694103  ,6.129944  ,0.058853  ,-0.062857 
26.200000 ,-25.846824,-12.300886,5.694103  ,6.129944  ,0.058853  ,0.012358  
26.220000 ,-25.763338,-12.378850,5.728730  ,6.211783  ,0.060795  ,0.072303  
26.220000 ,-25.763338,-12.378850,5.728730  ,6.211783  ,0.060795  ,0.018718  
26.240000 ,-25.677174,-12.455153,5.780289  ,6.211783  ,0.069141  ,-0.043711 
26.240000 ,-25.677174,-12.455153,5.780289  ,6.211783  ,0.069141  ,-0.098502 
26.260000 ,-25.588413,-12.529785,5.816290  ,6.304409  ,0.072292  ,-0.105446 
26.260000 ,-25.588413,-12.529785,5.816290  ,6.304409  ,0.072292  ,0.043064  
26.280000 ,-25.497197,-12.602548,5.851817  ,6.304409  ,0.079344  ,0.026366  
26.280000 ,-25.497197,-12.602548,5.851817  ,6.304409  ,0.079344  ,-0.049664 
26.300000 ,-25.403502,-12.673424,5.896283  ,6.410064  ,0.082591  ,-0.055295 
26.300000 ,-25.403502,-12.673424,5.896283  ,6.410064  ,0.082591  ,0.040068  
26.320000 ,-25.307329,-12.742404,5.938849  ,6.410064  ,0.087338  ,-0.003717 
26.320000 ,-25.307329,-12.742404,5.938849  ,6.410064  ,0.087338  ,-0.044330 
26.340000 ,-25.208760,-12.809458,5.982251  ,6.530920  ,0.089339  ,-0.020663 
26.340000 ,-25.208760,-12.809458,5.982251  ,6.530920  ,0.089339  ,-0.044040 
26.360000 ,-25.107935,-12.874784,6.031270  ,6.415012  ,0.090140  ,-0.048267 
26.360000 ,-25.107935,-12.874784,6.031270  ,6.415012  ,0.090140  ,0.015289  
26.380000 ,-25.005113,-12.938454,6.062415  ,6.415012  ,0.091126  ,0.039609  
26.380000 ,-25.005113,-12.938454,6.062415  ,6.415012  ,0.091126  ,-0.071006 
26.400000 ,-24.900545,-13.000549,6.098827  ,6.242608  ,0.089698  ,-0.037481 
26.400000 ,-24.900545,-13.000549,6.098827  ,6.242608  ,0.089698  ,0.062796  
26.420000 ,-24.794515,-13.061047,6.108696  ,6.242608  ,0.086931  ,0.075156  
26.420000 ,-24.794515,-13.061047,6.108696  ,6.242608  ,0.086931  ,0.100794  
26.440000 ,-24.687371,-13.120160,6.128106  ,6.035350  ,0.082362  ,0.016477  
26.440000 ,-24.687371,-13.120160,6.128106  ,6.035350  ,0.082362  ,0.024634  
26.460000 ,-24.579630,-13.178003,6.101849  ,5.845270  ,0.076777  ,-0.060351 
26.460000 ,-24.579630,-13.178003,6.101849  ,5.845270  ,0.076777  ,-0.077034 
26.480000 ,-24.472756,-13.234499,5.992754  ,5.845270  ,0.068368  ,0.056124  
26.480000 ,-24.472756,-13.234499,5.992754  ,5.845270  ,0.068368  ,0.066785  
26.500000 ,-24.366881,-13.289965,5.961306  ,5.672317  ,0.060069  ,-0.011062 
26.500000 ,-24.366881,-13.289965,5.961306  ,5.672317  ,0.060069  ,-0.000129 
26.520000 ,-24.262200,-13.344725,5.858021  ,5.672317  ,0.049075  ,0.041096  
26.520000 ,-24.262200,-13.344725,5.858021  ,5.672317  ,0.049075  ,-0.007033 
26.540000 ,-24.158958,-13.398996,5.808244  ,5.515066  ,0.038160  ,0.052795  
26.540000 ,-24.158958,-13.398996,5.808244  ,5.515066  ,0.038160  ,0.038746  
26.560000 ,-24.057392,-13.453556,5.725498  ,5.372408  ,0.028075  ,0.041824  
26.560000 ,-24.057392,-13.453556,5.725498  ,5.372408  ,0.028075  ,-0.022984 
26.580000 ,-23.958398,-13.508832,5.618353  ,5.372408  ,0.013895  ,-0.052914 
26.580000 ,-23.958398,-13.508832,5.618353  ,5.372408  ,0.013895  ,-0.026327 
26.600000 ,-23.862241,-13.564845,5.515479  ,5.243022  ,0.003911  ,0.033417  
26.600000 ,-23.862241,-13.564845,5.515479  ,5.243022  ,0.003911  ,0.021931  
26.620000 ,-23.769120,-13.622339,5.433196  ,5.243022  ,0.009211  ,0.058961  
26.620000 ,-23.769120,-13.622339,5.433196  ,5.243022  ,0.009211  ,-0.019542 
26.640000 ,-23.678859,-13.681975,5.388029  ,5.125931  ,0.017414  ,-0.104943 
26.640000 ,-23.678859,-13.681975,5.388029  ,5.125931  ,0.017414  ,-0.013336 
26.660000 ,-23.592128,-13.743654,5.261685  ,5.125931  ,0.027873  ,0.004784  
26.660000 ,-23.592128,-13.743654,5.261685  ,5.125931  ,0.027873  ,-0.068692 
26.680000 ,-23.509151,-13.807589,5.216602  ,5.020368  ,0.033026  ,-0.035303 
26.680000 ,-23.509151,-13.807589,5.216602  ,5.020368  ,0.033026  ,-0.034836 
26.700000 ,-23.429952,-13.874197,5.136901  ,5.020368  ,0.039697  ,-0.035026 
26.700000 ,-23.429952,-13.874197,5.136901  ,5.020368  ,0.039697  ,0.037934  
26.720000 ,-23.354570,-13.943180,5.084731  ,4.924428  ,0.040962  ,-0.050525 
26.720000 ,-23.354570,-13.943180,5.084731  ,4.924428  ,0.040962  ,0.002454  
26.740000 ,-23.283061,-14.014399,5.012159  ,4.924428  ,0.044041  ,0.026391  
26.740000 ,-23.283061,-14.014399,5.012159  ,4.924428  ,0.044041  ,0.036087  
26.760000 ,-23.215037,-14.087718,4.991044  ,4.837214  ,0.041964  ,0.022207  
26.760000 ,-23.215037,-14.087718,4.991044  ,4.837214  ,0.041964  ,-0.019504 
26.780000 ,-23.150208,-14.162987,4.945737  ,4.837214  ,0.042583  ,-0.012645 
26.780000 ,-23.150208,-14.162987,4.945737  ,4.837214  ,0.042583  ,0.067556  
26.800000 ,-23.088350,-14.239605,4.904028  ,4.758393  ,0.038648  ,-0.003300 
26.800000 ,-23.088350,-14.239605,4.904028  ,4.758393  ,0.038648  ,-0.002930 
26.820000 ,-23.029267,-14.317212,4.852761  ,4.758393  ,0.038633  ,0.017919  
26.820000 ,-23.029267,-14.317212,4.852761  ,4.758393  ,0.038633  ,-0.014092 
26.840000 ,-22.972592,-14.395657,4.826446  ,4.686069  ,0.034263  ,-0.052312 
26.840000 ,-22.972592,-14.395657,4.826446  ,4.686069  ,0.034263  ,-0.034323 
26.860000 ,-22.918146,-14.474516,4.760117  ,4.686069  ,0.035095  ,-0.018306 
26.860000 ,-22.918146,-14.474516,4.760117  ,4.686069  ,0.035095  ,-0.057558 
26.880000 ,-22.865874,-14.553682,4.728327  ,4.620503  ,0.031355  ,0.008680  
26.880000 ,-22.865874,-14.553682,4.728327  ,4.620503  ,0.031355  ,-0.019307 
26.900000 ,-22.815503,-14.633290,4.694199  ,4.620503  ,0.033593  ,0.052756  
26.900000 ,-22.815503,-14.633290,4.694199  ,4.620503  ,0.033593  ,-0.000952 
26.920000 ,-22.766834,-14.713484,4.686991  ,4.561996  ,0.030829  ,-0.066384 
26.920000 ,-22.766834,-14.713484,4.686991  ,4.561996  ,0.030829  ,-0.082191 
26.940000 ,-22.720283,-14.794046,4.621114  ,4.561996  ,0.034277  ,-0.002925 
26.940000 ,-22.720283,-14.794046,4.621114  ,4.561996  ,0.034277  ,0.006404  
26.960000 ,-22.675962,-14.874889,4.599757  ,4.510141  ,0.031853  ,-0.011661 
26.960000 ,-22.675962,-14.874889,4.599757  ,4.510141  ,0.031853  ,0.042009  
26.980000 ,-22.633751,-14.956213,4.564895  ,4.510141  ,0.035672  ,0.042149  
26.980000 ,-22.633751,-14.956213,4.564895  ,4.510141  ,0.035672  ,-0.011991 
27.000000 ,-22.593840,-15.038272,4.560556  ,4.464083  ,0.032902  ,-0.049496 
27.000000 ,-22.593840,-15.038272,4.560556  ,4.464083  ,0.032902  ,-0.023758 
27.020000 ,-22.556198,-15.120770,4.510310  ,4.464083  ,0.036133  ,-0.030165 
27.020000 ,-22.556198,-15.120770,4.510310  ,4.464083  ,0.036133  ,0.042673  
27.040000 ,-22.521216,-15.203613,4.484014  ,4.464083  ,0.036774  ,0.019291  
27.040000 ,-22.521216,-15.203613,4.484014  ,4.464083  ,0.036774  ,0.022447  
27.060000 ,-22.488443,-15.287086,4.483794  ,4.423584  ,0.034106  ,-0.008010 
27.060000 ,-22.488443,-15.287086,4.483794  ,4.423584  ,0.034106  ,0.024847  
27.080000 ,-22.457804,-15.371100,4.460311  ,4.423584  ,0.033929  ,-0.012902 
27.080000 ,-22.457804,-15.371100,4.460311  ,4.423584  ,0.033929  ,-0.018485 
27.100000 ,-22.429351,-15.455455,4.443228  ,4.388616  ,0.029593  ,0.027053  
27.100000 ,-22.429351,-15.455455,4.443228  ,4.388616  ,0.029593  ,-0.027188 
27.120000 ,-22.402809,-15.540157,4.433741  ,4.388616  ,0.029027  ,-0.041096 
27.120000 ,-22.402809,-15.540157,4.433741  ,4.388616  ,0.029027  ,-0.066481 
27.140000 ,-22.378366,-15.625069,4.404062  ,4.358642  ,0.022615  ,-0.092817 
27.140000 ,-22.378366,-15.625069,4.404062  ,4.358642  ,0.022615  ,-0.012461 
27.160000 ,-22.355835,-15.709700,4.356478  ,4.358642  ,0.022902  ,-0.005002 
27.160000 ,-22.355835,-15.709700,4.356478  ,4.358642  ,0.022902  ,-0.028797 
27.180000 ,-22.335317,-15.794367,4.355501  ,4.333574  ,0.015011  ,-0.079243 
27.180000 ,-22.335317,-15.794367,4.355501  ,4.333574  ,0.015011  ,0.003583  
27.200000 ,-22.316894,-15.879129,4.320676  ,4.333574  ,0.016877  ,-0.032427 
27.200000 ,-22.316894,-15.879129,4.320676  ,4.333574  ,0.016877  ,-0.055512 
27.220000 ,-22.300660,-15.963930,4.313953  ,4.333574  ,0.016587  ,-0.036119 
27.220000 ,-22.300660,-15.963930,4.313953  ,4.333574  ,0.016587  ,0.005767  
27.240000 ,-22.286383,-16.048957,4.308274  ,4.313109  ,0.011651  ,-0.031725 
27.240000 ,-22.286383,-16.048957,4.308274  ,4.313109  ,0.011651  ,0.037369  
27.260000 ,-22.274113,-16.134144,4.299018  ,4.313109  ,0.013606  ,0.043528  
27.260000 ,-22.274113,-16.134144,4.299018  ,4.313109  ,0.013606  ,0.051135  
27.280000 ,-22.264198,-16.219602,4.304367  ,4.296892  ,0.008062  ,0.009686  
27.280000 ,-22.264198,-16.219602,4.304367  ,4.296892  ,0.008062  ,-0.024180 
27.300000 ,-22.256421,-16.305337,4.304573  ,4.296892  ,0.012179  ,0.036621  
27.300000 ,-22.256421,-16.305337,4.304573  ,4.296892  ,0.012179  ,-0.004728 
27.320000 ,-22.251047,-16.391285,4.307259  ,4.285035  ,0.006044  ,-0.058413 
27.320000 ,-22.251047,-16.391285,4.307259  ,4.285035  ,0.006044  ,-0.020979 
27.340000 ,-22.248112,-16.477085,4.279502  ,4.285035  ,0.012288  ,-0.020096 
27.340000 ,-22.248112,-16.477085,4.279502  ,4.285035  ,0.012288  ,0.085504  
27.360000 ,-22.247444,-16.562617,4.274489  ,4.285035  ,0.016257  ,-0.031468 
27.360000 ,-22.247444,-16.562617,4.274489  ,4.285035  ,0.016257  ,-0.109699 
27.380000 ,-22.249329,-16.648007,4.267288  ,4.277567  ,0.014298  ,-0.036575 
27.380000 ,-22.249329,-16.648007,4.267288  ,4.277567  ,0.014298  ,-0.072601 
27.400000 ,-22.253991,-16.733126,4.258236  ,4.277567  ,0.020063  ,0.014505  
27.400000 ,-22.253991,-16.733126,4.258236  ,4.277567  ,0.020063  ,0.002869  
27.420000 ,-22.261827,-16.817956,4.261377  ,4.273730  ,0.016454  ,-0.014146 
27.420000 ,-22.261827,-16.817956,4.261377  ,4.273730  ,0.016454  ,-0.074094 
27.440000 ,-22.272675,-16.902479,4.260760  ,4.273730  ,0.023395  ,-0.010167 
27.440000 ,-22.272675,-16.902479,4.260760  ,4.273730  ,0.023395  ,-0.052204 
27.460000 ,-22.286829,-16.986508,4.261020  ,4.273730  ,0.027000  ,0.026405  
27.460000 ,-22.286829,-16.986508,4.261020  ,4.273730  ,0.027000  ,-0.010253 
27.480000 ,-22.304346,-17.069940,4.264652  ,4.272559  ,0.025460  ,0.002195  
27.480000 ,-22.304346,-17.069940,4.264652  ,4.272559  ,0.025460  ,0.055415  
27.500000 ,-22.325061,-17.152683,4.265590  ,4.272559  ,0.029972  ,-0.079571 
27.500000 ,-22.325061,-17.152683,4.265590  ,4.272559  ,0.029972  ,0.036317  
27.520000 ,-22.349140,-17.234246,4.240598  ,4.272559  ,0.026323  ,0.016317  
27.520000 ,-22.349140,-17.234246,4.240598  ,4.272559  ,0.026323  ,0.097667  
27.540000 ,-22.376422,-17.314592,4.245080  ,4.272559  ,0.031519  ,0.024211  
27.540000 ,-22.376422,-17.314592,4.245080  ,4.272559  ,0.031519  ,-0.044115 
27.560000 ,-22.407198,-17.393764,4.249879  ,4.272559  ,0.025331  ,0.039305  
27.560000 ,-22.407198,-17.393764,4.249879  ,4.272559  ,0.025331  ,-0.017740 
27.580000 ,-22.441249,-17.471700,4.255634  ,4.272559  ,0.031116  ,0.000161  
27.580000 ,-22.441249,-17.471700,4.255634  ,4.272559  ,0.031116  ,0.034878  
27.600000 ,-22.478701,-17.548140,4.257220  ,4.272559  ,0.033195  ,-0.009603 
27.600000 ,-22.478701,-17.548140,4.257220  ,4.272559  ,0.033195  ,0.006547  
27.620000 ,-22.519125,-17.623078,4.257752  ,4.273182  ,0.029012  ,0.010886  
27.620000 ,-22.519125,-17.623078,4.257752  ,4.273182  ,0.029012  ,-0.011210 
27.640000 ,-22.562463,-17.696401,4.260196  ,4.273182  ,0.032193  ,0.081355  
27.640000 ,-22.562463,-17.696401,4.260196  ,4.273182  ,0.032193  ,-0.070922 
27.660000 ,-22.608668,-17.768089,4.268954  ,4.275962  ,0.026312  ,-0.032587 
27.660000 ,-22.608668,-17.768089,4.268954  ,4.275962  ,0.026312  ,0.050173  
27.680000 ,-22.657599,-17.837935,4.260149  ,4.275962  ,0.030520  ,0.032304  
27.680000 ,-22.657599,-17.837935,4.260149  ,4.275962  ,0.030520  ,-0.075035 
27.700000 ,-22.709430,-17.905610,4.264616  ,4.282178  ,0.022706  ,0.017259  
27.700000 ,-22.709430,-17.905610,4.264616  ,4.282178  ,0.022706  ,0.007409  
27.720000 ,-22.763797,-17.971366,4.267849  ,4.282178  ,0.027525  ,0.018619  
27.720000 ,-22.763797,-17.971366,4.267849  ,4.282178  ,0.027525  ,-0.052406 
27.740000 ,-22.820336,-18.035348,4.270908  ,4.282178  ,0.029546  ,0.054083  
27.740000 ,-22.820336,-18.035348,4.270908  ,4.282178  ,0.029546  ,0.046697  
27.760000 ,-22.879141,-18.097381,4.276975  ,4.293090  ,0.024984  ,0.074827  
27.760000 ,-22.879141,-18.097381,4.276975  ,4.293090  ,0.024984  ,-0.096931 
27.780000 ,-22.939992,-18.157615,4.285418  ,4.293090  ,0.028416  ,-0.008409 
27.780000 ,-22.939992,-18.157615,4.285418  ,4.293090  ,0.028416  ,-0.052439 
27.800000 ,-23.002891,-18.215825,4.285164  ,4.309569  ,0.023098  ,0.079210  
27.800000 ,-23.002891,-18.215825,4.285164  ,4.309569  ,0.023098  ,-0.022512 
27.820000 ,-23.067846,-18.271877,4.294784  ,4.309569  ,0.027442  ,0.069811  
27.820000 ,-23.067846,-18.271877,4.294784  ,4.309569  ,0.027442  ,-0.020565 
27.840000 ,-23.134806,-18.325798,4.302638  ,4.309569  ,0.028873  ,-0.015922 
27.840000 ,-23.134806,-18.325798,4.302638  ,4.309569  ,0.028873  ,0.093587  
27.860000 ,-23.203486,-18.377585,4.299543  ,4.332289  ,0.026212  ,0.041798  
27.860000 ,-23.203486,-18.377585,4.299543  ,4.332289  ,0.026212  ,-0.052993 
27.880000 ,-23.273691,-18.427356,4.306463  ,4.332289  ,0.028791  ,0.035813  
27.880000 ,-23.273691,-18.427356,4.306463  ,4.332289  ,0.028791  ,0.025226  
27.900000 ,-23.345542,-18.474950,4.312186  ,4.362166  ,0.025217  ,-0.020462 
27.900000 ,-23.345542,-18.474950,4.312186  ,4.362166  ,0.025217  ,-0.029281 
27.920000 ,-23.418810,-18.520491,4.314926  ,4.362166  ,0.028586  ,0.035449  
27.920000 ,-23.418810,-18.520491,4.314926  ,4.362166  ,0.028586  ,-0.022800 
27.940000 ,-23.493546,-18.563790,4.322603  ,4.398710  ,0.024277  ,-0.030910 
27.940000 ,-23.493546,-18.563790,4.322603  ,4.398710  ,0.024277  ,0.037413  
27.960000 ,-23.569580,-18.605017,4.326799  ,4.398710  ,0.028080  ,0.010523  
27.960000 ,-23.569580,-18.605017,4.326799  ,4.398710  ,0.028080  ,0.023520  
27.980000 ,-23.646937,-18.643969,4.334452  ,4.398710  ,0.029259  ,0.038373  
27.980000 ,-23.646937,-18.643969,4.334452  ,4.398710  ,0.029259  ,-0.051456 
28.000000 ,-23.725424,-18.680997,4.343980  ,4.441924  ,0.027082  ,0.027844  
28.000000 ,-23.725424,-18.680997,4.343980  ,4.441924  ,0.027082  ,-0.011323 
28.020000 ,-23.805019,-18.716109,4.355658  ,4.441924  ,0.028917  ,-0.041483 
28.020000 ,-23.805019,-18.716109,4.355658  ,4.441924  ,0.028917  ,-0.053896 
28.040000 ,-23.885601,-18.749310,4.359816  ,4.491803  ,0.026132  ,0.053807  
28.040000 ,-23.885601,-18.749310,4.359816  ,4.491803  ,0.026132  ,-0.016926 
28.060000 ,-23.967161,-18.780632,4.377065  ,4.491803  ,0.028214  ,0.069106  
28.060000 ,-23.967161,-18.780632,4.377065  ,4.491803  ,0.028214  ,-0.039130 
28.080000 ,-24.049754,-18.810161,4.394133  ,4.546929  ,0.025082  ,0.141999  
28.080000 ,-24.049754,-18.810161,4.394133  ,4.546929  ,0.025082  ,0.008630  
28.100000 ,-24.133373,-18.838085,4.421501  ,4.546929  ,0.027064  ,-0.042535 
28.100000 ,-24.133373,-18.838085,4.421501  ,4.546929  ,0.027064  ,-0.051194 
28.120000 ,-24.217875,-18.864408,4.429197  ,4.606689  ,0.023923  ,0.135264  
28.120000 ,-24.217875,-18.864408,4.429197  ,4.606689  ,0.023923  ,0.040560  
28.140000 ,-24.303234,-18.889164,4.458233  ,4.606689  ,0.025419  ,-0.011120 
28.140000 ,-24.303234,-18.889164,4.458233  ,4.606689  ,0.025419  ,0.068487  
28.160000 ,-24.389443,-18.912426,4.470983  ,4.606689  ,0.025251  ,0.056647  
28.160000 ,-24.389443,-18.912426,4.470983  ,4.606689  ,0.025251  ,0.003571  
28.180000 ,-24.476299,-18.934426,4.488841  ,4.671088  ,0.022876  ,-0.036381 
28.180000 ,-24.476299,-18.934426,4.488841  ,4.671088  ,0.022876  ,0.008149  
28.200000 ,-24.563776,-18.955214,4.502383  ,4.671088  ,0.022511  ,-0.034333 
28.200000 ,-24.563776,-18.955214,4.502383  ,4.671088  ,0.022511  ,0.004109  
28.220000 ,-24.651759,-18.974971,4.514858  ,4.739611  ,0.019749  ,0.011080  
28.220000 ,-24.651759,-18.974971,4.514858  ,4.739611  ,0.019749  ,-0.014498 
28.240000 ,-24.740306,-18.993758,4.536752  ,4.739611  ,0.019510  ,-0.071006 
28.240000 ,-24.740306,-18.993758,4.536752  ,4.739611  ,0.019510  ,-0.006207 
28.260000 ,-24.829385,-19.011653,4.548993  ,4.811151  ,0.016629  ,-0.110773 
28.260000 ,-24.829385,-19.011653,4.548993  ,4.811151  ,0.016629  ,0.065960  
28.280000 ,-24.918899,-19.028692,4.563048  ,4.811151  ,0.016700  ,0.004832  
28.280000 ,-24.918899,-19.028692,4.563048  ,4.811151  ,0.016700  ,-0.011439 
28.300000 ,-25.008966,-19.044816,4.586530  ,4.885704  ,0.013554  ,-0.045054 
28.300000 ,-25.008966,-19.044816,4.586530  ,4.885704  ,0.013554  ,0.027587  
28.320000 ,-25.099659,-19.060083,4.610122  ,4.885704  ,0.014071  ,0.054452  
28.320000 ,-25.099659,-19.060083,4.610122  ,4.885704  ,0.014071  ,-0.028905 
28.340000 ,-25.191037,-19.074524,4.640762  ,4.885704  ,0.013661  ,-0.010610 
28.340000 ,-25.191037,-19.074524,4.640762  ,4.885704  ,0.013661  ,0.044843  
28.360000 ,-25.283074,-19.088114,4.662518  ,4.963087  ,0.012089  ,0.017564  
28.360000 ,-25.283074,-19.088114,4.662518  ,4.963087  ,0.012089  ,-0.005649 
28.380000 ,-25.375781,-19.100631,4.692053  ,4.963087  ,0.012419  ,-0.026603 
28.380000 ,-25.375781,-19.100631,4.692053  ,4.963087  ,0.012419  ,-0.019688 
28.400000 ,-25.469131,-19.112248,4.714746  ,5.043099  ,0.011048  ,-0.009887 
28.400000 ,-25.469131,-19.112248,4.714746  ,5.043099  ,0.011048  ,-0.034311 
28.420000 ,-25.563145,-19.122705,4.744312  ,5.043099  ,0.012438  ,0.060480  
28.420000 ,-25.563145,-19.122705,4.744312  ,5.043099  ,0.012438  ,0.080806  
28.440000 ,-25.657918,-19.131955,4.777666  ,5.124168  ,0.011399  ,-0.008484 
28.440000 ,-25.657918,-19.131955,4.777666  ,5.124168  ,0.011399  ,-0.066593 
28.460000 ,-25.753455,-19.139944,4.809047  ,5.124168  ,0.013732  ,0.032824  
28.460000 ,-25.753455,-19.139944,4.809047  ,5.124168  ,0.013732  ,0.005489  
28.480000 ,-25.849741,-19.146463,4.841350  ,5.206401  ,0.013079  ,0.005131  
28.480000 ,-25.849741,-19.146463,4.841350  ,5.206401  ,0.013079  ,0.056093  
28.500000 ,-25.946787,-19.151453,4.875717  ,5.206401  ,0.016038  ,0.029489  
28.500000 ,-25.946787,-19.151453,4.875717  ,5.206401  ,0.016038  ,0.030377  
28.520000 ,-26.044580,-19.154827,4.909155  ,5.290260  ,0.015624  ,-0.016490 
28.520000 ,-26.044580,-19.154827,4.909155  ,5.290260  ,0.015624  ,-0.027743 
28.540000 ,-26.143090,-19.156514,4.943006  ,5.290260  ,0.019053  ,0.007242  
28.540000 ,-26.143090,-19.156514,4.943006  ,5.290260  ,0.019053  ,-0.006487 
28.560000 ,-26.242282,-19.156430,4.975917  ,5.374556  ,0.018863  ,0.024470  
28.560000 ,-26.242282,-19.156430,4.975917  ,5.374556  ,0.018863  ,-0.003896 
28.580000 ,-26.342178,-19.154515,5.015198  ,5.374556  ,0.022554  ,0.114814  
28.580000 ,-26.342178,-19.154515,5.015198  ,5.374556  ,0.022554  ,0.014961  
28.600000 ,-26.442854,-19.150705,5.059219  ,5.459329  ,0.022560  ,-0.032227 
28.600000 ,-26.442854,-19.150705,5.059219  ,5.459329  ,0.022560  ,0.011292  
28.620000 ,-26.544220,-19.144960,5.093373  ,5.459329  ,0.026371  ,0.003842  
28.620000 ,-26.544220,-19.144960,5.093373  ,5.459329  ,0.026371  ,0.010577  
28.640000 ,-26.646140,-19.137232,5.127705  ,5.545303  ,0.026534  ,-0.101749 
28.640000 ,-26.646140,-19.137232,5.127705  ,5.545303  ,0.026534  ,-0.024493 
28.660000 ,-26.748528,-19.127491,5.157028  ,5.545303  ,0.030306  ,-0.028973 
28.660000 ,-26.748528,-19.127491,5.157028  ,5.545303  ,0.030306  ,0.103689  
28.680000 ,-26.851329,-19.115689,5.190385  ,5.631948  ,0.030613  ,0.071553  
28.680000 ,-26.851329,-19.115689,5.190385  ,5.631948  ,0.030613  ,0.024537  
28.700000 ,-26.954684,-19.101773,5.238023  ,5.631948  ,0.034146  ,-0.057629 
28.700000 ,-26.954684,-19.101773,5.238023  ,5.631948  ,0.034146  ,0.009434  
28.720000 ,-27.058547,-19.085854,5.269244  ,5.720075  ,0.034660  ,-0.050622 
28.720000 ,-27.058547,-19.085854,5.269244  ,5.720075  ,0.034660  ,-0.001438 
28.740000 ,-27.162776,-19.067930,5.306399  ,5.720075  ,0.038042  ,-0.001117 
28.740000 ,-27.162776,-19.067930,5.306399  ,5.720075  ,0.038042  ,0.000284  
28.760000 ,-27.267406,-19.047985,5.344701  ,5.810220  ,0.038812  ,-0.004587 
28.760000 ,-27.267406,-19.047985,5.344701  ,5.810220  ,0.038812  ,-0.004264 
28.780000 ,-27.372459,-19.026014,5.387493  ,5.810220  ,0.041867  ,-0.052374 
28.780000 ,-27.372459,-19.026014,5.387493  ,5.810220  ,0.041867  ,0.022066  
28.800000 ,-27.477863,-19.002034,5.421876  ,5.902422  ,0.042826  ,-0.048477 
28.800000 ,-27.477863,-19.002034,5.421876  ,5.902422  ,0.042826  ,0.038655  
28.820000 ,-27.583559,-18.976056,5.461989  ,5.997857  ,0.042746  ,0.005295  
28.820000 ,-27.583559,-18.976056,5.461989  ,5.997857  ,0.042746  ,0.038547  
28.840000 ,-27.689672,-18.948046,5.512230  ,5.997857  ,0.046220  ,0.014063  
28.840000 ,-27.689672,-18.948046,5.512230  ,5.997857  ,0.046220  ,0.009341  
28.860000 ,-27.796227,-18.917992,5.558621  ,6.097041  ,0.046131  ,0.070558  
28.860000 ,-27.796227,-18.917992,5.558621  ,6.097041  ,0.046131  ,0.008400  
28.880000 ,-27.903265,-18.885904,5.615158  ,6.097041  ,0.048363  ,-0.000230 
28.880000 ,-27.903265,-18.885904,5.615158  ,6.097041  ,0.048363  ,0.020902  
28.900000 ,-28.010806,-18.852014,5.659874  ,6.200546  ,0.048091  ,-0.047550 
28.900000 ,-28.010806,-18.852014,5.659874  ,6.200546  ,0.048091  ,0.090831  
28.920000 ,-28.118740,-18.816394,5.705655  ,6.200546  ,0.049117  ,-0.025969 
28.920000 ,-28.118740,-18.816394,5.705655  ,6.200546  ,0.049117  ,-0.029049 
28.940000 ,-28.227049,-18.779090,5.749189  ,6.309206  ,0.048334  ,0.001574  
28.940000 ,-28.227049,-18.779090,5.749189  ,6.309206  ,0.048334  ,0.035675  
28.960000 ,-28.335838,-18.740259,5.801327  ,6.309206  ,0.047905  ,0.038077  
28.960000 ,-28.335838,-18.740259,5.801327  ,6.309206  ,0.047905  ,-0.042483 
28.980000 ,-28.445227,-18.700069,5.852013  ,6.422936  ,0.046407  ,-0.009243 
28.980000 ,-28.445227,-18.700069,5.852013  ,6.422936  ,0.046407  ,-0.006645 
29.000000 ,-28.555239,-18.658599,5.904159  ,6.541977  ,0.044412  ,0.021459  
29.000000 ,-28.555239,-18.658599,5.904159  ,6.541977  ,0.044412  ,0.018467  
29.020000 ,-28.665999,-18.615909,5.965365  ,6.541977  ,0.042065  ,-0.005630 
29.020000 ,-28.665999,-18.615909,5.965365  ,6.541977  ,0.042065  ,0.010035  
29.040000 ,-28.777544,-18.572089,6.018375  ,6.665452  ,0.038871  ,0.003862  
29.040000 ,-28.777544,-18.572089,6.018375  ,6.665452  ,0.038871  ,0.030682  
29.060000 ,-28.889906,-18.527248,6.078807  ,6.665452  ,0.035199  ,-0.061216 
29.060000 ,-28.889906,-18.527248,6.078807  ,6.665452  ,0.035199  ,-0.060807 
29.080000 ,-29.003156,-18.481690,6.127587  ,6.792213  ,0.031159  ,0.033064  
29.080000 ,-29.003156,-18.481690,6.127587  ,6.792213  ,0.031159  ,-0.025666 
29.100000 ,-29.117377,-18.435501,6.192360  ,6.920817  ,0.026885  ,-0.014971 
29.100000 ,-29.117377,-18.435501,6.192360  ,6.920817  ,0.026885  ,0.008861  
29.120000 ,-29.232770,-18.388711,6.258600  ,6.920817  ,0.022665  ,0.052533  
29.120000 ,-29.232770,-18.388711,6.258600  ,6.920817  ,0.022665  ,-0.010080 
29.140000 ,-29.349387,-18.341413,6.324956  ,6.925711  ,0.018358  ,-0.016662 
29.140000 ,-29.349387,-18.341413,6.324956  ,6.925711  ,0.018358  ,0.022981  
29.160000 ,-29.467153,-18.293745,6.379183  ,6.792997  ,0.014161  ,0.044370  
29.160000 ,-29.467153,-18.293745,6.379183  ,6.792997  ,0.014161  ,0.018324  
29.180000 ,-29.585881,-18.245876,6.421720  ,6.792997  ,0.010395  ,0.044152  
29.180000 ,-29.585881,-18.245876,6.421720  ,6.792997  ,0.010395  ,0.040700  
29.200000 ,-29.705452,-18.197932,6.460288  ,6.657177  ,0.006803  ,-0.014889 
29.200000 ,-29.705452,-18.197932,6.460288  ,6.657177  ,0.006803  ,0.104506  
29.220000 ,-29.825648,-18.150066,6.477185  ,6.657177  ,0.003691  ,0.032164  
29.220000 ,-29.825648,-18.150066,6.477185  ,6.657177  ,0.003691  ,-0.002702 
29.240000 ,-29.946315,-18.102392,6.496881  ,6.522360  ,0.000937  ,0.033509  
29.240000 ,-29.946315,-18.102392,6.496881  ,6.522360  ,0.000937  ,-0.038734 
29.260000 ,-30.067358,-18.054994,6.502358  ,6.391077  ,0.001354  ,0.014601  
29.260000 ,-30.067358,-18.054994,6.502358  ,6.391077  ,0.001354  ,0.077765  
29.280000 ,-30.188282,-18.008104,6.469078  ,6.391077  ,0.003164  ,0.042042  
29.280000 ,-30.188282,-18.008104,6.469078  ,6.391077  ,0.003164  ,-0.057546 
29.300000 ,-30.308957,-17.961807,6.456700  ,6.264554  ,0.000000  ,0.020896  
29.300000 ,-30.308957,-17.961807,6.456700  ,6.264554  ,0.000000  ,-0.036619 
29.320000 ,-30.429120,-17.916238,6.397752  ,6.144248  ,0.005365  ,-0.082795 
29.320000 ,-30.429120,-17.916238,6.397752  ,6.144248  ,0.005365  ,0.074531  
29.340000 ,-30.547795,-17.871759,6.281990  ,6.144248  ,0.005829  ,0.047812  
29.340000 ,-30.547795,-17.871759,6.281990  ,6.144248  ,0.005829  ,0.010373  
29.360000 ,-30.665226,-17.828014,6.251034  ,6.030432  ,0.006048  ,-0.046720 
29.360000 ,-30.665226,-17.828014,6.251034  ,6.030432  ,0.006048  ,0.024357  
29.380000 ,-30.781499,-17.784777,6.159015  ,5.923197  ,0.006700  ,0.025024  
29.380000 ,-30.781499,-17.784777,6.159015  ,5.923197  ,0.006700  ,0.000258  
29.400000 ,-30.896194,-17.741988,6.086455  ,5.923197  ,0.006015  ,0.016085  
29.400000 ,-30.896194,-17.741988,6.086455  ,5.923197  ,0.006015  ,0.016047  
29.420000 ,-31.009672,-17.699428,6.035795  ,5.823112  ,0.006283  ,0.005092  
29.420000 ,-31.009672,-17.699428,6.035795  ,5.823112  ,0.006283  ,0.030145  
29.440000 ,-31.121868,-17.656964,5.964337  ,5.823112  ,0.004246  ,0.034693  
29.440000 ,-31.121868,-17.656964,5.964337  ,5.823112  ,0.004246  ,0.098390  
29.460000 ,-31.232868,-17.614345,5.927666  ,5.729340  ,0.000000  ,-0.004981 
29.460000 ,-31.232868,-17.614345,5.927666  ,5.729340  ,0.000000  ,0.092995  
29.480000 ,-31.342415,-17.570987,5.857683  ,5.642613  ,0.002779  ,0.064074  
29.480000 ,-31.342415,-17.570987,5.857683  ,5.642613  ,0.002779  ,-0.033798 
29.500000 ,-31.450305,-17.526751,5.805706  ,5.642613  ,0.003004  ,0.012166  
29.500000 ,-31.450305,-17.526751,5.805706  ,5.642613  ,0.003004  ,-0.000365 
29.520000 ,-31.556578,-17.481346,5.753754  ,5.562940  ,0.004677  ,0.069858  
29.520000 ,-31.556578,-17.481346,5.753754  ,5.562940  ,0.004677  ,-0.081062 
29.540000 ,-31.661208,-17.434509,5.712118  ,5.562940  ,0.011476  ,-0.014313 
29.540000 ,-31.661208,-17.434509,5.712118  ,5.562940  ,0.011476  ,0.081730  
29.560000 ,-31.764000,-17.386036,5.655840  ,5.490185  ,0.014568  ,-0.057359 
29.560000 ,-31.764000,-17.386036,5.655840  ,5.490185  ,0.014568  ,0.013006  
29.580000 ,-31.864505,-17.335922,5.579073  ,5.490185  ,0.021829  ,-0.017947 
29.580000 ,-31.864505,-17.335922,5.579073  ,5.490185  ,0.021829  ,-0.021947 
29.600000 ,-31.962764,-17.283876,5.542298  ,5.425159  ,0.025906  ,-0.009490 
29.600000 ,-31.962764,-17.283876,5.542298  ,5.425159  ,0.025906  ,0.058568  
29.620000 ,-32.058898,-17.229628,5.498710  ,5.367748  ,0.027713  ,0.011223  
29.620000 ,-32.058898,-17.229628,5.498710  ,5.367748  ,0.027713  ,0.017879  
29.640000 ,-32.152725,-17.173107,5.457493  ,5.367748  ,0.037540  ,-0.050012 
29.640000 ,-32.152725,-17.173107,5.457493  ,5.367748  ,0.037540  ,0.002176  
29.660000 ,-32.244083,-17.114316,5.409385  ,5.318012  ,0.039457  ,0.049400  
29.660000 ,-32.244083,-17.114316,5.409385  ,5.318012  ,0.039457  ,0.003251  
29.680000 ,-32.333076,-17.053073,5.394937  ,5.318012  ,0.048545  ,0.045864  
29.680000 ,-32.333076,-17.053073,5.394937  ,5.318012  ,0.048545  ,0.003955  
29.700000 ,-32.419802,-16.989077,5.384245  ,5.276643  ,0.050168  ,0.072215  
29.700000 ,-32.419802,-16.989077,5.384245  ,5.276643  ,0.050168  ,-0.041560 
29.720000 ,-32.504186,-16.922394,5.372064  ,5.276643  ,0.058017  ,-0.067334 
29.720000 ,-32.504186,-16.922394,5.372064  ,5.276643  ,0.058017  ,0.001885  
29.740000 ,-32.585769,-16.853398,5.316040  ,5.243683  ,0.059087  ,-0.038919 
29.740000 ,-32.585769,-16.853398,5.316040  ,5.243683  ,0.059087  ,0.101607  
29.760000 ,-32.664121,-16.782136,5.277736  ,5.243683  ,0.065162  ,0.022708  
29.760000 ,-32.664121,-16.782136,5.277736  ,5.243683  ,0.065162  ,0.049682  
29.780000 ,-32.739673,-16.708489,5.273831  ,5.218548  ,0.064936  ,-0.036281 
29.780000 ,-32.739673,-16.708489,5.273831  ,5.218548  ,0.064936  ,0.066611  
29.800000 ,-32.812475,-16.632631,5.242313  ,5.218548  ,0.069059  ,0.001257  
29.800000 ,-32.812475,-16.632631,5.242313  ,5.218548  ,0.069059  ,0.029788  
29.820000 ,-32.882548,-16.554757,5.234565  ,5.201276  ,0.067815  ,-0.020140 
29.820000 ,-32.882548,-16.554757,5.234565  ,5.201276  ,0.067815  ,0.011484  
29.840000 ,-32.949940,-16.474899,5.216174  ,5.201276  ,0.069705  ,0.052422  
29.840000 ,-32.949940,-16.474899,5.216174  ,5.201276  ,0.069705  ,-0.002040 
29.860000 ,-33.014764,-16.393119,5.219657  ,5.190739  ,0.066998  ,0.040421  
29.860000 ,-33.014764,-16.393119,5.219657  ,5.190739  ,0.066998  ,-0.029088 
29.880000 ,-33.077383,-16.309583,5.220725  ,5.190739  ,0.066565  ,0.007134  
29.880000 ,-33.077383,-16.309583,5.220725  ,5.190739  ,0.066565  ,-0.027438 
29.900000 ,-33.137836,-16.224553,5.212859  ,5.185586  ,0.062419  ,0.031537  
29.900000 ,-33.137836,-16.224553,5.212859  ,5.185586  ,0.062419  ,-0.024417 
29.920000 ,-33.196237,-16.138186,5.213255  ,5.185586  ,0.060497  ,0.021076  
29.920000 ,-33.196237,-16.138186,5.213255  ,5.185586  ,0.060497  ,-0.017754 
29.940000 ,-33.252739,-16.050589,5.210986  ,5.184108  ,0.055335  ,-0.036469 
29.940000 ,-33.252739,-16.050589,5.210986  ,5.184108  ,0.055335  ,-0.004481 
29.960000 ,-33.307341,-15.962089,5.189180  ,5.184108  ,0.053261  ,-0.076380 
29.960000 ,-33.307341,-15.962089,5.189180  ,5.184108  ,0.053261  ,0.047111  
29.980000 ,-33.359993,-15.872997,5.161142  ,5.184108  ,0.048378  ,0.004072  
29.980000 ,-33.359993,-15.872997,5.161142  ,5.184108  ,0.048378  ,0.058529  
30.000000 ,-33.410702,-15.783062,5.163652  ,5.184108  ,0.046861  ,0.038087  
30.000000 ,-33.410702,-15.783062,5.163652  ,5.184108  ,0.046861  ,-0.015953 
30.020000 ,-33.459864,-15.692180,5.169087  ,5.184108  ,0.042790  ,0.036389  
30.020000 ,-33.459864,-15.692180,5.169087  ,5.184108  ,0.042790  ,-0.047648 
30.040000 ,-33.507320,-15.600281,5.173860  ,5.184108  ,0.042704  ,-0.015573 
30.040000 ,-33.507320,-15.600281,5.173860  ,5.184108  ,0.042704  ,-0.047986 
30.060000 ,-33.552901,-15.507408,5.172027  ,5.184736  ,0.040062  ,0.052795  
30.060000 ,-33.552901,-15.507408,5.172027  ,5.184736  ,0.040062  ,-0.004819 
30.080000 ,-33.596475,-15.413527,5.178108  ,5.184736  ,0.041416  ,0.008442  
30.080000 ,-33.596475,-15.413527,5.178108  ,5.184736  ,0.041416  ,0.015362  
30.100000 ,-33.637977,-15.318632,5.179507  ,5.187804  ,0.040299  ,-0.045774 
30.100000 ,-33.637977,-15.318632,5.179507  ,5.187804  ,0.040299  ,-0.083617 
30.120000 ,-33.677028,-15.222834,5.166607  ,5.187804  ,0.042946  ,0.033525  
30.120000 ,-33.677028,-15.222834,5.166607  ,5.187804  ,0.042946  ,0.060777  
30.140000 ,-33.713720,-15.126183,5.171687  ,5.194987  ,0.043050  ,-0.109987 
30.140000 ,-33.713720,-15.126183,5.171687  ,5.194987  ,0.043050  ,-0.011089 
30.160000 ,-33.747626,-15.028801,5.141847  ,5.207404  ,0.040522  ,-0.039920 
30.160000 ,-33.747626,-15.028801,5.141847  ,5.207404  ,0.040522  ,-0.054364 
30.180000 ,-33.778431,-14.930666,5.144227  ,5.207404  ,0.047359  ,0.084274  
30.180000 ,-33.778431,-14.930666,5.144227  ,5.207404  ,0.047359  ,-0.018927 
30.200000 ,-33.806110,-14.831435,5.157917  ,5.226642  ,0.044881  ,0.015903  
30.200000 ,-33.806110,-14.831435,5.157917  ,5.226642  ,0.044881  ,-0.014464 
30.220000 ,-33.830653,-14.731162,5.165773  ,5.226642  ,0.051557  ,-0.024001 
30.220000 ,-33.830653,-14.731162,5.165773  ,5.226642  ,0.051557  ,0.000931  
30.240000 ,-33.851926,-14.630029,5.169196  ,5.254160  ,0.049038  ,0.071302  
30.240000 ,-33.851926,-14.630029,5.169196  ,5.254160  ,0.049038  ,0.051958  
30.260000 ,-33.870058,-14.528103,5.183704  ,5.254160  ,0.055464  ,0.009555  
30.260000 ,-33.870058,-14.528103,5.183704  ,5.254160  ,0.055464  ,0.005831  
30.280000 ,-33.884794,-14.425410,5.191132  ,5.290674  ,0.053108  ,-0.031048 
30.280000 ,-33.884794,-14.425410,5.191132  ,5.290674  ,0.053108  ,0.062689  
30.300000 ,-33.896313,-14.322168,5.197491  ,5.290674  ,0.058950  ,-0.005434 
30.300000 ,-33.896313,-14.322168,5.197491  ,5.290674  ,0.058950  ,-0.039959 
30.320000 ,-33.904574,-14.218469,5.205637  ,5.338444  ,0.056651  ,0.021937  
30.320000 ,-33.904574,-14.218469,5.205637  ,5.338444  ,0.056651  ,0.004814  
30.340000 ,-33.909655,-14.114338,5.220004  ,5.338444  ,0.061883  ,0.010293  
30.340000 ,-33.909655,-14.114338,5.220004  ,5.338444  ,0.061883  ,0.041583  
30.360000 ,-33.911587,-14.009839,5.231955  ,5.398297  ,0.059787  ,-0.089107 
30.360000 ,-33.911587,-14.009839,5.231955  ,5.398297  ,0.059787  ,0.023914  
30.380000 ,-33.910411,-13.905137,5.239126  ,5.398297  ,0.064173  ,0.003325  
30.380000 ,-33.910411,-13.905137,5.239126  ,5.398297  ,0.064173  ,-0.125504 
30.400000 ,-33.906166,-13.800292,5.254212  ,5.472056  ,0.062056  ,0.021706  
30.400000 ,-33.906166,-13.800292,5.254212  ,5.472056  ,0.062056  ,-0.034589 
30.420000 ,-33.898913,-13.695236,5.276451  ,5.472056  ,0.065252  ,0.011168  
30.420000 ,-33.898913,-13.695236,5.276451  ,5.472056  ,0.065252  ,0.031972  
30.440000 ,-33.888939,-13.589987,5.295648  ,5.560989  ,0.063140  ,0.023569  
30.440000 ,-33.888939,-13.589987,5.295648  ,5.560989  ,0.063140  ,0.004557  
30.460000 ,-33.876319,-13.484558,5.322470  ,5.560989  ,0.065219  ,-0.042247 
30.460000 ,-33.876319,-13.484558,5.322470  ,5.560989  ,0.065219  ,0.078255  
30.480000 ,-33.861142,-13.379012,5.340692  ,5.667215  ,0.063014  ,0.051467  
30.480000 ,-33.861142,-13.379012,5.340692  ,5.667215  ,0.063014  ,-0.005839 
30.500000 ,-33.843629,-13.273285,5.375784  ,5.667215  ,0.063649  ,0.025199  
30.500000 ,-33.843629,-13.273285,5.375784  ,5.667215  ,0.063649  ,-0.010507 
30.520000 ,-33.824004,-13.167274,5.405180  ,5.792058  ,0.061292  ,-0.005354 
30.520000 ,-33.824004,-13.167274,5.405180  ,5.792058  ,0.061292  ,-0.047154 
30.540000 ,-33.802385,-13.060990,5.440600  ,5.792058  ,0.060415  ,0.029176  
30.540000 ,-33.802385,-13.060990,5.440600  ,5.792058  ,0.060415  ,0.092407  
30.560000 ,-33.778912,-12.954375,5.475938  ,5.939380  ,0.057432  ,-0.008514 
30.560000 ,-33.778912,-12.954375,5.475938  ,5.939380  ,0.057432  ,-0.020629 
30.580000 ,-33.753926,-12.847306,5.518173  ,5.939380  ,0.054832  ,0.035740  
30.580000 ,-33.753926,-12.847306,5.518173  ,5.939380  ,0.054832  ,0.017475  
30.600000 ,-33.727702,-12.739662,5.560595  ,6.110278  ,0.051115  ,0.025303  
30.600000 ,-33.727702,-12.739662,5.560595  ,6.110278  ,0.051115  ,0.019064  
30.620000 ,-33.700519,-12.631266,5.613976  ,6.205238  ,0.047579  ,-0.025054 
30.620000 ,-33.700519,-12.631266,5.613976  ,6.205238  ,0.047579  ,-0.095907 
30.640000 ,-33.672733,-12.521930,5.666542  ,6.205238  ,0.042414  ,-0.010216 
30.640000 ,-33.672733,-12.521930,5.666542  ,6.205238  ,0.042414  ,0.046619  
30.660000 ,-33.644377,-12.411691,5.715606  ,6.036550  ,0.037870  ,-0.027347 
30.660000 ,-33.644377,-12.411691,5.715606  ,6.036550  ,0.037870  ,-0.043237 
30.680000 ,-33.615922,-12.300692,5.742863  ,6.036550  ,0.030723  ,-0.030895 
30.680000 ,-33.615922,-12.300692,5.742863  ,6.036550  ,0.030723  ,0.077689  
30.700000 ,-33.587784,-12.189080,5.767261  ,5.898977  ,0.024844  ,-0.064523 
30.700000 ,-33.587784,-12.189080,5.767261  ,5.898977  ,0.024844  ,0.023501  
30.720000 ,-33.560369,-12.076976,5.773499  ,5.898977  ,0.016319  ,0.009496  
30.720000 ,-33.560369,-12.076976,5.773499  ,5.898977  ,0.016319  ,-0.028402 
30.740000 ,-33.534164,-11.964389,5.786030  ,5.788064  ,0.009296  ,0.014907  
30.740000 ,-33.534164,-11.964389,5.786030  ,5.788064  ,0.009296  ,0.025068  
30.760000 ,-33.509590,-11.851293,5.787602  ,5.704816  ,0.003571  ,-0.049741 
30.760000 ,-33.509590,-11.851293,5.787602  ,5.704816  ,0.003571  ,-0.086989 
30.780000 ,-33.487044,-11.738249,5.741983  ,5.704816  ,0.007456  ,-0.074205 
30.780000 ,-33.487044,-11.738249,5.741983  ,5.704816  ,0.007456  ,-0.077253 
30.800000 ,-33.466927,-11.625598,5.703646  ,5.646443  ,0.013592  ,0.058478  
30.800000 ,-33.466927,-11.625598,5.703646  ,5.646443  ,0.013592  ,-0.066754 
30.820000 ,-33.449470,-11.512870,5.703765  ,5.646443  ,0.024174  ,-0.031280 
30.820000 ,-33.449470,-11.512870,5.703765  ,5.646443  ,0.024174  ,-0.043045 
30.840000 ,-33.434966,-11.400048,5.673266  ,5.609205  ,0.030149  ,0.025728  
30.840000 ,-33.434966,-11.400048,5.673266  ,5.609205  ,0.030149  ,0.052779  
30.860000 ,-33.423680,-11.287288,5.660071  ,5.609205  ,0.039608  ,-0.035646 
30.860000 ,-33.423680,-11.287288,5.660071  ,5.609205  ,0.039608  ,0.018018  
30.880000 ,-33.415844,-11.174678,5.630292  ,5.589901  ,0.044994  ,0.057988  
30.880000 ,-33.415844,-11.174678,5.630292  ,5.589901  ,0.044994  ,-0.011753 
30.900000 ,-33.411636,-11.062139,5.631925  ,5.589901  ,0.052811  ,0.025347  
30.900000 ,-33.411636,-11.062139,5.631925  ,5.589901  ,0.052811  ,0.000021  
30.920000 ,-33.411198,-10.949567,5.626185  ,5.583295  ,0.057393  ,0.045366  
30.920000 ,-33.411198,-10.949567,5.626185  ,5.583295  ,0.057393  ,-0.056347 
30.940000 ,-33.414768,-10.837104,5.626415  ,5.583278  ,0.058653  ,-0.045392 
30.940000 ,-33.414768,-10.837104,5.626415  ,5.583278  ,0.058653  ,0.033575  
30.960000 ,-33.422392,-10.725162,5.595941  ,5.583278  ,0.067006  ,-0.012934 
30.960000 ,-33.422392,-10.725162,5.595941  ,5.583278  ,0.067006  ,0.038977  
30.980000 ,-33.434164,-10.613965,5.587130  ,5.583278  ,0.067167  ,0.015192  
30.980000 ,-33.434164,-10.613965,5.587130  ,5.583278  ,0.067167  ,-0.103810 
31.000000 ,-33.450410,-10.503406,5.588183  ,5.583278  ,0.074040  ,0.030224  
31.000000 ,-33.450410,-10.503406,5.588183  ,5.583278  ,0.074040  ,-0.006231 
31.020000 ,-33.470990,-10.393537,5.590534  ,5.583278  ,0.073339  ,0.044645  
31.020000 ,-33.470990,-10.393537,5.590534  ,5.583278  ,0.073339  ,-0.017343 
31.040000 ,-33.496141,-10.284564,5.594005  ,5.583278  ,0.079496  ,-0.093457 
31.040000 ,-33.496141,-10.284564,5.594005  ,5.583278  ,0.079496  ,0.063789  
31.060000 ,-33.525561,-10.177021,5.558142  ,5.589368  ,0.078940  ,-0.043464 
31.060000 ,-33.525561,-10.177021,5.558142  ,5.589368  ,0.078940  ,-0.084922 
31.080000 ,-33.559468,-10.071211,5.553929  ,5.589368  ,0.085403  ,-0.000102 
31.080000 ,-33.559468,-10.071211,5.553929  ,5.589368  ,0.085403  ,0.008269  
31.100000 ,-33.597780,-9.966922 ,5.557210  ,5.606392  ,0.086115  ,0.027524  
31.100000 ,-33.597780,-9.966922 ,5.557210  ,5.606392  ,0.086115  ,0.034588  
31.120000 ,-33.640724,-9.864341 ,5.564331  ,5.606392  ,0.093756  ,0.054386  
31.120000 ,-33.640724,-9.864341 ,5.564331  ,5.606392  ,0.093756  ,-0.048656 
31.140000 ,-33.688407,-9.763699 ,5.573285  ,5.638114  ,0.096507  ,-0.022660 
31.140000 ,-33.688407,-9.763699 ,5.573285  ,5.638114  ,0.096507  ,-0.022836 
31.160000 ,-33.740724,-9.665239 ,5.577200  ,5.687358  ,0.096710  ,0.013368  
31.160000 ,-33.740724,-9.665239 ,5.577200  ,5.687358  ,0.096710  ,0.017236  
31.180000 ,-33.797490,-9.569096 ,5.588668  ,5.687358  ,0.108556  ,0.049152  
31.180000 ,-33.797490,-9.569096 ,5.588668  ,5.687358  ,0.108556  ,0.032113  
31.200000 ,-33.858671,-9.475399 ,5.602394  ,5.756272  ,0.110323  ,-0.026071 
31.200000 ,-33.858671,-9.475399 ,5.602394  ,5.756272  ,0.110323  ,-0.079759 
31.220000 ,-33.924137,-9.384328 ,5.614259  ,5.756272  ,0.119313  ,-0.068390 
31.220000 ,-33.924137,-9.384328 ,5.614259  ,5.756272  ,0.119313  ,-0.004674 
31.240000 ,-33.993519,-9.295967 ,5.621094  ,5.846529  ,0.120745  ,0.032043  
31.240000 ,-33.993519,-9.295967 ,5.621094  ,5.846529  ,0.120745  ,0.021381  
31.260000 ,-34.066629,-9.210255 ,5.644998  ,5.846529  ,0.125586  ,0.132304  
31.260000 ,-34.066629,-9.210255 ,5.644998  ,5.846529  ,0.125586  ,0.039414  
31.280000 ,-34.143327,-9.126989 ,5.675991  ,5.959375  ,0.125072  ,-0.019135 
31.280000 ,-34.143327,-9.126989 ,5.675991  ,5.959375  ,0.125072  ,0.043854  
31.300000 ,-34.223127,-9.045907 ,5.700523  ,5.959375  ,0.124865  ,0.111264  
31.300000 ,-34.223127,-9.045907 ,5.700523  ,5.959375  ,0.124865  ,0.008827  
31.320000 ,-34.305695,-8.966790 ,5.734885  ,6.096169  ,0.121216  ,-0.012419 
31.320000 ,-34.305695,-8.966790 ,5.734885  ,6.096169  ,0.121216  ,-0.111387 
31.340000 ,-34.390556,-8.889143 ,5.767273  ,6.258484  ,0.117108  ,0.039938  
31.340000 ,-34.390556,-8.889143 ,5.767273  ,6.258484  ,0.117108  ,-0.054512 
31.360000 ,-34.477291,-8.812353 ,5.816584  ,6.258484  ,0.108059  ,0.001312  
31.360000 ,-34.477291,-8.812353 ,5.816584  ,6.258484  ,0.108059  ,-0.023472 
31.380000 ,-34.565543,-8.735922 ,5.857732  ,6.336259  ,0.099868  ,0.069577  
31.380000 ,-34.565543,-8.735922 ,5.857732  ,6.336259  ,0.099868  ,-0.063158 
31.400000 ,-34.654769,-8.659209 ,5.908617  ,6.336259  ,0.084982  ,0.065244  
31.400000 ,-34.654769,-8.659209 ,5.908617  ,6.336259  ,0.084982  ,0.082328  
31.420000 ,-34.744665,-8.581794 ,5.954376  ,6.164705  ,0.071440  ,0.090388  
31.420000 ,-34.744665,-8.581794 ,5.954376  ,6.164705  ,0.071440  ,0.024133  
31.440000 ,-34.834398,-8.503073 ,5.982294  ,6.164705  ,0.051408  ,-0.020736 
31.440000 ,-34.834398,-8.503073 ,5.982294  ,6.164705  ,0.051408  ,-0.039244 
31.460000 ,-34.923093,-8.422548 ,5.997304  ,6.020742  ,0.032533  ,-0.012374 
31.460000 ,-34.923093,-8.422548 ,5.997304  ,6.020742  ,0.032533  ,0.028732  
31.480000 ,-35.010002,-8.339871 ,5.998331  ,5.902720  ,0.014131  ,-0.017232 
31.480000 ,-35.010002,-8.339871 ,5.998331  ,5.902720  ,0.014131  ,0.071091  
31.500000 ,-35.094251,-8.255047 ,5.959488  ,5.902720  ,0.012475  ,-0.050602 
31.500000 ,-35.094251,-8.255047 ,5.959488  ,5.902720  ,0.012475  ,-0.073083 
31.520000 ,-35.175023,-8.167940 ,5.922529  ,5.808964  ,0.032865  ,0.033545  
31.520000 ,-35.175023,-8.167940 ,5.922529  ,5.808964  ,0.032865  ,0.028092  
31.540000 ,-35.251530,-8.077905 ,5.894984  ,5.808964  ,0.056947  ,0.043727  
31.540000 ,-35.251530,-8.077905 ,5.894984  ,5.808964  ,0.056947  ,0.006052  
31.560000 ,-35.323481,-7.984715 ,5.880425  ,5.737503  ,0.075166  ,0.032546  
31.560000 ,-35.323481,-7.984715 ,5.880425  ,5.737503  ,0.075166  ,0.002019  
31.580000 ,-35.390195,-7.888363 ,5.842431  ,5.686364  ,0.089138  ,-0.004538 
31.580000 ,-35.390195,-7.888363 ,5.842431  ,5.686364  ,0.089138  ,-0.056439 
31.600000 ,-35.450999,-7.789280 ,5.787147  ,5.686364  ,0.107057  ,-0.036344 
31.600000 ,-35.450999,-7.789280 ,5.787147  ,5.686364  ,0.107057  ,0.039171  
31.620000 ,-35.505426,-7.687716 ,5.739944  ,5.652133  ,0.114829  ,0.056621  
31.620000 ,-35.505426,-7.687716 ,5.739944  ,5.652133  ,0.114829  ,0.010410  
31.640000 ,-35.553527,-7.583623 ,5.729208  ,5.652133  ,0.124519  ,0.029098  
31.640000 ,-35.553527,-7.583623 ,5.729208  ,5.652133  ,0.124519  ,-0.052217 
31.660000 ,-35.595584,-7.477238 ,5.712693  ,5.631223  ,0.125593  ,0.040616  
31.660000 ,-35.595584,-7.477238 ,5.712693  ,5.631223  ,0.125593  ,-0.000917 
31.680000 ,-35.631655,-7.368998 ,5.698630  ,5.631223  ,0.127780  ,-0.050293 
31.680000 ,-35.631655,-7.368998 ,5.698630  ,5.631223  ,0.127780  ,-0.001026 
31.700000 ,-35.662242,-7.259659 ,5.658115  ,5.620147  ,0.123281  ,-0.064811 
31.700000 ,-35.662242,-7.259659 ,5.658115  ,5.620147  ,0.123281  ,0.002194  
31.720000 ,-35.687992,-7.149856 ,5.622736  ,5.620147  ,0.120168  ,0.000760  
31.720000 ,-35.687992,-7.149856 ,5.622736  ,5.620147  ,0.120168  ,-0.013220 
31.740000 ,-35.709504,-7.039490 ,5.622106  ,5.615545  ,0.112600  ,-0.069074 
31.740000 ,-35.709504,-7.039490 ,5.622106  ,5.615545  ,0.112600  ,0.031892  
31.760000 ,-35.727302,-6.928748 ,5.596071  ,5.614489  ,0.102243  ,-0.079841 
31.760000 ,-35.727302,-6.928748 ,5.596071  ,5.614489  ,0.102243  ,0.002249  
31.780000 ,-35.741981,-6.818020 ,5.574927  ,5.614489  ,0.097830  ,-0.063429 
31.780000 ,-35.741981,-6.818020 ,5.574927  ,5.614489  ,0.097830  ,-0.078413 
31.800000 ,-35.754138,-6.707276 ,5.566712  ,5.614489  ,0.087598  ,-0.010186 
31.800000 ,-35.754138,-6.707276 ,5.566712  ,5.614489  ,0.087598  ,-0.041015 
31.820000 ,-35.764204,-6.596363 ,5.570201  ,5.614489  ,0.083275  ,0.020531  
31.820000 ,-35.764204,-6.596363 ,5.570201  ,5.614489  ,0.083275  ,0.019197  
31.840000 ,-35.772672,-6.485221 ,5.576219  ,5.614489  ,0.074902  ,-0.012985 
31.840000 ,-35.772672,-6.485221 ,5.576219  ,5.614489  ,0.074902  ,0.014673  
31.860000 ,-35.779559,-6.373887 ,5.578566  ,5.614489  ,0.071933  ,-0.037059 
31.860000 ,-35.779559,-6.373887 ,5.578566  ,5.614489  ,0.071933  ,-0.017250 
31.880000 ,-35.784989,-6.262453 ,5.578175  ,5.615440  ,0.065924  ,0.035931  
31.880000 ,-35.784989,-6.262453 ,5.578175  ,5.615440  ,0.065924  ,0.081796  
31.900000 ,-35.788907,-6.150890 ,5.584971  ,5.615440  ,0.064409  ,-0.039482 
31.900000 ,-35.788907,-6.150890 ,5.584971  ,5.615440  ,0.064409  ,-0.026807 
31.920000 ,-35.791206,-6.039248 ,5.581868  ,5.618655  ,0.060550  ,-0.002042 
31.920000 ,-35.791206,-6.039248 ,5.581868  ,5.618655  ,0.060550  ,0.034321  
31.940000 ,-35.791708,-5.927581 ,5.585094  ,5.618655  ,0.059878  ,0.071772  
31.940000 ,-35.791708,-5.927581 ,5.585094  ,5.618655  ,0.059878  ,0.000494  
31.960000 ,-35.790305,-5.815790 ,5.594873  ,5.624731  ,0.057396  ,0.020859  
31.960000 ,-35.790305,-5.815790 ,5.594873  ,5.624731  ,0.057396  ,-0.088643 
31.980000 ,-35.786988,-5.703895 ,5.599581  ,5.633834  ,0.053856  ,-0.019379 
31.980000 ,-35.786988,-5.703895 ,5.599581  ,5.633834  ,0.053856  ,0.057454  
32.000000 ,-35.781584,-5.592022 ,5.600962  ,5.633834  ,0.055415  ,-0.022449 
32.000000 ,-35.781584,-5.592022 ,5.600962  ,5.633834  ,0.055415  ,0.055623  
32.020000 ,-35.773804,-5.480266 ,5.601930  ,5.645488  ,0.052207  ,0.093606  
32.020000 ,-35.773804,-5.480266 ,5.601930  ,5.645488  ,0.052207  ,0.068294  
32.040000 ,-35.763659,-5.368560 ,5.614664  ,5.645488  ,0.053112  ,-0.003191 
32.040000 ,-35.763659,-5.368560 ,5.614664  ,5.645488  ,0.053112  ,-0.037246 
32.060000 ,-35.751181,-5.256938 ,5.617229  ,5.659150  ,0.050072  ,-0.047484 
32.060000 ,-35.751181,-5.256938 ,5.617229  ,5.659150  ,0.050072  ,-0.015703 
32.080000 ,-35.736338,-5.145601 ,5.615315  ,5.659150  ,0.050479  ,0.088348  
32.080000 ,-35.736338,-5.145601 ,5.615315  ,5.659150  ,0.050479  ,-0.001473 
32.100000 ,-35.719331,-5.034466 ,5.627586  ,5.674349  ,0.047928  ,0.022187  
32.100000 ,-35.719331,-5.034466 ,5.627586  ,5.674349  ,0.047928  ,-0.078339 
32.120000 ,-35.700180,-4.923491 ,5.633988  ,5.674349  ,0.048366  ,-0.060324 
32.120000 ,-35.700180,-4.923491 ,5.633988  ,5.674349  ,0.048366  ,0.029524  
32.140000 ,-35.678983,-4.812899 ,5.627116  ,5.690764  ,0.046848  ,0.011411  
32.140000 ,-35.678983,-4.812899 ,5.627116  ,5.690764  ,0.046848  ,0.018159  
32.160000 ,-35.655789,-4.702702 ,5.634084  ,5.708270  ,0.044142  ,-0.055000 
32.160000 ,-35.655789,-4.702702 ,5.634084  ,5.708270  ,0.044142  ,-0.069684 
32.180000 ,-35.630420,-4.592896 ,5.635866  ,5.708270  ,0.047233  ,-0.032745 
32.180000 ,-35.630420,-4.592896 ,5.635866  ,5.708270  ,0.047233  ,0.035761  
32.200000 ,-35.602927,-4.483546 ,5.639548  ,5.726876  ,0.045613  ,0.010150  
32.200000 ,-35.602927,-4.483546 ,5.639548  ,5.726876  ,0.045613  ,0.026435  
32.220000 ,-35.573324,-4.374616 ,5.648597  ,5.726876  ,0.048966  ,-0.065406 
32.220000 ,-35.573324,-4.374616 ,5.648597  ,5.726876  ,0.048966  ,0.035260  
32.240000 ,-35.541476,-4.266216 ,5.649792  ,5.746804  ,0.048427  ,0.067359  
32.240000 ,-35.541476,-4.266216 ,5.649792  ,5.746804  ,0.048427  ,0.038433  
32.260000 ,-35.507355,-4.158335 ,5.665052  ,5.746804  ,0.051770  ,-0.001564 
32.260000 ,-35.507355,-4.158335 ,5.665052  ,5.746804  ,0.051770  ,0.076044  
32.280000 ,-35.470906,-4.050980 ,5.672497  ,5.768245  ,0.052149  ,0.044845  
32.280000 ,-35.470906,-4.050980 ,5.672497  ,5.768245  ,0.052149  ,0.067035  
32.300000 ,-35.432100,-3.944235 ,5.685549  ,5.768245  ,0.055324  ,-0.026152 
32.300000 ,-35.432100,-3.944235 ,5.685549  ,5.768245  ,0.055324  ,0.006133  
32.320000 ,-35.390901,-3.838196 ,5.690799  ,5.791488  ,0.056431  ,0.032617  
32.320000 ,-35.390901,-3.838196 ,5.690799  ,5.791488  ,0.056431  ,-0.028248 
32.340000 ,-35.347142,-3.732995 ,5.703175  ,5.816712  ,0.055931  ,0.027755  
32.340000 ,-35.347142,-3.732995 ,5.703175  ,5.816712  ,0.055931  ,-0.092896 
32.360000 ,-35.300761,-3.628645 ,5.716292  ,5.816712  ,0.060343  ,-0.078598 
32.360000 ,-35.300761,-3.628645 ,5.716292  ,5.816712  ,0.060343  ,-0.004742 
32.380000 ,-35.251760,-3.525334 ,5.718318  ,5.844299  ,0.059911  ,-0.040177 
32.380000 ,-35.251760,-3.525334 ,5.718318  ,5.844299  ,0.059911  ,-0.045382 
32.400000 ,-35.200255,-3.423134 ,5.726284  ,5.844299  ,0.063235  ,-0.002640 
32.400000 ,-35.200255,-3.423134 ,5.726284  ,5.844299  ,0.063235  ,-0.022783 
32.420000 ,-35.146306,-3.321991 ,5.736995  ,5.873971  ,0.062948  ,-0.084728 
32.420000 ,-35.146306,-3.321991 ,5.736995  ,5.873971  ,0.062948  ,0.007451  
32.440000 ,-35.089932,-3.222001 ,5.741846  ,5.873971  ,0.065289  ,0.012167  
32.440000 ,-35.089932,-3.222001 ,5.741846  ,5.873971  ,0.065289  ,0.016805  
32.460000 ,-35.031151,-3.123194 ,5.755242  ,5.906125  ,0.065017  ,0.042495  
32.460000 ,-35.031151,-3.123194 ,5.755242  ,5.906125  ,0.065017  ,-0.074529 
32.480000 ,-34.969948,-3.025497 ,5.773195  ,5.940608  ,0.063254  ,-0.087351 
32.480000 ,-34.969948,-3.025497 ,5.773195  ,5.940608  ,0.063254  ,-0.103038 
32.500000 ,-34.906419,-2.928994 ,5.780628  ,5.940608  ,0.065956  ,-0.058919 
32.500000 ,-34.906419,-2.928994 ,5.780628  ,5.940608  ,0.065956  ,-0.032613 
32.520000 ,-34.840675,-2.833782 ,5.790010  ,5.977064  ,0.064239  ,0.064383  
32.520000 ,-34.840675,-2.833782 ,5.790010  ,5.977064  ,0.064239  ,0.016878  
32.540000 ,-34.772692,-2.739749 ,5.813353  ,5.977064  ,0.065761  ,-0.003338 
32.540000 ,-34.772692,-2.739749 ,5.813353  ,5.977064  ,0.065761  ,0.008717  
32.560000 ,-34.702539,-2.646845 ,5.828242  ,6.016128  ,0.064028  ,-0.096409 
32.560000 ,-34.702539,-2.646845 ,5.828242  ,6.016128  ,0.064028  ,-0.051012 
32.580000 ,-34.630315,-2.555244 ,5.836735  ,6.016128  ,0.064374  ,0.006987  
32.580000 ,-34.630315,-2.555244 ,5.836735  ,6.016128  ,0.064374  ,-0.050961 
32.600000 ,-34.556175,-2.464851 ,5.854038  ,6.056782  ,0.062623  ,0.076861  
32.600000 ,-34.556175,-2.464851 ,5.854038  ,6.056782  ,0.062623  ,-0.041696 
32.620000 ,-34.480168,-2.375453 ,5.879996  ,6.098855  ,0.059981  ,0.025540  
32.620000 ,-34.480168,-2.375453 ,5.879996  ,6.098855  ,0.059981  ,-0.020798 
32.640000 ,-34.402325,-2.287000 ,5.902686  ,6.098855  ,0.060500  ,0.014910  
32.640000 ,-34.402325,-2.287000 ,5.902686  ,6.098855  ,0.060500  ,-0.049714 
32.660000 ,-34.322771,-2.199510 ,5.922282  ,6.142578  ,0.058051  ,-0.079835 
32.660000 ,-34.322771,-2.199510 ,5.922282  ,6.142578  ,0.058051  ,-0.027316 
32.680000 ,-34.241654,-2.113020 ,5.935323  ,6.142578  ,0.057614  ,0.016323  
32.680000 ,-34.241654,-2.113020 ,5.935323  ,6.142578  ,0.057614  ,0.010424  
32.700000 ,-34.159040,-2.027488 ,5.956079  ,6.186803  ,0.055263  ,-0.012129 
32.700000 ,-34.159040,-2.027488 ,5.956079  ,6.186803  ,0.055263  ,0.052233  
32.720000 ,-34.074943,-1.942834 ,5.976373  ,6.231287  ,0.052210  ,-0.053077 
32.720000 ,-34.074943,-1.942834 ,5.976373  ,6.231287  ,0.052210  ,0.021087  
32.740000 ,-33.989434,-1.859047 ,5.995112  ,6.231287  ,0.051425  ,-0.023527 
32.740000 ,-33.989434,-1.859047 ,5.995112  ,6.231287  ,0.051425  ,-0.065098 
32.760000 ,-33.902564,-1.776113 ,6.014854  ,6.276040  ,0.048177  ,0.088912  
32.760000 ,-33.902564,-1.776113 ,6.014854  ,6.276040  ,0.048177  ,-0.036616 
32.780000 ,-33.814271,-1.693926 ,6.047357  ,6.276040  ,0.046468  ,0.089036  
32.780000 ,-33.814271,-1.693926 ,6.047357  ,6.276040  ,0.046468  ,0.017670  
32.800000 ,-33.724536,-1.612391 ,6.076853  ,6.320493  ,0.043121  ,-0.072578 
32.800000 ,-33.724536,-1.612391 ,6.076853  ,6.320493  ,0.043121  ,0.007725  
32.820000 ,-33.633670,-1.531437 ,6.092734  ,6.364126  ,0.039156  ,-0.027639 
32.820000 ,-33.633670,-1.531437 ,6.092734  ,6.364126  ,0.039156  ,-0.100797 
32.840000 ,-33.541740,-1.451105 ,6.115364  ,6.364126  ,0.038664  ,0.018370  
32.840000 ,-33.541740,-1.451105 ,6.115364  ,6.364126  ,0.038664  ,-0.012370 
32.860000 ,-33.448669,-1.371366 ,6.140165  ,6.406699  ,0.035897  ,0.012317  
32.860000 ,-33.448669,-1.371366 ,6.140165  ,6.406699  ,0.035897  ,0.022920  
32.880000 ,-33.354387,-1.292272 ,6.166053  ,6.406699  ,0.035966  ,-0.032097 
32.880000 ,-33.354387,-1.292272 ,6.166053  ,6.406699  ,0.035966  ,-0.016075 
32.900000 ,-33.258967,-1.213841 ,6.185414  ,6.447784  ,0.034843  ,-0.065275 
32.900000 ,-33.258967,-1.213841 ,6.185414  ,6.447784  ,0.034843  ,-0.023875 
32.920000 ,-33.162477,-1.136129 ,6.203712  ,6.486619  ,0.033634  ,-0.030166 
32.920000 ,-33.162477,-1.136129 ,6.203712  ,6.486619  ,0.033634  ,-0.028250 
32.940000 ,-33.064885,-1.059130 ,6.227177  ,6.486619  ,0.036433  ,-0.020608 
32.940000 ,-33.064885,-1.059130 ,6.227177  ,6.486619  ,0.036433  ,-0.097835 
32.960000 ,-32.966137,-0.982869 ,6.249350  ,6.523058  ,0.037227  ,0.003691  
32.960000 ,-32.966137,-0.982869 ,6.249350  ,6.523058  ,0.037227  ,0.056272  
32.980000 ,-32.866057,-0.907565 ,6.275103  ,6.523058  ,0.040651  ,-0.038844 
32.980000 ,-32.866057,-0.907565 ,6.275103  ,6.523058  ,0.040651  ,0.050964  
33.000000 ,-32.764633,-0.833313 ,6.294517  ,6.556783  ,0.043117  ,0.031823  
33.000000 ,-32.764633,-0.833313 ,6.294517  ,6.556783  ,0.043117  ,0.032998  
33.020000 ,-32.661816,-0.760194 ,6.321820  ,6.587381  ,0.045286  ,-0.052810 
33.020000 ,-32.661816,-0.760194 ,6.321820  ,6.587381  ,0.045286  ,0.027586  
33.040000 ,-32.557476,-0.688434 ,6.341571  ,6.587381  ,0.050789  ,0.019716  
33.040000 ,-32.557476,-0.688434 ,6.341571  ,6.587381  ,0.050789  ,-0.035604 
33.060000 ,-32.451592,-0.618165 ,6.366223  ,6.614735  ,0.054224  ,-0.052151 
33.060000 ,-32.451592,-0.618165 ,6.366223  ,6.614735  ,0.054224  ,0.020669  
33.080000 ,-32.344128,-0.549540 ,6.384453  ,6.639234  ,0.057000  ,0.037477  
33.080000 ,-32.344128,-0.549540 ,6.384453  ,6.639234  ,0.057000  ,0.059585  
33.100000 ,-32.234944,-0.482808 ,6.411586  ,6.639234  ,0.063448  ,-0.054008 
33.100000 ,-32.234944,-0.482808 ,6.411586  ,6.639234  ,0.063448  ,-0.044269 
33.120000 ,-32.124107,-0.418002 ,6.427706  ,6.661004  ,0.066797  ,-0.010223 
33.120000 ,-32.124107,-0.418002 ,6.427706  ,6.661004  ,0.066797  ,0.000935  
33.140000 ,-32.011639,-0.355308 ,6.448416  ,6.680403  ,0.069216  ,-0.002647 
33.140000 ,-32.011639,-0.355308 ,6.448416  ,6.680403  ,0.069216  ,-0.002276 
33.160000 ,-31.897492,-0.294825 ,6.469708  ,6.680403  ,0.075728  ,-0.058755 
33.160000 ,-31.897492,-0.294825 ,6.469708  ,6.680403  ,0.075728  ,-0.028283 
33.180000 ,-31.781796,-0.236569 ,6.483814  ,6.698172  ,0.078426  ,-0.047239 
33.180000 ,-31.781796,-0.236569 ,6.483814  ,6.698172  ,0.078426  ,0.002309  
33.200000 ,-31.664624,-0.180653 ,6.499329  ,6.698172  ,0.083500  ,-0.004046 
33.200000 ,-31.664624,-0.180653 ,6.499329  ,6.698172  ,0.083500  ,-0.063954 
33.220000 ,-31.545975,-0.127118 ,6.517414  ,6.714963  ,0.086413  ,0.023987  
33.220000 ,-31.545975,-0.127118 ,6.517414  ,6.714963  ,0.086413  ,0.020650  
33.240000 ,-31.425850,-0.075987 ,6.537981  ,6.731600  ,0.088333  ,-0.018989 
33.240000 ,-31.425850,-0.075987 ,6.537981  ,6.731600  ,0.088333  ,-0.038321 
33.260000 ,-31.304322,-0.027292 ,6.554194  ,6.731600  ,0.092994  ,-0.094003 
33.260000 ,-31.304322,-0.027292 ,6.554194  ,6.731600  ,0.092994  ,-0.051013 
33.280000 ,-31.181565,0.018900  ,6.561937  ,6.749077  ,0.095098  ,0.000420  
33.280000 ,-31.181565,0.018900  ,6.561937  ,6.749077  ,0.095098  ,0.067280  
33.300000 ,-31.057621,0.062572  ,6.579350  ,6.768323  ,0.096250  ,0.002802  
33.300000 ,-31.057621,0.062572  ,6.579350  ,6.768323  ,0.096250  ,0.019552  
33.320000 ,-30.932405,0.103592  ,6.597154  ,6.768323  ,0.100235  ,0.014958  
33.320000 ,-30.932405,0.103592  ,6.597154  ,6.768323  ,0.100235  ,-0.042361 
33.340000 ,-30.805975,0.141934  ,6.614434  ,6.790216  ,0.101214  ,0.011562  
33.340000 ,-30.805975,0.141934  ,6.614434  ,6.790216  ,0.101214  ,0.045203  
33.360000 ,-30.678429,0.177685  ,6.631827  ,6.815541  ,0.101231  ,0.048149  
33.360000 ,-30.678429,0.177685  ,6.631827  ,6.815541  ,0.101231  ,-0.004892 
33.380000 ,-30.549774,0.210815  ,6.653353  ,6.815541  ,0.104188  ,0.065740  
33.380000 ,-30.549774,0.210815  ,6.653353  ,6.815541  ,0.104188  ,0.071947  
33.400000 ,-30.420030,0.241307  ,6.674513  ,6.844986  ,0.104051  ,-0.038565 
33.400000 ,-30.420030,0.241307  ,6.674513  ,6.844986  ,0.104051  ,0.006594  
33.420000 ,-30.289346,0.269127  ,6.686759  ,6.879146  ,0.102926  ,0.010564  
33.420000 ,-30.289346,0.269127  ,6.686759  ,6.879146  ,0.102926  ,-0.000189 
33.440000 ,-30.157802,0.294257  ,6.705601  ,6.879146  ,0.104491  ,0.033348  
33.440000 ,-30.157802,0.294257  ,6.705601  ,6.879146  ,0.104491  ,-0.075122 
33.460000 ,-30.025387,0.316703  ,6.724809  ,6.918567  ,0.102923  ,0.000180  
33.460000 ,-30.025387,0.316703  ,6.724809  ,6.918567  ,0.102923  ,-0.055835 
33.480000 ,-29.892170,0.336477  ,6.742814  ,6.963750  ,0.100345  ,-0.051723 
33.480000 ,-29.892170,0.336477  ,6.742814  ,6.963750  ,0.100345  ,-0.005036 
33.500000 ,-29.758275,0.353821  ,6.758524  ,6.963750  ,0.100229  ,0.025434  
33.500000 ,-29.758275,0.353821  ,6.758524  ,6.963750  ,0.100229  ,0.068357  
33.520000 ,-29.623719,0.368783  ,6.779938  ,7.015034  ,0.097385  ,0.031502  
33.520000 ,-29.623719,0.368783  ,6.779938  ,7.015034  ,0.097385  ,0.022280  
33.540000 ,-29.488462,0.381432  ,6.804688  ,7.072675  ,0.093781  ,-0.024617 
33.540000 ,-29.488462,0.381432  ,6.804688  ,7.072675  ,0.093781  ,0.043960  
33.560000 ,-29.352540,0.391851  ,6.827283  ,7.072675  ,0.092087  ,-0.022937 
33.560000 ,-29.352540,0.391851  ,6.827283  ,7.072675  ,0.092087  ,0.005654  
33.580000 ,-29.216037,0.400131  ,6.847935  ,7.136908  ,0.088069  ,0.008477  
33.580000 ,-29.216037,0.400131  ,6.847935  ,7.136908  ,0.088069  ,-0.015699 
33.600000 ,-29.078948,0.406511  ,6.875550  ,7.207857  ,0.083528  ,0.080961  
33.600000 ,-29.078948,0.406511  ,6.875550  ,7.207857  ,0.083528  ,0.011640  
33.620000 ,-28.941131,0.411243  ,6.913918  ,7.207857  ,0.080600  ,-0.014626 
33.620000 ,-28.941131,0.411243  ,6.913918  ,7.207857  ,0.080600  ,0.031448  
33.640000 ,-28.802628,0.414457  ,6.939849  ,7.285570  ,0.076162  ,0.025678  
33.640000 ,-28.802628,0.414457  ,6.939849  ,7.285570  ,0.076162  ,0.063763  
33.660000 ,-28.663495,0.416303  ,6.974329  ,7.370053  ,0.071506  ,-0.032823 
33.660000 ,-28.663495,0.416303  ,6.974329  ,7.370053  ,0.071506  ,-0.023203 
33.680000 ,-28.523669,0.416932  ,7.008020  ,7.370053  ,0.067992  ,-0.061948 
33.680000 ,-28.523669,0.416932  ,7.008020  ,7.370053  ,0.067992  ,-0.001818 
33.700000 ,-28.383228,0.416485  ,7.035880  ,7.461210  ,0.063594  ,0.057010  
33.700000 ,-28.383228,0.416485  ,7.035880  ,7.461210  ,0.063594  ,-0.044530 
33.720000 ,-28.242064,0.415085  ,7.080660  ,7.558865  ,0.059124  ,-0.055894 
33.720000 ,-28.242064,0.415085  ,7.080660  ,7.558865  ,0.059124  ,-0.025380 
33.740000 ,-28.100072,0.412839  ,7.119867  ,7.662780  ,0.054666  ,0.011034  
33.740000 ,-28.100072,0.412839  ,7.119867  ,7.662780  ,0.054666  ,0.004751  
33.760000 ,-27.957186,0.409837  ,7.171295  ,7.662780  ,0.050965  ,0.094331  
33.760000 ,-27.957186,0.409837  ,7.171295  ,7.662780  ,0.050965  ,0.034190  
33.780000 ,-27.813256,0.406150  ,7.225681  ,7.772653  ,0.046527  ,0.034519  
33.780000 ,-27.813256,0.406150  ,7.225681  ,7.772653  ,0.046527  ,0.036114  
33.800000 ,-27.668261,0.401838  ,7.279666  ,7.888138  ,0.041973  ,-0.072677 
33.800000 ,-27.668261,0.401838  ,7.279666  ,7.888138  ,0.041973  ,0.002531  
33.820000 ,-27.522246,0.396948  ,7.329409  ,7.888138  ,0.037443  ,-0.002199 
33.820000 ,-27.522246,0.396948  ,7.329409  ,7.888138  ,0.037443  ,0.105185  
33.840000 ,-27.375234,0.391538  ,7.381077  ,8.000000  ,0.032440  ,0.053594  
33.840000 ,-27.375234,0.391538  ,7.381077  ,8.000000  ,0.032440  ,0.078124  
33.860000 ,-27.227089,0.385862  ,7.443513  ,8.000000  ,0.027352  ,-0.092217 
33.860000 ,-27.227089,0.385862  ,7.443513  ,8.000000  ,0.027352  ,0.008604  
33.880000 ,-27.077898,0.379997  ,7.486615  ,8.000000  ,0.022197  ,0.024081  
33.880000 ,-27.077898,0.379997  ,7.486615  ,8.000000  ,0.022197  ,-0.019018 
33.900000 ,-26.927779,0.374029  ,7.536513  ,8.000000  ,0.017051  ,-0.004308 
33.900000 ,-26.927779,0.374029  ,7.536513  ,8.000000  ,0.017051  ,0.002187  
33.920000 ,-26.776736,0.368049  ,7.579143  ,8.000000  ,0.011902  ,0.029212  
33.920000 ,-26.776736,0.368049  ,7.579143  ,8.000000  ,0.011902  ,0.017441  
33.940000 ,-26.624844,0.362154  ,7.620927  ,8.000000  ,0.006867  ,0.010338  
33.940000 ,-26.624844,0.362154  ,7.620927  ,8.000000  ,0.006867  ,-0.035911 
33.960000 ,-26.472167,0.356435  ,7.657079  ,8.000000  ,0.002020  ,-0.004811 
33.960000 ,-26.472167,0.356435  ,7.657079  ,8.000000  ,0.002020  ,-0.062099 
33.980000 ,-26.318805,0.350977  ,7.688469  ,8.000000  ,0.002650  ,-0.034141 
33.980000 ,-26.318805,0.350977  ,7.688469  ,8.000000  ,0.002650  ,-0.024815 
34.000000 ,-26.164860,0.345856  ,7.714222  ,8.000000  ,0.007005  ,0.042554  
34.000000 ,-26.164860,0.345856  ,7.714222  ,8.000000  ,0.007005  ,-0.040884 
34.020000 ,-26.010339,0.341132  ,7.744704  ,8.000000  ,0.011027  ,0.121257  
34.020000 ,-26.010339,0.341132  ,7.744704  ,8.000000  ,0.011027  ,0.029193  
34.040000 ,-25.855150,0.336855  ,7.779662  ,8.000000  ,0.014685  ,-0.041168 
34.040000 ,-25.855150,0.336855  ,7.779662  ,8.000000  ,0.014685  ,0.059096  
34.060000 ,-25.699435,0.333070  ,7.796296  ,8.000000  ,0.017937  ,0.033264  
34.060000 ,-25.699435,0.333070  ,7.796296  ,8.000000  ,0.017937  ,-0.038834 
34.080000 ,-25.543320,0.329814  ,7.818296  ,8.000000  ,0.020826  ,-0.003186 
34.080000 ,-25.543320,0.329814  ,7.818296  ,8.000000  ,0.020826  ,0.012080  
34.100000 ,-25.386810,0.327118  ,7.834870  ,8.000000  ,0.023164  ,0.053180  
34.100000 ,-25.386810,0.327118  ,7.834870  ,8.000000  ,0.023164  ,0.002997  
34.120000 ,-25.229922,0.325004  ,7.855137  ,8.000000  ,0.024987  ,0.013067  
34.120000 ,-25.229922,0.325004  ,7.855137  ,8.000000  ,0.024987  ,-0.021258 
34.140000 ,-25.072678,0.323494  ,7.869799  ,8.000000  ,0.026270  ,-0.023353 
34.140000 ,-25.072678,0.323494  ,7.869799  ,8.000000  ,0.026270  ,0.006221  
34.160000 ,-24.915184,0.322606  ,7.879719  ,8.000000  ,0.027030  ,-0.071109 
34.160000 ,-24.915184,0.322606  ,7.879719  ,8.000000  ,0.027030  ,0.028281  
34.180000 ,-24.757544,0.322357  ,7.884284  ,8.000000  ,0.027169  ,-0.103503 
34.180000 ,-24.757544,0.322357  ,7.884284  ,8.000000  ,0.027169  ,0.013034  
34.200000 ,-24.599847,0.322760  ,7.885418  ,8.000000  ,0.026698  ,-0.011966 
34.200000 ,-24.599847,0.322760  ,7.885418  ,8.000000  ,0.026698  ,-0.022152 
34.220000 ,-24.442046,0.323832  ,7.894945  ,8.000000  ,0.025597  ,-0.016209 
34.220000 ,-24.442046,0.323832  ,7.894945  ,8.000000  ,0.025597  ,-0.005440 
34.240000 ,-24.284073,0.325561  ,7.903193  ,8.000000  ,0.023873  ,0.057433  
34.240000 ,-24.284073,0.325561  ,7.903193  ,8.000000  ,0.023873  ,-0.051396 
34.260000 ,-24.125879,0.327699  ,7.917512  ,8.000000  ,0.021789  ,0.018512  
34.260000 ,-24.125879,0.327699  ,7.917512  ,8.000000  ,0.021789  ,-0.009040 
34.280000 ,-23.967454,0.330195  ,7.926889  ,8.000000  ,0.019353  ,-0.043174 
34.280000 ,-23.967454,0.330195  ,7.926889  ,8.000000  ,0.019353  ,-0.011397 
34.300000 ,-23.808912,0.332974  ,7.929668  ,8.000000  ,0.016654  ,-0.004138 
34.300000 ,-23.808912,0.332974  ,7.929668  ,8.000000  ,0.016654  ,0.005130  
34.320000 ,-23.650284,0.335935  ,7.935814  ,8.000000  ,0.013786  ,0.016570  
34.320000 ,-23.650284,0.335935  ,7.935814  ,8.000000  ,0.013786  ,0.042419  
34.340000 ,-23.491521,0.338971  ,7.943311  ,8.000000  ,0.010857  ,-0.054573 
34.340000 ,-23.491521,0.338971  ,7.943311  ,8.000000  ,0.010857  ,-0.016478 
34.360000 ,-23.332681,0.341965  ,7.943508  ,8.000000  ,0.007978  ,0.006285  
34.360000 ,-23.332681,0.341965  ,7.943508  ,8.000000  ,0.007978  ,0.034296  
34.380000 ,-23.173777,0.344808  ,7.949336  ,8.000000  ,0.005250  ,0.021339  
34.380000 ,-23.173777,0.344808  ,7.949336  ,8.000000  ,0.005250  ,-0.012693 
34.400000 ,-23.014744,0.347398  ,7.956020  ,8.000000  ,0.002777  ,-0.006958 
34.400000 ,-23.014744,0.347398  ,7.956020  ,8.000000  ,0.002777  ,0.049602  
34.420000 ,-22.855605,0.349644  ,7.959457  ,8.000000  ,0.000647  ,-0.023430 
34.420000 ,-22.855605,0.349644  ,7.959457  ,8.000000  ,0.000647  ,0.057113  
34.440000 ,-22.696410,0.351463  ,7.961046  ,8.000000  ,0.001060  ,-0.028793 
34.440000 ,-22.696410,0.351463  ,7.961046  ,8.000000  ,0.001060  ,0.038807  
34.460000 ,-22.537185,0.352812  ,7.961990  ,8.000000  ,0.002311  ,-0.031589 
34.460000 ,-22.537185,0.352812  ,7.961990  ,8.000000  ,0.002311  ,-0.000302 
34.480000 ,-22.377943,0.353895  ,7.962586  ,8.000000  ,0.003299  ,-0.053008 
34.480000 ,-22.377943,0.353895  ,7.962586  ,8.000000  ,0.003299  ,0.028856  
34.500000 ,-22.218750,0.354724  ,7.957218  ,8.000000  ,0.004042  ,0.008959  
34.500000 ,-22.218750,0.354724  ,7.957218  ,8.000000  ,0.004042  ,-0.014206 
34.520000 ,-22.059558,0.355334  ,7.962022  ,8.000000  ,0.004576  ,0.078915  
34.520000 ,-22.059558,0.355334  ,7.962022  ,8.000000  ,0.004576  ,-0.041488 
34.540000 ,-21.900209,0.355797  ,7.972874  ,8.000000  ,0.004974  ,0.077726  
34.540000 ,-21.900209,0.355797  ,7.972874  ,8.000000  ,0.004974  ,-0.022131 
34.560000 ,-21.740653,0.356205  ,7.982608  ,8.000000  ,0.005341  ,-0.000856 
34.560000 ,-21.740653,0.356205  ,7.982608  ,8.000000  ,0.005341  ,0.056632  
34.580000 ,-21.580986,0.356658  ,7.984143  ,8.000000  ,0.005756  ,0.078899  
34.580000 ,-21.580986,0.356658  ,7.984143  ,8.000000  ,0.005756  ,0.004751  
34.600000 ,-21.421215,0.357234  ,7.992940  ,8.000000  ,0.006305  ,-0.020264 
34.600000 ,-21.421215,0.357234  ,7.992940  ,8.000000  ,0.006305  ,-0.001544 
34.620000 ,-21.261405,0.357764  ,7.988395  ,8.000000  ,0.006819  ,-0.041103 
34.620000 ,-21.261405,0.357764  ,7.988395  ,8.000000  ,0.006819  ,-0.073105 
34.640000 ,-21.101745,0.358272  ,7.978241  ,8.000000  ,0.007320  ,0.038844  
34.640000 ,-21.101745,0.358272  ,7.978241  ,8.000000  ,0.007320  ,0.046016  
34.660000 ,-20.942124,0.358762  ,7.983868  ,8.000000  ,0.007847  ,-0.002103 
34.660000 ,-20.942124,0.358762  ,7.983868  ,8.000000  ,0.007847  ,-0.002655 
34.680000 ,-20.782434,0.359201  ,7.985170  ,8.000000  ,0.008329  ,0.013555  
34.680000 ,-20.782434,0.359201  ,7.985170  ,8.000000  ,0.008329  ,-0.073914 
34.700000 ,-20.622704,0.359529  ,7.987805  ,8.000000  ,0.008728  ,0.018326  
34.700000 ,-20.622704,0.359529  ,7.987805  ,8.000000  ,0.008728  ,0.080137  
34.720000 ,-20.462920,0.359676  ,7.990639  ,8.000000  ,0.008979  ,-0.004122 
34.720000 ,-20.462920,0.359676  ,7.990639  ,8.000000  ,0.008979  ,0.008053  
34.740000 ,-20.303102,0.359566  ,7.991125  ,8.000000  ,0.009013  ,0.036643  
34.740000 ,-20.303102,0.359566  ,7.991125  ,8.000000  ,0.009013  ,0.025402  
34.760000 ,-20.143237,0.359125  ,7.995351  ,8.000000  ,0.008831  ,-0.047218 
34.760000 ,-20.143237,0.359125  ,7.995351  ,8.000000  ,0.008831  ,0.017989  
34.780000 ,-19.983487,0.358282  ,7.980698  ,8.000000  ,0.008257  ,-0.011437 
34.780000 ,-19.983487,0.358282  ,7.980698  ,8.000000  ,0.008257  ,0.018574  
34.800000 ,-19.823871,0.356997  ,7.981428  ,8.000000  ,0.007301  ,0.056710  
34.800000 ,-19.823871,0.356997  ,7.981428  ,8.000000  ,0.007301  ,-0.079439 
34.820000 ,-19.664179,0.355472  ,7.988417  ,8.000000  ,0.006168  ,0.045428  
34.820000 ,-19.664179,0.355472  ,7.988417  ,8.000000  ,0.006168  ,0.009605  
34.840000 ,-19.504366,0.353714  ,7.993710  ,8.000000  ,0.004871  ,0.009542  
34.840000 ,-19.504366,0.353714  ,7.993710  ,8.000000  ,0.004871  ,0.010418  
34.860000 ,-19.344489,0.351761  ,7.995180  ,8.000000  ,0.003553  ,-0.004234 
34.860000 ,-19.344489,0.351761  ,7.995180  ,8.000000  ,0.003553  ,0.022459  
34.880000 ,-19.184599,0.349686  ,7.995234  ,8.000000  ,0.002126  ,0.007486  
34.880000 ,-19.184599,0.349686  ,7.995234  ,8.000000  ,0.002126  ,-0.004922 
34.900000 ,-19.024696,0.347577  ,7.996372  ,8.000000  ,0.000750  ,-0.061687 
34.900000 ,-19.024696,0.347577  ,7.996372  ,8.000000  ,0.000750  ,-0.059543 
34.920000 ,-18.864992,0.345538  ,7.976386  ,8.000000  ,0.000472  ,0.027073  
34.920000 ,-18.864992,0.345538  ,7.976386  ,8.000000  ,0.000472  ,-0.058509 
34.940000 ,-18.705428,0.343665  ,7.981092  ,8.000000  ,0.001354  ,0.015377  
34.940000 ,-18.705428,0.343665  ,7.981092  ,8.000000  ,0.001354  ,0.028493  
34.960000 ,-18.545782,0.342050  ,7.984275  ,8.000000  ,0.001930  ,0.040991  
34.960000 ,-18.545782,0.342050  ,7.984275  ,8.000000  ,0.001930  ,-0.046848 
34.980000 ,-18.386048,0.340755  ,7.989540  ,8.000000  ,0.002087  ,0.051622  
34.980000 ,-18.386048,0.340755  ,7.989540  ,8.000000  ,0.002087  ,-0.033976 
35.000000 ,-18.226203,0.339596  ,7.995304  ,8.000000  ,0.002007  ,-0.030090 
35.000000 ,-18.226203,0.339596  ,7.995304  ,8.000000  ,0.002007  ,0.087237  
35.020000 ,-18.066393,0.338577  ,7.986563  ,8.000000  ,0.001685  ,0.032237  
35.020000 ,-18.066393,0.338577  ,7.986563  ,8.000000  ,0.001685  ,0.036696  
35.040000 ,-17.906621,0.337678  ,7.990803  ,8.000000  ,0.001045  ,-0.089612 
35.040000 ,-17.906621,0.337678  ,7.990803  ,8.000000  ,0.001045  ,-0.033627 
35.060000 ,-17.747098,0.336844  ,7.963122  ,8.000000  ,0.000291  ,-0.029516 
35.060000 ,-17.747098,0.336844  ,7.963122  ,8.000000  ,0.000291  ,-0.017007 
35.080000 ,-17.587831,0.335996  ,7.963806  ,8.000000  ,0.000555  ,-0.034777 
35.080000 ,-17.587831,0.335996  ,7.963806  ,8.000000  ,0.000555  ,-0.008346 
35.100000 ,-17.428557,0.335050  ,7.963937  ,8.000000  ,0.001411  ,0.022809  
35.100000 ,-17.428557,0.335050  ,7.963937  ,8.000000  ,0.001411  ,0.029573  
35.120000 ,-17.269227,0.333915  ,7.969403  ,8.000000  ,0.002189  ,0.041020  
35.120000 ,-17.269227,0.333915  ,7.969403  ,8.000000  ,0.002189  ,0.065213  
35.140000 ,-17.109778,0.332504  ,7.976052  ,8.000000  ,0.002900  ,-0.039228 
35.140000 ,-17.109778,0.332504  ,7.976052  ,8.000000  ,0.002900  ,-0.048464 
35.160000 ,-16.950322,0.330735  ,7.970792  ,8.000000  ,0.003304  ,-0.021561 
35.160000 ,-16.950322,0.330735  ,7.970792  ,8.000000  ,0.003304  ,0.017242  
35.180000 ,-16.790914,0.328560  ,7.971502  ,8.000000  ,0.003412  ,0.015378  
35.180000 ,-16.790914,0.328560  ,7.971502  ,8.000000  ,0.003412  ,0.004839  
35.200000 ,-16.631460,0.326177  ,7.975575  ,8.000000  ,0.003424  ,0.009902  
35.200000 ,-16.631460,0.326177  ,7.975575  ,8.000000  ,0.003424  ,0.050987  
35.220000 ,-16.471937,0.323589  ,7.978762  ,8.000000  ,0.003341  ,-0.009471 
35.220000 ,-16.471937,0.323589  ,7.978762  ,8.000000  ,0.003341  ,0.014653  
35.240000 ,-16.312375,0.320827  ,7.979855  ,8.000000  ,0.003290  ,0.003929  
35.240000 ,-16.312375,0.320827  ,7.979855  ,8.000000  ,0.003290  ,0.029450  
35.260000 ,-16.152781,0.317958  ,7.982090  ,8.000000  ,0.003179  ,-0.036474 
35.260000 ,-16.152781,0.317958  ,7.982090  ,8.000000  ,0.003179  ,-0.108340 
35.280000 ,-15.993233,0.315069  ,7.975700  ,8.000000  ,0.003153  ,-0.013354 
35.280000 ,-15.993233,0.315069  ,7.975700  ,8.000000  ,0.003153  ,0.007011  
35.300000 ,-15.833733,0.312256  ,7.976716  ,8.000000  ,0.003306  ,0.058311  
35.300000 ,-15.833733,0.312256  ,7.976716  ,8.000000  ,0.003306  ,0.122795  
35.320000 ,-15.674145,0.309586  ,7.984291  ,8.000000  ,0.003705  ,0.041447  
35.320000 ,-15.674145,0.309586  ,7.984291  ,8.000000  ,0.003705  ,-0.020425 
35.340000 ,-15.514428,0.306887  ,7.989597  ,8.000000  ,0.004264  ,0.050584  
35.340000 ,-15.514428,0.306887  ,7.989597  ,8.000000  ,0.004264  ,0.057845  
35.360000 ,-15.354602,0.304184  ,7.995259  ,8.000000  ,0.004861  ,-0.044937 
35.360000 ,-15.354602,0.304184  ,7.995259  ,8.000000  ,0.004861  ,0.038023  
35.380000 ,-15.194865,0.301474  ,7.981423  ,8.000000  ,0.005543  ,0.012359  
35.380000 ,-15.194865,0.301474  ,7.981423  ,8.000000  ,0.005543  ,-0.019456 
35.400000 ,-15.035231,0.298720  ,7.984295  ,8.000000  ,0.006268  ,0.037227  
35.400000 ,-15.035231,0.298720  ,7.984295  ,8.000000  ,0.006268  ,0.027695  
35.420000 ,-14.875521,0.295860  ,7.989209  ,8.000000  ,0.006975  ,0.006854  
35.420000 ,-14.875521,0.295860  ,7.989209  ,8.000000  ,0.006975  ,-0.003196 
35.440000 ,-14.715749,0.292822  ,7.990847  ,8.000000  ,0.007656  ,-0.046639 
35.440000 ,-14.715749,0.292822  ,7.990847  ,8.000000  ,0.007656  ,0.029203  
35.460000 ,-14.556102,0.289532  ,7.977944  ,8.000000  ,0.008112  ,-0.043279 
35.460000 ,-14.556102,0.289532  ,7.977944  ,8.000000  ,0.008112  ,0.047744  
35.480000 ,-14.396661,0.285915  ,7.970638  ,8.000000  ,0.008309  ,-0.009171 
35.480000 ,-14.396661,0.285915  ,7.970638  ,8.000000  ,0.008309  ,0.016178  
35.500000 ,-14.237280,0.281895  ,7.972513  ,8.000000  ,0.008168  ,0.032394  
35.500000 ,-14.237280,0.281895  ,7.972513  ,8.000000  ,0.008168  ,-0.050678 
35.520000 ,-14.077836,0.277426  ,7.978072  ,8.000000  ,0.007645  ,-0.047462 
35.520000 ,-14.077836,0.277426  ,7.978072  ,8.000000  ,0.007645  ,0.035807  
35.540000 ,-13.918437,0.272721  ,7.969283  ,8.000000  ,0.006991  ,0.042610  
35.540000 ,-13.918437,0.272721  ,7.969283  ,8.000000  ,0.006991  ,0.006213  
35.560000 ,-13.759059,0.267786  ,7.976090  ,8.000000  ,0.006128  ,0.026688  
35.560000 ,-13.759059,0.267786  ,7.976090  ,8.000000  ,0.006128  ,0.058588  
35.580000 ,-13.599572,0.262651  ,7.980788  ,8.000000  ,0.000000  ,-0.008369 
35.580000 ,-13.599572,0.262651  ,7.980788  ,8.000000  ,0.000000  ,-0.009596 
35.600000 ,-13.440033,0.257390  ,7.981795  ,8.000000  ,0.004025  ,0.066590  
35.600000 ,-13.440033,0.257390  ,7.981795  ,8.000000  ,0.004025  ,0.001802  
35.620000 ,-13.280405,0.252090  ,7.989667  ,8.000000  ,0.002942  ,-0.089823 
35.620000 ,-13.280405,0.252090  ,7.989667  ,8.000000  ,0.002942  ,-0.031979 
35.640000 ,-13.120985,0.246862  ,7.962304  ,8.000000  ,0.001991  ,-0.014596 
35.640000 ,-13.120985,0.246862  ,7.962304  ,8.000000  ,0.001991  ,-0.004546 
35.660000 ,-12.961798,0.241806  ,7.964449  ,8.000000  ,0.001217  ,0.068588  
35.660000 ,-12.961798,0.241806  ,7.964449  ,8.000000  ,0.001217  ,0.016683  
35.680000 ,-12.802483,0.237004  ,7.974117  ,8.000000  ,0.000000  ,-0.014068 
35.680000 ,-12.802483,0.237004  ,7.974117  ,8.000000  ,0.000000  ,-0.029883 
35.700000 ,-12.643053,0.232520  ,7.975214  ,8.000000  ,0.000590  ,0.037717  
35.700000 ,-12.643053,0.232520  ,7.975214  ,8.000000  ,0.000590  ,-0.031794 
35.720000 ,-12.483549,0.228167  ,7.981017  ,8.000000  ,0.000606  ,-0.066343 
35.720000 ,-12.483549,0.228167  ,7.981017  ,8.000000  ,0.000606  ,0.041709  
35.740000 ,-12.324156,0.223956  ,7.964715  ,8.000000  ,0.000791  ,0.008136  
35.740000 ,-12.324156,0.223956  ,7.964715  ,8.000000  ,0.000791  ,-0.003144 
35.760000 ,-12.164874,0.219866  ,7.968746  ,8.000000  ,0.001099  ,0.006247  
35.760000 ,-12.164874,0.219866  ,7.968746  ,8.000000  ,0.001099  ,0.030389  
35.780000 ,-12.005514,0.215841  ,7.972227  ,8.000000  ,0.000000  ,-0.008339 
35.780000 ,-12.005514,0.215841  ,7.972227  ,8.000000  ,0.000000  ,-0.008451 
35.800000 ,-11.846103,0.211803  ,7.974032  ,8.000000  ,0.001869  ,0.107535  
35.800000 ,-11.846103,0.211803  ,7.974032  ,8.000000  ,0.001869  ,0.083762  
35.820000 ,-11.686550,0.207663  ,7.986426  ,8.000000  ,0.002159  ,-0.007654 
35.820000 ,-11.686550,0.207663  ,7.986426  ,8.000000  ,0.002159  ,0.016095  
35.840000 ,-11.526875,0.203332  ,7.986975  ,8.000000  ,0.002260  ,-0.064696 
35.840000 ,-11.526875,0.203332  ,7.986975  ,8.000000  ,0.002260  ,0.066377  
35.860000 ,-11.367389,0.198729  ,7.969189  ,8.000000  ,0.002082  ,0.024127  
35.860000 ,-11.367389,0.198729  ,7.969189  ,8.000000  ,0.002082  ,-0.025571 
35.880000 ,-11.208030,0.193795  ,7.974289  ,8.000000  ,0.000000  ,-0.014210 
35.880000 ,-11.208030,0.193795  ,7.974289  ,8.000000  ,0.000000  ,-0.117357 
35.900000 ,-11.048615,0.188714  ,7.975357  ,8.000000  ,0.000896  ,-0.001553 
35.900000 ,-11.048615,0.188714  ,7.975357  ,8.000000  ,0.000896  ,0.018477  
35.920000 ,-10.889172,0.183481  ,7.977501  ,8.000000  ,0.000065  ,0.070314  
35.920000 ,-10.889172,0.183481  ,7.977501  ,8.000000  ,0.000065  ,0.028697  
35.940000 ,-10.729625,0.178114  ,7.986117  ,8.000000  ,0.000928  ,0.011541  
35.940000 ,-10.729625,0.178114  ,7.986117  ,8.000000  ,0.000928  ,-0.056083 
35.960000 ,-10.569971,0.172673  ,7.988478  ,8.000000  ,0.001998  ,-0.058445 
35.960000 ,-10.569971,0.172673  ,7.988478  ,8.000000  ,0.001998  ,0.025894  
35.980000 ,-10.410464,0.167246  ,7.972326  ,8.000000  ,0.000000  ,-0.025554 
35.980000 ,-10.410464,0.167246  ,7.972326  ,8.000000  ,0.000000  ,0.021092  
36.000000 ,-10.251104,0.161924  ,7.972523  ,8.000000  ,0.004076  ,0.074100  
36.000000 ,-10.251104,0.161924  ,7.972523  ,8.000000  ,0.004076  ,0.043744  
36.020000 ,-10.091641,0.156788  ,7.981953  ,8.000000  ,0.004910  ,0.078135  
36.020000 ,-10.091641,0.156788  ,7.981953  ,8.000000  ,0.004910  ,-0.008698 
36.040000 ,-9.931986 ,0.151923  ,7.990883  ,8.000000  ,0.005524  ,-0.004233 
36.040000 ,-9.931986 ,0.151923  ,7.990883  ,8.000000  ,0.005524  ,0.009980  
36.060000 ,-9.772227 ,0.147415  ,7.991336  ,8.000000  ,0.005789  ,0.030248  
36.060000 ,-9.772227 ,0.147415  ,7.991336  ,8.000000  ,0.005789  ,-0.013958 
36.080000 ,-9.612416 ,0.143312  ,7.994948  ,8.000000  ,0.000000  ,-0.042871 
36.080000 ,-9.612416 ,0.143312  ,7.994948  ,8.000000  ,0.000000  ,0.021093  
36.100000 ,-9.452702 ,0.139415  ,7.981930  ,8.000000  ,0.005397  ,0.012851  
36.100000 ,-9.452702 ,0.139415  ,7.981930  ,8.000000  ,0.005397  ,0.059954  
36.120000 ,-9.293077 ,0.135721  ,7.984801  ,8.000000  ,0.004949  ,0.003391  
36.120000 ,-9.293077 ,0.135721  ,7.984801  ,8.000000  ,0.004949  ,0.017486  
36.140000 ,-9.133402 ,0.132201  ,7.986527  ,8.000000  ,0.004406  ,0.054073  
36.140000 ,-9.133402 ,0.132201  ,7.986527  ,8.000000  ,0.004406  ,0.095556  
36.160000 ,-8.973645 ,0.128788  ,7.992798  ,8.000000  ,0.003765  ,-0.072927 
36.160000 ,-8.973645 ,0.128788  ,7.992798  ,8.000000  ,0.003765  ,-0.001542 
36.180000 ,-8.814063 ,0.125400  ,7.970173  ,8.000000  ,0.000000  ,0.052892  
36.180000 ,-8.814063 ,0.125400  ,7.970173  ,8.000000  ,0.000000  ,0.012645  
36.200000 ,-8.654619 ,0.121942  ,7.977853  ,8.000000  ,0.002639  ,-0.010424 
36.200000 ,-8.654619 ,0.121942  ,7.977853  ,8.000000  ,0.002639  ,-0.036672 
36.220000 ,-8.495092 ,0.118315  ,7.978941  ,8.000000  ,0.002346  ,0.021480  
36.220000 ,-8.495092 ,0.118315  ,7.978941  ,8.000000  ,0.002346  ,0.105289  
36.240000 ,-8.335520 ,0.114451  ,7.982891  ,8.000000  ,0.002384  ,0.047200  
36.240000 ,-8.335520 ,0.114451  ,7.982891  ,8.000000  ,0.002384  ,0.018090  
36.260000 ,-8.175850 ,0.110528  ,7.988861  ,8.000000  ,0.002493  ,0.009430  
36.260000 ,-8.175850 ,0.110528  ,7.988861  ,8.000000  ,0.002493  ,0.032195  
36.280000 ,-8.016104 ,0.106529  ,7.990771  ,8.000000  ,0.000000  ,-0.028409 
36.280000 ,-8.016104 ,0.106529  ,7.990771  ,8.000000  ,0.000000  ,0.045876  
36.300000 ,-7.856409 ,0.102472  ,7.984168  ,8.000000  ,0.003066  ,-0.025707 
36.300000 ,-7.856409 ,0.102472  ,7.984168  ,8.000000  ,0.003066  ,0.096037  
36.320000 ,-7.696814 ,0.098407  ,7.980769  ,8.000000  ,0.003469  ,-0.076698 
36.320000 ,-7.696814 ,0.098407  ,7.980769  ,8.000000  ,0.003469  ,0.003642  
36.340000 ,-7.537457 ,0.094406  ,7.960988  ,8.000000  ,0.003923  ,-0.006159 
36.340000 ,-7.537457 ,0.094406  ,7.960988  ,8.000000  ,0.003923  ,0.061141  
36.360000 ,-7.378253 ,0.090546  ,7.964038  ,8.000000  ,0.004254  ,-0.038820 
36.360000 ,-7.378253 ,0.090546  ,7.964038  ,8.000000  ,0.004254  ,-0.053497 
36.380000 ,-7.219024 ,0.086907  ,7.963054  ,8.000000  ,0.000000  ,0.013299  
36.380000 ,-7.219024 ,0.086907  ,7.963054  ,8.000000  ,0.000000  ,-0.007260 
36.400000 ,-7.059751 ,0.083570  ,7.967719  ,8.000000  ,0.004334  ,0.012587  
36.400000 ,-7.059751 ,0.083570  ,7.967719  ,8.000000  ,0.004334  ,-0.003568 
36.420000 ,-6.900382 ,0.080586  ,7.971884  ,8.000000  ,0.003952  ,0.029444  
36.420000 ,-6.900382 ,0.080586  ,7.971884  ,8.000000  ,0.003952  ,0.025041  
36.440000 ,-6.740915 ,0.077760  ,7.977228  ,8.000000  ,0.003530  ,-0.009774 
36.440000 ,-6.740915 ,0.077760  ,7.977228  ,8.000000  ,0.003530  ,0.078338  
36.460000 ,-6.581381 ,0.075093  ,7.978435  ,8.000000  ,0.002962  ,0.066863  
36.460000 ,-6.581381 ,0.075093  ,7.978435  ,8.000000  ,0.002962  ,0.046607  
36.480000 ,-6.421749 ,0.072558  ,7.986644  ,8.000000  ,0.002317  ,0.023323  
36.480000 ,-6.421749 ,0.072558  ,7.986644  ,8.000000  ,0.002317  ,-0.065652 
36.500000 ,-6.262001 ,0.070095  ,7.990050  ,8.000000  ,0.001658  ,0.028130  
36.500000 ,-6.262001 ,0.070095  ,7.990050  ,8.000000  ,0.001658  ,-0.034570 
36.520000 ,-6.102183 ,0.067622  ,7.993585  ,8.000000  ,0.001068  ,-0.042355 
36.520000 ,-6.102183 ,0.067622  ,7.993585  ,8.000000  ,0.001068  ,-0.083473 
36.540000 ,-5.942463 ,0.065050  ,7.981214  ,8.000000  ,0.000704  ,-0.069322 
36.540000 ,-5.942463 ,0.065050  ,7.981214  ,8.000000  ,0.000704  ,0.002283  
36.560000 ,-5.783045 ,0.062290  ,7.963818  ,8.000000  ,0.000547  ,0.044126  
36.560000 ,-5.783045 ,0.062290  ,7.963818  ,8.000000  ,0.000547  ,-0.042317 
36.580000 ,-5.623722 ,0.059274  ,7.971274  ,8.000000  ,0.000708  ,0.026193  
36.580000 ,-5.623722 ,0.059274  ,7.971274  ,8.000000  ,0.000708  ,-0.017336 
36.600000 ,-5.464275 ,0.056177  ,7.976372  ,8.000000  ,0.001008  ,0.079373  
36.600000 ,-5.464275 ,0.056177  ,7.976372  ,8.000000  ,0.001008  ,-0.019825 
36.620000 ,-5.304683 ,0.052985  ,7.985935  ,8.000000  ,0.001461  ,-0.014895 
36.620000 ,-5.304683 ,0.052985  ,7.985935  ,8.000000  ,0.001461  ,-0.030527 
36.640000 ,-5.145000 ,0.049714  ,7.985649  ,8.000000  ,0.002118  ,-0.042433 
36.640000 ,-5.145000 ,0.049714  ,7.985649  ,8.000000  ,0.002118  ,0.001438  
36.660000 ,-4.985423 ,0.046421  ,7.975983  ,8.000000  ,0.002812  ,-0.015880 
36.660000 ,-4.985423 ,0.046421  ,7.975983  ,8.000000  ,0.002812  ,-0.050504 
36.680000 ,-4.825929 ,0.043177  ,7.976738  ,8.000000  ,0.003518  ,0.045451  
36.680000 ,-4.825929 ,0.043177  ,7.976738  ,8.000000  ,0.003518  ,-0.032430 
36.700000 ,-4.666360 ,0.040059  ,7.983117  ,8.000000  ,0.004156  ,0.000454  
36.700000 ,-4.666360 ,0.040059  ,7.983117  ,8.000000  ,0.004156  ,-0.076856 
36.720000 ,-4.506708 ,0.037153  ,7.984727  ,8.000000  ,0.004640  ,0.008175  
36.720000 ,-4.506708 ,0.037153  ,7.984727  ,8.000000  ,0.004640  ,0.017998  
36.740000 ,-4.347013 ,0.034542  ,7.986904  ,8.000000  ,0.004952  ,0.056237  
36.740000 ,-4.347013 ,0.034542  ,7.986904  ,8.000000  ,0.004952  ,-0.059530 
36.760000 ,-4.187225 ,0.032305  ,7.993341  ,8.000000  ,0.004901  ,-0.015207 
36.760000 ,-4.187225 ,0.032305  ,7.993341  ,8.000000  ,0.004901  ,0.078190  
36.780000 ,-4.027400 ,0.030486  ,7.990398  ,8.000000  ,0.004489  ,0.053511  
36.780000 ,-4.027400 ,0.030486  ,7.990398  ,8.000000  ,0.004489  ,-0.015960 
36.800000 ,-3.867540 ,0.028883  ,7.996258  ,8.000000  ,0.003916  ,-0.015622 
36.800000 ,-3.867540 ,0.028883  ,7.996258  ,8.000000  ,0.003916  ,-0.010568 
36.820000 ,-3.707664 ,0.027491  ,7.992168  ,8.000000  ,0.003189  ,-0.016156 
36.820000 ,-3.707664 ,0.027491  ,7.992168  ,8.000000  ,0.003189  ,0.004421  
36.840000 ,-3.547856 ,0.026276  ,7.989303  ,8.000000  ,0.002401  ,-0.062442 
36.840000 ,-3.547856 ,0.026276  ,7.989303  ,8.000000  ,0.002401  ,0.032924  
36.860000 ,-3.388261 ,0.025171  ,7.971491  ,8.000000  ,0.001516  ,-0.083816 
36.860000 ,-3.388261 ,0.025171  ,7.971491  ,8.000000  ,0.001516  ,0.043758  
36.880000 ,-3.229035 ,0.024091  ,7.952453  ,8.000000  ,0.000664  ,-0.033237 
36.880000 ,-3.229035 ,0.024091  ,7.952453  ,8.000000  ,0.000664  ,0.011241  
36.900000 ,-3.069977 ,0.022942  ,7.953782  ,8.000000  ,0.000067  ,0.007339  
36.900000 ,-3.069977 ,0.022942  ,7.953782  ,8.000000  ,0.000067  ,0.056757  
36.920000 ,-2.910856 ,0.021627  ,7.958754  ,8.000000  ,0.000582  ,0.055965  
36.920000 ,-2.910856 ,0.021627  ,7.958754  ,8.000000  ,0.000582  ,0.014411  
36.940000 ,-2.751598 ,0.020052  ,7.967779  ,8.000000  ,0.000737  ,-0.001672 
36.940000 ,-2.751598 ,0.020052  ,7.967779  ,8.000000  ,0.000737  ,0.083612  
36.960000 ,-2.592225 ,0.018159  ,7.970615  ,8.000000  ,0.000567  ,-0.054848 
36.960000 ,-2.592225 ,0.018159  ,7.970615  ,8.000000  ,0.000567  ,0.098642  
36.980000 ,-2.432917 ,0.016141  ,7.961850  ,8.000000  ,0.000224  ,-0.022558 
36.980000 ,-2.432917 ,0.016141  ,7.961850  ,8.000000  ,0.000224  ,-0.016376 
37.000000 ,-2.273680 ,0.013988  ,7.963298  ,8.000000  ,0.000300  ,0.017896  
37.000000 ,-2.273680 ,0.013988  ,7.963298  ,8.000000  ,0.000300  ,-0.054388 
37.020000 ,-2.114379 ,0.011717  ,7.968366  ,8.000000  ,0.001012  ,-0.017919 
37.020000 ,-2.114379 ,0.011717  ,7.968366  ,8.000000  ,0.001012  ,0.029376  
37.040000 ,-1.955016 ,0.009383  ,7.969640  ,8.000000  ,0.001807  ,0.016573  
37.040000 ,-1.955016 ,0.009383  ,7.969640  ,8.000000  ,0.001807  ,-0.012130 
37.060000 ,-1.795596 ,0.007066  ,7.973997  ,8.000000  ,0.002632  ,-0.014234 
37.060000 ,-1.795596 ,0.007066  ,7.973997  ,8.000000  ,0.002632  ,0.006935  
37.080000 ,-1.636121 ,0.004851  ,7.975089  ,8.000000  ,0.003408  ,-0.005272 
37.080000 ,-1.636121 ,0.004851  ,7.975089  ,8.000000  ,0.003408  ,-0.048931 
37.100000 ,-1.476613 ,0.002830  ,7.976913  ,8.000000  ,0.003890  ,0.003931  
37.100000 ,-1.476613 ,0.002830  ,7.976913  ,8.000000  ,0.003890  ,-0.056179 
37.120000 ,-1.317059 ,0.001090  ,7.979421  ,8.000000  ,0.004327  ,-0.056029 
37.120000 ,-1.317059 ,0.001090  ,7.979421  ,8.000000  ,0.004327  ,-0.058695 
37.140000 ,-1.157605 ,-0.000287 ,7.967218  ,8.000000  ,0.004459  ,0.003806  
37.140000 ,-1.157605 ,-0.000287 ,7.967218  ,8.000000  ,0.004459  ,0.044098  
37.160000 ,-0.998229 ,-0.001250 ,7.970615  ,8.000000  ,0.004202  ,-0.023251 
37.160000 ,-0.998229 ,-0.001250 ,7.970615  ,8.000000  ,0.004202  ,0.035388  
37.180000 ,-0.838814 ,-0.002159 ,7.971185  ,8.000000  ,0.002712  ,0.017867  
37.180000 ,-0.838814 ,-0.002159 ,7.971185  ,8.000000  ,0.002712  ,0.018220  
37.200000 ,-0.679349 ,-0.003184 ,7.975518  ,8.000000  ,0.002267  ,0.000236  
37.200000 ,-0.679349 ,-0.003184 ,7.975518  ,8.000000  ,0.002267  ,0.021682  
37.220000 ,-0.519821 ,-0.004416 ,7.977813  ,8.000000  ,0.005389  ,0.044959  
37.220000 ,-0.519821 ,-0.004416 ,7.977813  ,8.000000  ,0.005389  ,-0.051879 
37.240000 ,-0.360208 ,-0.005861 ,7.984047  ,8.000000  ,0.003937  ,0.005321  
37.240000 ,-0.360208 ,-0.005861 ,7.984047  ,8.000000  ,0.003937  ,0.073105  
